	SAMPLE_100008_1	SAMPLE_100008_2	SAMPLE_100008_3	SAMPLE_100137_1	SAMPLE_100137_2	SAMPLE_100137_3	SAMPLE_100177_1	SAMPLE_100177_2	SAMPLE_100177_3	SAMPLE_100200_2	SAMPLE_100200_3	SAMPLE_100206_1	SAMPLE_100206_2	SAMPLE_100206_3	SAMPLE_100217_1	SAMPLE_100217_2	SAMPLE_100217_3	SAMPLE_100248_1	SAMPLE_100248_2	SAMPLE_100248_3	SAMPLE_100255_1	SAMPLE_100255_2	SAMPLE_100255_3	SAMPLE_100256_1	SAMPLE_100256_2	SAMPLE_100256_3	SAMPLE_100257_1	SAMPLE_100257_2	SAMPLE_100257_3	SAMPLE_100261_1	SAMPLE_100261_2	SAMPLE_100261_3	SAMPLE_100267_1	SAMPLE_100267_2	SAMPLE_100267_3	SAMPLE_100306_1	SAMPLE_100306_2	SAMPLE_100306_3	SAMPLE_100337_1	SAMPLE_100337_2	SAMPLE_100337_3	SAMPLE_NTC_1	SAMPLE_NTC_2	SAMPLE_NTC_3	SAMPLE_NTC_4	SAMPLE_NTC_5	SAMPLE_NTC_6	SAMPLE_NTC_7	SAMPLE_NTC_8	SAMPLE_water1_1	SAMPLE_water2_1	SAMPLE_water3_1	SAMPLE_water4_1	SAMPLE_water5_1	SAMPLE_water6_1
Gammaproteobacteria	169777.5	315568.0	1617910.5	105946.5	144552.0	1985388.5	820217.5	82480.0	1497481.5	181757.0	2131786.0	1806296.0	9535.5	722273.5	263369.0	256122.0	894973.0	821161.0	1683753.5	913235.5	526766.0	6501.5	1085648.5	551650.5	6624.5	1370058.0	586489.5	732646.5	2143384.5	426161.5	537124.0	8974950.5	126163.0	1235820.0	1058758.0	1328028.5	1044433.0	2035107.0	1578676.0	2484523.5	3073348.0	3121.0	3714.0	3851.5	3798.0	5456.5	4739.5	7337.0	6274.5	676519.5	1390555.0	4863.0	855432.0	690996.5	2981969.0
Actinomycetes	148783.5	609999.5	1198608.5	39792.0	116134.0	1510208.0	1114077.0	147876.5	1245735.0	223426.0	1413256.5	1722474.0	7938.0	548797.0	146038.5	131331.5	661922.0	466692.5	1549621.0	602782.5	371666.0	5042.5	758684.5	510978.5	5234.0	1231808.0	355871.0	441374.0	1776139.5	1167298.0	423086.0	906294.5	51512.0	1215556.0	697747.5	1130746.0	550482.5	1417975.0	1212473.5	2938537.0	2464992.5	3032.0	3425.0	3455.5	3246.0	4852.5	4338.0	5184.5	5348.0	763171.5	1203661.0	4258.0	1132323.5	540560.5	2459782.5
Alphaproteobacteria	92010.5	205421.5	1092357.5	37081.5	113112.0	1450623.5	464783.0	43381.5	795997.0	146656.5	1516366.5	653133.0	5370.0	762938.0	85252.0	90944.5	372826.5	757296.5	1049523.0	537206.0	328099.5	4803.0	612794.0	387842.5	4354.0	821310.5	240505.5	304949.0	1060919.0	354994.5	259244.5	1149861.5	104537.0	1025515.0	837922.0	1000796.0	602914.5	1322515.0	1049358.0	2075491.5	1788217.0	1874.5	2003.5	2803.0	2527.5	3821.5	3412.0	4197.0	4297.5	242866.0	960691.5	2593.0	742934.5	340241.5	1065062.0
Betaproteobacteria	77465.5	437789.0	914627.0	36080.5	479645.5	1435081.0	368000.5	39812.0	755632.0	145767.5	1670241.5	646847.5	8816.0	817686.5	71847.0	70571.5	377951.0	846481.0	944607.0	477357.5	362967.5	4659.0	580909.5	376609.0	4645.5	863802.0	245649.0	287727.0	976244.5	302153.5	261202.0	1939120.5	92148.5	771435.5	930058.0	1243070.5	588150.0	1331841.5	1117235.0	2016506.0	1802199.0	2896.5	3908.5	2914.0	2659.0	3952.0	3440.0	4534.5	4801.5	259160.5	968197.5	4674.0	349269.5	359107.5	6182084.5
Deltaproteobacteria	959.5	2706.0	13023.5	520.0	5126.5	25073.0	6011.0	334.0	10285.0	1928.5	23153.0	6332.5	66.5	13073.5	732.5	906.5	3537.5	13248.0	12711.0	7530.0	8316.0	70.0	7214.0	4781.0	44.5	9747.5	2542.0	3736.0	10774.5	3958.0	4109.0	18246.5	1294.5	11456.5	14208.0	14976.5	8323.5	20184.5	14964.0	27609.5	19385.0	13.5	27.0	42.5	49.0	31.5	47.5	52.5	68.5	2502.0	15702.5	35.0	2945.0	4925.5	7944.5
Mollicutes	402.5	1201.5	5171.5	188.5	994.5	8982.5	2743.0	219.0	4670.0	752.5	13227.0	3832.0	28.5	6866.5	343.5	412.0	1306.0	4321.5	4894.0	2304.5	1572.5	59.5	3560.5	1750.0	28.0	4380.5	970.5	1369.0	3301.0	1648.5	1376.5	7778.0	452.5	4476.5	5898.5	7571.5	2522.5	6042.0	4466.5	8891.0	7026.5	47.0	54.0	10.5	17.5	9.0	23.5	20.0	19.5	1172.5	5301.0	78.5	87569.0	1736.0	2399.0
Myxococcia	646.0	1970.0	6967.5	305.5	1927.0	16292.5	4735.0	418.5	7421.5	1340.0	22145.5	6174.5	44.0	6916.5	546.5	970.5	4007.5	6986.5	9145.0	3892.5	3979.5	50.5	4462.5	3339.5	63.0	7529.0	2262.5	3845.5	11495.0	2323.5	4200.5	9502.5	734.0	8490.5	6896.0	7964.0	4357.0	14781.0	9951.5	20160.5	15361.5	11.5	23.5	27.0	22.5	35.5	35.5	32.5	47.5	1977.5	8553.0	12.5	3109.0	3473.0	9521.5
Chloroflexia	146.5	331.5	1671.5	76.0	209.5	2258.5	1368.0	235.0	1260.5	230.5	2636.5	1321.0	9.0	1360.0	71.5	131.5	1998.5	1612.0	1903.0	719.5	501.0	11.5	963.0	555.0	5.0	1925.5	351.5	467.5	1627.0	606.0	527.0	1854.5	151.0	1929.0	1509.5	1840.0	1086.5	3519.5	1421.5	3570.5	2186.0	4.5	4.5	6.0	3.0	6.0	12.0	6.5	5.0	445.0	2042.0	5.0	713.0	801.5	1967.0
Thermodesulfobacteria	28.5	89.0	476.0	31.0	62.0	818.0	130.5	11.0	366.5	59.0	706.5	250.5	4.0	403.5	24.5	29.0	117.0	547.5	378.5	361.5	81.0	5.0	240.5	144.0	3.0	324.0	64.5	103.0	366.0	167.5	94.0	689.0	47.5	412.5	560.0	512.5	365.0	578.5	476.5	1004.5	712.5	0.0	0.0	0.0	3.0	1.0	1.0	2.0	3.0	41.5	616.0	1.5	121.5	211.0	205.5
Deferribacteres	114.5	203.5	1135.0	62.5	138.5	2088.5	603.0	30.0	793.5	193.0	1852.0	794.0	3.0	843.0	82.0	42.5	333.0	870.5	1066.5	530.5	315.5	8.0	497.0	508.0	1.0	803.5	202.5	319.5	897.0	446.0	339.5	1614.0	117.0	866.0	1034.0	1160.0	782.5	1752.5	1180.0	1815.0	1533.0	1.0	3.0	3.0	3.0	5.5	1.0	1.5	3.0	250.5	1233.0	0.0	250.0	418.0	668.0
Acidimicrobiia	397.0	1015.5	4570.5	204.5	478.0	6455.0	3710.5	278.5	5587.5	661.5	5362.5	3526.0	43.0	2886.0	311.5	479.5	1906.0	3198.0	6190.0	4506.5	1344.5	19.0	2722.5	2022.0	22.0	3960.5	1074.5	2192.0	5566.5	2010.5	1513.5	5296.5	308.5	4714.5	3145.0	3808.0	2117.0	7396.5	4471.5	10266.0	7635.0	7.5	8.0	12.0	14.0	16.5	15.0	23.5	18.5	1789.0	4939.0	16.5	1973.5	1986.5	6394.0
Rubrobacteria	335.0	358.0	2546.5	88.0	222.0	3503.0	1413.0	527.0	1997.5	246.5	2762.0	3131.0	17.0	1413.5	242.5	222.0	1393.5	1117.5	2733.0	1181.0	1086.5	8.0	1412.5	1264.5	13.0	1844.0	641.0	1157.0	2912.5	1124.0	856.5	2825.0	157.0	2811.5	2158.5	1487.0	1165.0	11391.0	5602.5	3442.5	3890.0	8.5	11.5	7.0	5.0	7.5	4.5	8.5	14.5	996.5	2519.5	9.0	2362.0	1975.5	8690.5
Coriobacteriia	472.0	992.5	4520.5	174.5	435.5	12028.0	4823.5	609.0	2948.0	454.5	4737.5	35095.0	28.0	2651.5	487.0	612.5	1512.5	2678.0	3300.5	1534.0	1138.5	26.0	2220.0	1641.0	10.5	3157.5	892.5	988.0	2894.5	1614.5	5349.0	36037.5	400.5	3650.0	2958.5	26115.5	2044.0	6785.5	4953.0	7448.5	10480.0	11.5	12.0	7.5	15.5	15.5	20.0	24.5	15.5	1443.0	3545.5	19.5	10563.5	3137.5	5811.0
Bacilli	44568.5	297471.0	345256.0	23628.5	54776.0	630222.5	287539.0	86947.5	403932.5	65860.0	580138.5	514609.5	2928.0	324364.0	86625.5	62466.0	425224.5	178931.5	474107.0	206549.0	149093.0	2663.5	344591.5	196058.5	2167.5	786965.0	142491.0	159047.5	578008.5	212339.0	171340.0	1758439.0	22814.0	366809.5	444586.0	387153.0	235190.0	539277.5	479466.0	787315.5	1023738.5	1765.0	1807.5	1222.5	1130.5	1758.0	1674.5	2016.0	1979.5	433520.5	337093.5	2370.0	1871354.5	178564.5	619172.0
Flavobacteriia	9551.5	51107.0	96557.5	4162.0	15125.0	168926.5	42508.5	6784.0	81786.0	14099.0	175094.5	77520.5	593.5	74564.5	14863.5	14733.0	38649.0	78854.5	201638.5	59005.5	31211.5	531.5	88359.0	41755.0	637.5	281322.5	26895.5	34668.5	124116.5	30251.0	35447.5	110318.5	7952.5	84992.0	79041.0	96802.5	53915.0	176107.5	109871.0	207617.5	207239.5	149.0	187.5	284.5	273.5	403.5	364.5	445.0	441.5	28454.5	93885.0	257.0	72738.5	38859.0	72134.5
Sphingobacteriia	2285.0	4227.5	24416.0	841.5	3315.5	31336.5	12074.0	794.0	15670.0	3077.5	35543.0	16100.0	144.0	19665.5	3521.0	2636.5	9666.0	16783.5	30530.5	10841.5	8854.0	130.5	11131.5	9307.5	119.0	21644.0	6503.0	7646.0	30646.0	6754.0	5095.5	22819.0	1802.0	27321.0	20214.0	21361.5	11283.0	29503.5	26250.5	40780.5	34095.5	44.5	42.5	54.0	48.0	63.0	59.5	84.5	84.0	5680.0	20724.5	60.0	26098.5	6370.0	9881.5
Chrysiogenia	17.0	37.0	202.0	11.5	32.0	339.5	110.0	3.5	162.5	43.0	308.0	150.0	1.0	203.5	6.0	15.0	44.0	175.0	231.5	128.5	99.5	1.0	146.0	68.0	0.0	165.0	80.5	42.0	97.5	39.0	105.5	278.5	28.0	143.5	227.5	282.5	92.0	254.5	199.0	242.0	374.0	0.0	0.0	1.0	0.0	2.0	0.0	0.0	0.0	81.5	237.0	1.0	212.0	44.0	67.0
Spartobacteria	86.5	182.0	654.5	26.5	143.5	1200.0	466.0	21.5	506.0	136.0	1355.5	565.0	5.0	653.5	85.5	75.0	425.5	689.0	751.0	441.5	228.0	5.0	874.5	445.5	2.0	744.0	357.0	344.0	690.5	386.0	255.0	927.0	89.5	690.0	758.0	807.0	400.5	1147.0	1056.0	2172.0	1496.0	0.0	1.0	3.0	3.5	2.0	3.0	3.0	4.5	358.0	1142.5	2.5	171.5	230.0	376.5
Clostridia	14835.5	38330.5	175992.0	10242.0	18339.5	316293.5	144251.5	22253.0	145157.5	28353.0	278557.0	536787.0	1507.5	86721.5	13908.0	28522.0	212251.5	109977.5	257743.5	127730.5	61919.5	902.0	163942.0	67860.0	1085.5	267161.5	43435.0	59872.0	407097.0	83201.5	59407.5	2793398.0	12364.5	148874.5	133758.0	629052.0	171316.0	247574.5	161659.5	296183.5	584451.5	566.5	582.5	560.5	568.0	889.0	760.5	1515.0	1019.5	221583.5	178760.0	758.0	156447.5	180609.5	296615.0
Aquificia	296.0	159.0	873.0	35.5	140.5	1367.5	324.0	32.0	556.5	106.0	1451.0	534.5	5.0	891.0	39.5	52.5	259.5	808.0	993.5	307.5	238.5	5.5	404.0	246.0	3.0	455.0	163.5	201.5	633.0	325.0	292.0	1232.0	115.0	790.0	1028.5	899.5	491.0	991.0	850.0	1462.0	1052.0	1.0	1.0	5.0	4.0	2.0	1.0	4.5	3.5	177.5	1049.5	2.0	98.0	284.5	389.5
Thermotogae	119.5	382.5	1792.5	82.5	192.5	3868.0	918.5	162.0	1074.5	274.0	3286.0	911.5	7.0	2104.5	209.0	102.5	449.5	1970.0	1771.5	783.0	570.5	8.5	882.5	632.5	6.0	1287.5	275.5	279.0	1240.5	584.0	496.5	2607.0	277.5	1718.0	2151.0	2262.0	1132.5	2604.5	1758.5	3452.5	1972.5	1.0	3.0	3.0	5.5	9.0	7.0	5.5	6.0	398.0	2191.5	4.0	413.0	745.0	830.0
Deinococci	25578.5	7389.5	27942.5	1326.0	3565.5	54078.0	12164.0	1726.0	40993.5	3903.0	59900.5	22763.0	186.5	30811.0	1928.0	12258.5	20645.0	27242.0	48161.0	18808.0	32707.0	182.0	23736.0	21001.0	193.0	36480.0	9419.5	10348.0	57921.5	16992.0	16096.5	38587.5	2330.5	30269.0	23105.5	42436.5	21197.0	51477.0	36871.0	86277.5	50474.0	81.5	77.0	87.0	85.5	141.0	114.5	155.0	139.0	37458.5	42224.0	92.0	16536.5	11584.5	40646.0
Thermomicrobia	221.0	388.5	1622.5	55.5	108.5	2088.5	1307.5	76.5	960.5	172.5	1587.5	1170.0	7.5	854.0	113.0	95.5	732.5	859.5	2468.0	808.0	733.0	6.5	939.5	668.0	7.0	1385.0	479.5	523.5	1709.5	638.0	454.5	1598.5	82.5	1078.0	840.5	1131.5	702.0	1851.5	1483.0	3863.5	2931.5	4.5	1.5	3.0	2.5	4.0	4.5	3.5	10.0	811.0	1337.0	7.5	766.5	785.0	3465.5
Chlorobiia	156.5	409.0	2207.5	110.0	855.5	4069.5	735.0	44.0	1765.5	363.0	3556.5	1172.5	11.5	1975.5	117.0	133.0	488.0	2015.5	1723.0	1055.0	805.5	10.5	1177.0	692.0	7.0	1805.5	347.0	567.5	1446.5	774.5	647.0	2726.5	264.0	1617.0	2184.0	2316.0	1376.0	2952.5	1984.0	3667.0	2135.0	4.5	6.0	5.0	8.0	6.0	9.5	5.5	8.5	588.5	2680.0	3.5	419.5	737.0	722.5
Bacteroidia	3121.0	20522.5	34976.5	1981.0	10097.5	72106.0	45850.0	6294.0	62145.5	6402.5	74747.5	93368.5	273.0	21757.0	5245.5	2799.0	14506.0	20307.5	34769.5	15094.0	12024.0	202.5	28350.0	19319.5	166.5	44845.0	8104.0	11393.5	43074.5	17608.0	10664.5	38748.0	2196.0	24983.0	23070.0	212773.5	15638.5	36792.5	34955.0	100544.5	98898.0	80.0	79.0	123.0	103.0	197.5	171.0	263.5	199.5	12762.0	25186.5	108.0	47401.5	17394.5	33282.5
Dictyoglomia	43.0	167.0	712.0	18.0	80.5	1293.5	360.0	16.0	578.0	76.5	1143.0	275.0	3.0	705.5	25.0	16.5	156.5	638.5	1037.0	230.0	130.5	1.0	376.0	183.5	2.0	325.0	143.0	137.0	274.5	331.0	112.0	1054.5	95.5	663.0	881.5	786.0	360.0	833.5	689.0	1169.0	1724.5	2.0	2.5	2.0	3.0	3.0	3.0	3.0	3.0	90.0	716.5	1.0	94.5	307.0	146.0
Fusobacteriia	1408.5	10876.0	16625.5	460.5	1149.5	23216.0	18843.0	4982.5	17824.0	1777.0	17582.0	31358.5	109.5	8536.5	1521.0	1153.0	6136.0	3809.0	19678.0	4653.5	3795.5	66.0	13383.5	4442.0	83.0	11574.5	3894.0	4120.0	37935.0	3564.5	3623.0	8759.0	403.0	6708.0	4941.0	8806.5	4938.5	12030.5	10548.0	53674.0	31218.0	45.0	35.0	47.5	48.0	74.0	75.5	70.5	91.5	10803.0	10547.0	52.5	21233.0	5093.5	16483.5
Verrucomicrobiia	717.0	1128.5	6626.0	245.5	721.0	12508.0	3183.0	204.5	4202.0	972.0	10712.5	3754.0	41.0	5610.0	397.5	514.0	3196.5	6256.0	5493.0	2980.5	2234.5	32.5	4050.0	2868.5	33.0	5085.5	1693.0	1739.5	5958.0	2751.0	2118.5	11645.5	715.5	4932.0	6268.0	8141.5	3592.5	8594.0	6449.5	12312.5	9262.5	5.5	10.5	11.5	17.5	19.5	29.0	26.5	15.0	1648.0	6194.0	17.5	1563.5	2369.0	5013.5
Planctomycetia	5837.5	16237.0	96828.0	3088.5	8317.5	142152.0	32328.5	2054.0	50065.0	12841.5	141551.5	43575.0	419.0	77534.0	3601.5	5045.0	23516.0	78139.5	40836.0	34403.0	25347.5	393.0	37469.0	32262.0	388.0	72067.0	16505.0	22442.0	74633.5	25919.0	41304.5	135633.5	10523.5	68346.5	92835.5	88632.0	53848.5	106279.5	95248.0	192994.5	110023.5	90.0	94.5	213.5	199.5	300.5	273.5	343.0	302.5	9640.0	61709.0	139.5	15829.0	19921.0	37024.0
Spirochaetia	906.5	3331.5	11168.5	484.0	1451.0	22307.0	8303.0	343.0	13964.0	1678.0	22478.5	8463.5	48.5	9099.5	815.0	502.0	3029.5	8473.0	9258.0	5534.5	3087.5	49.5	5479.0	4577.0	49.0	9313.5	2220.0	2998.0	8729.5	5045.5	3418.0	13892.0	1110.5	8695.0	10165.5	11734.5	6722.0	18014.5	9855.0	22437.0	18725.0	21.0	24.0	38.0	33.5	42.5	42.5	46.0	47.5	2461.5	11302.5	25.0	3545.5	4092.5	6950.5
Nitrospiria	226.0	562.0	2705.5	85.5	368.0	8733.5	1715.0	73.0	2176.5	356.5	4331.5	1485.5	10.5	2535.5	902.0	121.5	1081.0	2239.0	2835.5	1823.5	875.0	25.0	1521.5	942.0	11.5	2609.0	656.5	727.0	2878.0	706.0	2492.0	3068.5	232.5	2348.5	2714.5	3430.0	1813.0	4293.5	2706.5	6211.0	3841.5	6.5	2.0	10.5	9.0	6.0	8.0	8.0	9.5	544.5	2983.5	8.0	1114.5	1081.0	5284.5
Chlamydiia	882.5	1766.5	8964.0	454.5	1379.0	15917.5	2833.5	241.5	6267.0	1625.0	18799.0	7484.5	49.5	7044.5	652.5	645.0	3365.5	8607.5	7555.5	6441.5	4374.5	45.5	5967.0	4205.0	43.5	8248.0	2085.5	4174.5	11462.0	3639.0	3757.0	12157.5	723.5	9115.5	8289.0	11608.5	7530.0	16640.0	10906.5	24588.0	18017.5	16.0	8.0	34.5	27.0	33.5	38.0	47.5	72.0	1748.5	7769.5	19.5	2398.5	2775.0	5414.5
Fibrobacteria	31.0	106.0	907.5	23.0	118.5	1032.5	187.0	30.0	483.5	69.0	868.5	387.0	3.0	677.5	19.0	26.5	120.5	977.0	598.5	497.5	150.5	3.0	353.0	183.5	4.0	423.0	114.0	131.5	335.0	154.5	106.5	599.0	70.0	770.0	651.5	561.0	424.5	744.0	525.5	2250.5	826.5	2.0	1.0	3.0	2.0	0.0	2.0	4.0	3.0	36.0	1027.0	0.0	105.0	241.0	173.5
Terriglobia	407.0	1023.0	4830.0	189.5	570.5	9746.0	2278.5	184.5	21164.0	591.5	7189.5	2061.0	36.5	4359.5	280.0	238.0	1258.0	4167.0	4243.0	2225.5	1473.5	33.5	2262.0	1594.0	22.0	3201.5	844.5	1315.5	3016.5	1320.5	3431.0	6042.0	519.0	3649.5	4437.5	5006.0	2868.0	6272.0	4152.5	8296.0	5941.5	4.5	6.5	11.0	11.0	10.5	17.5	19.0	19.5	757.0	4577.5	7.0	1170.0	1692.0	3899.0
Gemmatimonadia	421.0	758.5	3269.5	136.0	400.0	6896.5	1975.0	233.0	4905.5	828.0	6015.0	2294.0	22.5	3093.5	219.0	1029.5	1505.5	3019.5	4072.5	2480.0	1462.0	23.0	1885.0	1817.5	24.0	3967.0	1198.5	1382.5	3708.5	1379.5	1719.0	3875.5	303.0	4213.5	2570.5	3793.5	2123.0	5217.0	3537.0	8850.0	9835.5	8.0	5.0	16.0	4.0	26.5	18.0	17.0	28.0	1250.5	3742.5	15.0	2934.0	1264.0	3761.5
Anaerolineae	76.0	141.5	857.5	40.5	175.0	1680.5	398.0	52.5	773.0	143.0	1658.5	875.5	5.5	856.5	27.5	73.0	418.0	885.0	717.0	394.5	333.5	2.5	424.0	342.0	5.0	1090.5	218.0	247.5	791.5	270.0	467.5	1259.5	75.0	892.5	824.5	1098.0	632.0	1319.5	767.0	2120.5	1443.5	1.0	0.0	2.0	3.0	4.0	0.0	4.0	2.0	205.0	1030.0	3.0	470.0	366.5	1249.0
Chitinivibrionia	1.0	9.0	52.0	0.0	9.0	106.0	14.0	3.0	24.0	6.0	35.0	26.0	0.0	34.0	2.0	2.0	14.0	57.0	23.0	53.0	8.5	0.0	30.0	12.0	0.0	28.0	8.0	6.0	3.0	18.5	9.5	58.0	3.0	46.5	50.0	37.0	29.0	71.0	49.5	39.0	155.5	0.0	0.0	0.0	0.0	1.0	0.0	0.0	0.0	0.0	36.0	0.0	1.0	5.0	8.5
Dehalococcoidia	38.0	80.0	799.5	26.0	61.0	921.5	229.5	9.5	432.5	70.0	714.5	293.0	5.0	516.5	41.0	24.0	163.5	588.0	383.5	222.5	163.5	0.0	278.5	169.5	1.0	368.0	99.0	46.5	482.0	145.0	230.5	678.0	78.0	441.5	528.0	450.5	334.5	673.5	358.5	1283.0	657.5	0.5	4.0	0.0	0.0	2.0	2.0	1.0	1.0	67.5	476.0	3.0	188.5	242.5	606.0
Ktedonobacteria	17.5	73.5	453.0	16.0	22.5	573.0	271.5	9.5	340.0	36.5	411.0	206.0	1.5	251.5	14.0	12.0	86.0	272.0	382.0	175.5	130.0	4.5	228.0	133.0	1.0	179.0	75.0	119.5	252.0	92.5	79.0	442.5	20.5	246.5	351.5	300.0	187.0	619.0	299.0	757.5	628.0	0.0	1.0	1.0	1.5	2.0	1.0	1.5	3.0	78.0	493.5	0.0	119.5	149.5	152.5
Opitutia	655.0	1389.5	8451.0	248.5	664.5	11885.5	3053.0	264.0	6714.0	887.0	11609.5	3821.0	39.0	6491.5	552.5	486.5	2048.0	6394.5	11737.5	3665.0	2675.5	42.0	13714.0	2586.5	31.5	5821.0	3203.0	1795.5	5489.5	3128.5	2212.0	8174.0	804.0	6223.5	6513.5	6849.0	4053.5	10000.5	7351.0	16836.5	11472.5	12.0	11.0	18.0	13.0	25.5	27.0	33.5	40.5	2373.5	10885.5	21.5	2633.5	3005.5	4972.0
Candidatus Marinamargulisbacteria	0.0	0.0	0.0	0.0	0.0	0.0	1.0	0.0	0.0	0.0	0.0	0.0	0.0	0.0	0.0	0.0	0.0	3.0	1.0	0.0	0.0	0.0	0.0	0.0	0.0	8.0	0.0	0.0	0.0	0.0	0.0	2.0	0.0	0.0	0.0	0.0	1.0	3.0	0.0	28.0	0.0	0.0	0.0	0.0	0.0	0.0	1.0	0.0	0.0	0.0	32.0	0.0	0.0	0.0	0.0
Endomicrobiia	20.5	48.0	193.5	6.0	23.5	383.5	87.5	22.5	226.5	44.0	550.0	177.0	2.0	220.5	6.5	12.5	41.5	266.0	214.5	137.0	67.0	2.0	131.0	67.5	1.0	213.0	58.5	29.0	124.5	32.5	97.5	304.5	20.0	171.0	450.0	294.5	151.0	276.5	215.0	618.0	451.0	0.0	1.0	1.0	1.0	1.0	2.0	3.0	3.0	92.0	301.0	0.0	37.0	86.5	71.0
Thermolithobacteria	2.5	1.0	14.5	0.5	3.0	18.0	5.0	0.0	8.0	5.0	38.0	4.0	0.0	6.5	0.0	3.0	5.0	9.0	47.0	7.0	0.0	0.0	13.0	13.5	0.0	0.0	0.0	0.0	0.0	4.5	1.0	7.0	11.0	13.5	19.0	19.0	10.5	8.0	22.0	44.5	23.5	0.0	0.0	0.0	0.0	0.0	0.0	0.0	0.0	14.5	11.0	0.0	0.0	14.0	26.0
Caldilineae	88.5	254.5	584.5	25.0	72.5	1431.5	645.5	41.5	680.0	127.5	896.0	611.0	2.0	761.0	55.5	97.5	232.5	580.0	648.5	795.0	187.5	2.5	381.5	351.5	9.0	1140.5	159.0	325.0	1040.5	288.5	696.5	942.5	101.0	558.5	769.5	821.5	396.5	1480.0	693.0	1431.5	876.0	1.0	0.0	1.0	3.0	1.0	3.0	3.5	9.0	187.5	776.0	1.5	179.5	216.0	460.0
Erysipelotrichia	238.5	4134.5	2455.0	167.5	1344.5	5821.5	1740.0	1853.0	4759.5	555.0	6491.5	30203.0	30.0	3587.0	469.0	203.5	1132.5	3305.0	4325.5	1233.5	8836.5	25.0	1915.5	1177.5	12.5	2461.0	1014.0	1043.5	5433.0	1560.5	1271.5	7984.0	237.5	9536.5	14553.5	37368.0	1875.5	4655.0	4388.5	7066.0	22806.0	11.0	10.0	11.5	13.0	32.5	26.0	27.5	33.5	1075.0	5777.0	16.0	2014.0	1296.5	4414.5
Holophagae	53.0	144.5	738.0	60.0	102.0	1768.5	475.5	29.5	628.0	133.5	1367.5	343.5	4.0	792.5	33.0	52.0	268.0	778.5	821.0	492.5	259.0	3.0	513.0	278.5	4.5	537.5	210.5	526.5	510.0	284.0	211.0	1081.0	80.0	722.0	808.5	747.0	397.0	1085.5	795.5	1439.5	1016.0	1.0	1.5	0.0	1.0	3.0	2.0	4.0	2.0	143.0	876.0	0.5	153.0	196.5	1102.5
Candidatius Mariprofundia	31.5	56.0	280.0	13.5	59.0	492.0	97.5	12.0	181.5	36.0	453.5	201.5	1.0	295.0	26.5	47.0	68.0	318.0	224.0	152.5	47.0	1.0	198.5	99.0	2.0	341.5	34.0	77.5	267.0	87.5	103.5	387.0	34.0	201.5	352.0	259.0	199.0	441.0	245.0	1053.0	409.5	1.0	1.0	0.0	0.0	1.0	3.5	2.0	1.0	87.0	231.0	1.0	69.5	82.5	75.5
Elusimicrobia	15.0	48.0	299.5	10.0	20.0	373.0	89.5	2.0	101.0	45.0	300.0	112.5	0.0	232.0	9.5	12.5	33.5	179.5	245.5	84.0	77.0	1.0	124.0	64.0	1.5	195.5	55.5	21.0	180.5	81.0	31.0	347.0	80.0	147.0	187.0	233.5	119.5	205.5	181.0	609.0	381.5	0.0	1.0	0.0	0.0	0.5	3.0	2.0	3.0	30.0	241.0	1.0	9.0	85.0	90.0
Synergistia	79.5	302.0	868.0	39.0	383.0	2177.0	899.0	27.5	708.0	159.0	2296.0	959.0	7.0	1321.5	77.5	123.0	372.5	983.0	953.5	694.5	333.0	8.0	695.0	458.5	7.5	1069.0	226.0	301.5	858.5	503.0	375.0	1704.0	155.5	946.5	1200.0	1361.0	683.5	2031.5	1132.0	2329.0	3892.0	0.5	3.0	4.0	5.0	6.0	5.0	5.0	11.5	258.0	1146.5	1.0	190.5	430.0	702.5
Phycisphaerae	119.0	195.5	1144.0	44.0	142.0	2039.0	753.0	90.5	878.5	191.5	2098.0	576.0	8.5	1132.5	75.0	66.0	440.0	1201.5	1941.0	568.5	244.5	7.0	742.5	402.5	5.0	772.0	201.5	315.5	1101.0	400.5	1021.0	1602.5	173.0	974.5	1105.5	1382.5	755.5	1737.5	1061.5	2711.0	1493.5	2.5	0.5	4.0	0.0	4.5	5.0	7.0	7.5	129.0	1349.5	6.5	202.5	296.0	1872.0
Caldisericia	6.0	15.5	105.0	5.0	14.5	163.5	28.0	0.0	24.0	2.0	136.0	36.5	1.0	79.5	2.0	1.0	28.0	94.5	77.5	67.5	9.0	0.0	68.0	17.5	2.0	92.5	13.0	18.0	126.0	40.5	55.0	145.5	9.0	76.5	77.5	80.0	51.0	162.5	67.0	242.5	208.5	0.0	0.0	0.0	0.0	0.5	0.0	0.5	0.5	16.0	111.0	0.0	13.5	44.0	26.5
Cytophagia	9716.5	18017.5	101548.0	3623.5	18891.0	178943.5	40899.0	4087.0	90707.0	15116.0	143118.5	84436.0	513.0	77834.5	6060.0	7183.5	31577.5	77510.5	100644.5	51695.0	36721.0	525.0	58887.0	44665.0	474.5	81794.5	23397.0	34810.0	129790.0	67747.0	29788.5	153056.0	7991.0	117204.5	89051.0	111143.0	56013.0	165864.5	98776.5	193718.0	160095.5	206.5	202.5	288.5	250.0	370.0	319.5	420.5	406.0	44815.5	107996.5	315.5	56354.5	36353.5	69035.0
Ignavibacteria	56.5	77.5	464.0	10.5	66.5	610.5	151.5	9.0	330.0	72.0	591.5	218.5	0.0	307.5	15.0	40.0	91.0	248.5	337.5	139.0	106.0	1.0	218.5	82.0	1.0	395.5	84.0	54.0	237.5	153.0	136.0	600.0	17.0	224.5	382.5	377.0	202.0	494.0	286.5	975.5	676.5	0.0	1.5	4.0	1.0	1.0	1.0	1.0	2.0	97.0	293.0	0.5	164.5	218.0	223.0
Nitriliruptoria	217.5	253.0	1538.5	72.0	123.0	1634.5	811.0	92.5	1058.5	152.5	1310.0	1192.5	10.0	619.0	102.0	143.5	797.0	681.0	2025.0	924.5	487.0	8.5	620.5	774.5	11.0	1031.0	453.0	1661.0	3006.0	615.5	509.5	1041.5	66.0	1387.0	869.0	936.5	1173.0	2255.0	1547.5	6860.0	3462.0	5.5	3.5	7.5	3.5	6.5	6.0	9.5	7.5	996.5	2012.5	6.0	783.5	687.0	3311.0
Negativicutes	1154.5	12663.5	23661.5	558.0	1262.0	37043.0	27104.5	2134.0	12137.0	2384.0	20952.5	25783.0	169.5	7709.0	1131.0	1172.5	12395.0	6165.0	19245.0	4917.0	5082.0	80.0	8390.0	27666.0	79.5	16113.5	3293.5	4899.5	19183.5	6449.5	5134.0	14398.5	867.0	9307.5	8863.0	38745.5	5423.5	20284.5	14481.0	45927.0	38819.5	28.0	41.5	52.0	55.5	71.5	70.0	102.5	79.0	6078.5	9691.5	47.5	10942.5	10428.5	26033.0
Armatimonadia	5.0	0.5	48.5	0.0	4.0	76.0	14.5	1.0	19.5	3.0	61.5	20.5	0.0	33.5	5.0	6.0	3.0	28.0	23.5	25.0	2.5	0.0	6.5	7.5	0.0	1.0	18.0	15.0	39.0	12.0	5.5	50.0	0.0	42.0	41.5	66.0	18.5	45.5	39.0	116.5	113.5	0.0	0.0	0.0	0.0	0.0	0.0	0.0	0.0	0.0	57.0	0.0	0.5	0.0	47.0
Chthonomonadia	50.5	89.0	319.5	7.0	41.5	620.0	73.5	20.0	185.0	73.0	616.5	229.0	1.0	296.5	11.5	41.5	104.5	372.0	211.0	200.5	107.5	2.0	146.5	124.0	2.0	258.0	61.5	73.0	449.5	112.5	174.5	581.5	57.0	342.5	451.5	359.5	247.0	485.5	408.5	567.5	517.0	0.0	0.0	1.0	2.0	0.0	0.0	1.0	1.0	8.0	460.0	3.5	122.5	176.0	119.5
Nitrospinia	9.0	15.0	84.0	2.0	37.0	151.0	38.5	2.5	97.5	10.0	115.0	66.0	0.5	129.0	5.5	4.0	37.0	103.5	84.0	86.0	29.5	0.0	50.0	54.0	0.0	102.0	39.0	36.0	62.0	14.0	28.0	142.5	11.0	101.5	105.0	126.0	27.0	144.0	108.5	235.0	161.0	0.0	1.0	0.0	0.0	0.0	0.0	0.0	0.0	12.0	162.5	0.0	47.5	8.5	56.5
Oligosphaeria	0.0	0.0	0.0	0.0	0.0	2.0	0.0	0.0	0.0	0.0	0.0	0.0	0.0	0.0	0.0	0.0	0.0	1.5	0.0	1.0	0.0	0.0	0.0	0.0	0.0	0.0	0.5	0.0	0.0	14.0	0.0	1.0	0.0	0.0	2.0	0.5	0.0	0.0	0.0	0.0	1.0	0.0	0.0	0.0	0.0	0.0	0.0	0.0	0.0	0.0	0.0	0.0	0.0	0.0	0.0
Lentisphaeria	18.5	68.0	185.5	9.0	46.5	641.5	123.5	7.0	268.0	29.0	335.0	245.5	2.0	264.5	8.0	15.5	73.0	271.0	299.0	108.5	42.0	1.0	144.0	81.0	0.0	142.0	64.0	37.0	163.0	82.5	241.0	643.5	100.0	206.5	261.5	1052.0	155.5	1008.0	234.0	522.0	298.5	1.0	0.5	0.0	0.0	0.0	1.0	2.0	0.0	76.5	236.5	1.0	108.0	103.0	142.0
Ardenticatenia	61.0	28.5	163.5	1.5	44.5	354.0	124.0	19.5	191.0	32.0	167.0	70.5	0.5	103.0	10.5	10.0	33.0	120.0	224.0	214.5	25.5	1.5	135.0	64.5	0.0	257.0	51.0	52.0	164.0	90.5	157.5	201.5	19.0	227.5	185.0	231.5	118.5	273.0	259.5	423.5	279.5	0.0	0.0	1.0	1.0	0.0	0.0	0.0	0.0	93.0	159.5	0.0	112.5	71.5	225.0
Thermoflexia	0.0	0.0	0.0	0.0	0.0	0.0	0.0	0.0	0.0	0.0	0.0	0.0	0.0	0.0	0.0	0.0	0.0	0.0	0.0	0.0	0.0	0.0	0.0	0.0	0.0	0.0	0.0	0.0	0.0	0.0	0.0	2.5	0.0	0.0	0.0	0.0	0.0	0.0	0.0	0.0	13.0	0.0	0.0	0.0	0.0	0.0	0.0	0.0	0.0	0.0	0.0	0.0	0.0	0.0	0.0
Thermoleophilia	281.5	321.5	3246.0	78.0	265.5	2935.0	1761.5	546.0	1994.0	509.0	2749.0	3851.5	32.0	1741.5	230.0	242.0	1787.5	1611.0	3678.5	2288.5	2016.0	15.5	1510.5	2616.5	11.0	1928.0	830.5	1188.0	3301.0	807.0	674.0	1898.0	157.5	2381.5	1680.0	2148.5	1259.5	3081.0	2690.0	6303.5	5299.5	13.0	18.5	9.5	6.5	10.0	3.0	17.0	12.5	1310.0	2914.5	13.0	1842.0	1063.5	16412.0
Oligoflexia	71.5	88.5	388.0	39.0	109.5	848.5	192.5	13.5	483.0	45.0	670.0	254.0	0.5	718.0	10.0	34.5	160.5	373.5	421.5	211.0	102.0	3.0	230.5	154.0	4.0	313.0	95.5	128.0	350.5	338.0	90.5	406.0	54.0	296.5	283.0	469.0	270.5	582.5	510.0	929.0	644.5	3.0	0.0	0.0	1.0	2.5	2.0	2.0	4.0	121.0	421.5	2.0	176.5	197.5	298.5
Blastocatellia	0.0	0.0	0.0	0.0	2.0	7.0	0.0	0.0	0.0	0.0	6.0	3.0	0.0	5.0	0.0	0.0	1.0	1.0	0.0	0.0	11.0	0.0	5.0	0.0	0.0	29.0	0.0	0.0	61.0	0.0	0.0	7.0	0.0	0.0	1.0	3.0	1.0	0.0	1.0	0.0	3.0	0.0	0.0	0.0	0.0	0.0	0.0	0.0	0.0	2.0	0.0	0.0	0.0	0.0	0.0
Thermoanaerobaculia	0.0	0.0	0.0	0.0	0.0	0.0	0.0	0.0	0.0	0.0	0.0	0.0	0.0	0.0	0.0	0.0	0.0	0.0	0.0	0.0	0.0	0.0	0.0	0.0	0.0	0.0	0.0	0.0	0.0	0.0	0.0	0.0	0.0	0.0	0.0	0.0	0.0	0.0	0.0	0.0	0.0	0.0	0.0	0.0	0.0	0.0	0.0	0.0	0.0	0.0	12.0	0.0	0.0	0.0	0.0
Fimbriimonadia	117.0	154.5	903.0	49.0	169.0	2474.0	532.0	19.5	844.0	136.0	1698.5	464.5	4.0	691.5	64.0	78.0	370.5	1290.5	477.5	390.0	321.5	7.0	909.5	538.0	7.5	526.5	318.5	642.5	3686.5	265.0	425.5	1336.5	88.0	583.5	975.5	827.5	534.0	1575.0	968.5	2481.0	1956.0	2.0	1.0	2.0	2.0	3.0	8.5	4.0	4.0	553.0	950.5	2.0	343.5	486.0	518.0
Limnochordia	76.5	18.5	98.5	10.5	18.5	149.0	36.5	18.0	100.0	13.0	201.5	114.0	0.0	47.5	29.5	8.5	28.0	104.0	76.5	40.0	37.5	0.5	225.5	21.5	2.5	107.0	20.0	48.5	226.5	40.0	27.0	204.5	14.0	71.5	83.0	83.0	50.0	110.0	271.0	144.5	84.5	0.0	0.0	0.0	0.5	0.0	0.0	1.0	0.0	65.0	99.0	1.0	92.5	108.0	122.5
Tissierellia	2308.0	4563.0	12765.5	719.5	2155.5	30896.5	7677.0	1345.0	10162.0	4532.0	14800.0	55106.5	126.5	5630.0	2554.0	1218.0	9307.5	8249.5	13631.0	13062.5	9515.0	75.0	17318.5	7090.0	114.5	25179.0	4919.5	4718.5	13977.0	24569.0	4846.0	11177.0	764.5	15875.0	8671.0	34707.5	7390.0	18378.5	16903.5	60085.5	27735.5	50.0	72.0	44.5	62.5	83.0	85.5	93.5	80.5	7327.5	13095.0	81.0	30110.5	10103.5	41039.0
Candidatus Peribacteria	18.5	58.0	252.0	11.0	27.0	436.0	89.0	3.0	152.0	47.0	604.0	141.0	3.5	307.0	9.0	15.0	113.0	278.5	274.5	134.0	126.5	0.0	190.5	149.5	2.0	227.0	95.0	115.5	177.0	143.0	65.5	355.0	18.0	193.5	212.0	261.5	165.0	380.0	372.0	1016.0	725.0	1.0	0.0	0.0	1.0	3.0	1.0	1.5	2.0	40.0	331.0	0.0	52.0	120.0	100.5
Longimicrobiia	0.0	0.0	0.0	0.0	0.0	11.0	0.0	0.0	0.0	0.0	0.0	0.0	0.0	0.0	6.0	0.0	1.0	2.0	0.0	0.0	0.0	0.0	0.0	0.0	0.0	7.0	0.0	0.0	0.0	0.0	0.0	0.0	0.0	0.0	0.0	0.0	0.0	0.0	0.0	7.0	0.0	0.0	0.0	0.0	0.0	0.0	0.0	0.0	0.0	0.0	0.0	0.0	0.0	0.0	15.0
Acidithiobacillia	317.0	412.5	3800.5	207.5	725.5	4271.0	1310.0	98.0	3886.0	372.0	5105.0	3231.5	21.0	2240.0	631.5	959.5	755.5	2439.0	3151.5	1458.5	879.0	15.5	1632.0	1030.0	8.5	1918.0	795.5	1980.5	2140.5	683.5	683.5	2899.0	263.0	2159.0	2493.0	2395.5	1376.0	5026.0	3268.0	4480.0	5842.5	8.0	7.5	8.0	13.5	9.0	9.0	12.0	13.0	669.5	3801.5	12.5	1181.0	1013.5	4311.0
Vicinamibacteria	53.0	242.5	1365.5	27.5	92.5	1336.5	731.0	43.0	763.0	94.0	888.0	784.5	3.0	353.5	23.0	47.0	398.0	351.0	1010.5	393.0	292.0	6.0	868.0	202.5	7.0	567.5	135.0	212.5	726.0	251.0	484.5	655.0	83.5	595.5	555.0	590.5	504.0	1905.5	770.0	1025.0	1166.5	1.0	3.0	0.0	1.0	1.0	2.0	1.0	7.0	439.0	626.0	6.0	511.0	238.5	904.5
Balneolia	67.5	128.0	1206.5	37.0	260.5	1139.0	341.0	28.5	686.5	194.5	3540.0	515.5	6.0	1912.5	33.5	58.5	231.5	850.0	1818.0	570.5	243.0	8.5	1373.5	416.0	8.0	857.5	125.5	158.5	1035.5	297.0	345.0	1506.0	68.0	893.5	1167.5	956.5	560.0	1240.5	925.0	2098.5	1670.0	2.0	3.0	2.0	5.0	2.0	2.5	4.0	6.0	136.5	1406.0	3.0	242.5	264.5	549.0
Rhodothermia	197.5	238.0	1569.0	75.0	137.0	1652.5	698.5	50.5	985.5	218.0	1530.5	787.0	9.0	774.5	53.0	257.0	307.5	1031.0	1031.0	746.5	292.5	6.5	636.0	502.5	2.5	1360.5	254.5	303.0	1601.0	254.5	545.5	1174.0	103.0	917.0	765.5	1428.5	477.5	1348.5	1175.5	4194.0	2235.0	2.5	5.0	1.0	5.5	5.5	10.5	4.5	2.0	452.0	1068.0	6.5	1042.0	378.5	1817.5
Chitinophagia	1705.5	4569.0	23519.5	850.5	3135.5	40974.0	8843.5	589.0	17546.0	3533.5	44115.0	13109.5	109.0	21325.5	1005.0	1520.0	8599.5	23338.0	17110.5	12598.0	7580.5	124.5	15257.0	12209.5	109.0	19441.0	5225.5	6791.0	23203.5	8596.0	6529.0	31685.0	2272.5	17554.0	23781.5	24679.0	13150.0	34376.5	24959.0	56799.5	40248.0	24.0	43.5	85.5	69.5	103.0	86.5	118.0	125.5	2996.0	21520.0	40.0	5784.5	6914.0	10816.0
Chitinispirillia	0.0	0.0	0.0	0.0	0.0	0.0	0.0	0.0	0.0	0.0	0.0	2.0	0.0	10.0	0.0	0.0	0.0	0.0	0.0	0.0	1.5	0.0	0.0	0.0	0.0	0.0	0.0	0.0	0.0	0.0	1.0	0.0	0.0	0.0	0.0	0.0	0.0	1.0	0.0	0.0	0.0	0.0	0.0	0.0	0.0	0.0	0.0	0.0	0.0	0.0	0.0	0.0	0.0	0.0	0.0
Kiritimatiellia	5.0	14.5	63.0	7.0	9.5	143.0	64.0	4.0	30.5	21.0	239.5	65.0	1.0	87.5	4.0	6.5	20.0	62.5	90.5	51.0	26.0	0.0	52.0	32.0	0.0	27.0	6.0	34.0	127.5	50.0	56.0	84.0	6.0	87.0	112.5	194.0	86.5	78.0	92.5	207.5	179.0	1.0	0.0	0.5	0.0	0.0	1.0	0.0	0.0	12.0	90.5	0.0	31.0	55.5	56.0
Saprospiria	167.5	335.5	2229.0	75.0	474.5	4021.5	838.5	65.0	1363.0	288.0	3914.5	964.0	7.0	2221.0	88.0	124.5	595.0	2024.0	2330.0	818.5	721.0	13.0	1172.5	734.5	7.0	1418.0	443.5	489.5	1415.0	785.0	536.0	2642.0	134.5	1883.0	2109.0	2078.5	1155.5	2550.5	1827.0	3819.5	2901.0	1.0	0.0	2.5	3.5	7.5	14.5	8.0	6.0	302.5	1873.5	1.0	329.5	519.0	904.0
Methylacidiphilae	24.5	58.0	311.5	13.0	42.0	561.5	181.0	3.0	189.5	38.5	547.5	154.0	3.0	320.5	24.5	43.0	84.5	264.0	184.5	98.5	147.0	2.0	401.0	147.5	2.0	274.0	100.5	89.5	235.0	95.0	105.5	647.0	58.0	297.5	394.5	351.0	249.5	426.5	366.5	898.5	460.0	1.0	0.0	1.0	0.5	3.5	4.0	1.0	1.0	59.5	361.0	0.5	28.5	150.0	100.5
Calditrichia	12.0	27.5	56.0	6.5	24.0	171.5	41.0	4.0	66.5	22.0	142.5	61.0	1.0	117.0	4.0	12.0	48.0	92.5	127.0	60.5	174.5	0.0	53.5	66.5	0.0	91.5	20.0	36.0	68.5	21.5	379.0	134.0	12.0	109.0	98.0	79.5	79.5	177.0	72.0	161.0	255.5	0.0	0.0	0.0	1.0	0.0	0.0	0.0	0.0	18.5	100.0	1.0	12.0	60.0	24.0
Hydrogenophilia	727.5	464.5	2395.5	108.0	724.0	4063.5	1070.5	94.0	1546.5	393.0	19637.0	1924.0	86.5	1422.0	1550.0	885.0	1143.0	2084.5	2803.0	701.5	384.0	6.5	856.5	557.0	19.0	2590.0	661.5	346.0	3417.5	696.5	408.5	3668.0	296.0	2232.5	13705.0	2628.5	1928.0	5510.0	77532.0	3357.0	24610.5	7.0	17.0	11.0	13.0	37.5	20.5	25.5	40.5	1464.0	1326.5	8.5	2317.5	459.0	2652.0
Candidatus Saccharimonadia	45.0	108.0	653.5	31.0	43.5	918.5	325.5	35.0	893.0	72.0	791.5	738.0	1.0	399.5	43.0	30.5	296.5	296.5	1305.0	249.0	199.5	2.0	333.5	259.0	4.5	901.0	127.0	141.5	573.5	142.0	145.5	403.0	26.5	691.5	472.0	518.5	257.0	549.5	543.0	1154.0	1338.0	3.0	0.0	3.5	2.0	3.0	3.0	1.0	3.0	170.0	553.5	1.0	184.5	160.0	580.5
Abditibacteriia	0.0	0.0	0.0	0.0	2.0	0.0	0.0	0.0	0.0	22.5	0.0	0.0	0.0	0.0	0.0	0.0	0.0	0.0	0.0	0.0	0.0	0.0	0.0	0.0	0.0	0.0	0.0	0.0	0.0	0.0	0.0	1.5	0.0	5.0	0.0	0.0	0.0	0.0	0.0	0.0	0.0	0.0	0.0	0.0	0.0	0.0	0.0	0.0	0.0	0.0	13.0	0.0	0.0	0.0	0.0
Coprothermobacteria	9.0	57.5	190.5	10.0	45.0	503.0	53.0	3.0	150.0	19.0	306.0	100.0	2.0	291.0	1.0	2.0	55.0	253.5	235.0	91.0	45.0	1.0	164.5	54.5	0.0	66.5	36.0	41.0	75.5	35.0	44.0	454.0	40.0	113.5	264.0	225.5	107.0	312.5	167.0	285.5	187.0	0.0	0.0	0.0	1.0	0.0	1.0	1.0	1.0	9.5	170.0	0.0	5.5	88.0	32.0
Candidatus Sumerlaeia	30.5	56.0	412.5	21.0	42.0	556.0	181.5	9.0	221.5	54.0	550.5	208.0	2.0	241.5	37.0	31.0	77.5	488.5	381.5	181.0	85.5	1.0	171.5	118.0	2.0	196.0	80.0	85.0	210.5	105.0	107.0	473.0	26.0	294.5	354.0	460.0	222.0	519.5	433.5	964.0	461.0	0.0	0.0	2.0	1.0	0.0	0.0	1.0	3.0	186.5	307.5	1.0	70.5	236.5	474.0
Candidatus Thermofontia	0.0	0.0	0.0	0.0	0.0	0.0	0.0	0.0	0.0	0.0	0.0	0.0	0.0	0.0	0.0	0.0	0.0	0.0	0.0	11.0	0.0	0.0	0.0	0.0	0.0	0.0	0.0	0.0	0.0	0.0	0.0	0.0	0.0	1.0	0.0	0.0	0.0	0.0	0.0	0.0	0.0	0.0	0.0	0.0	0.0	0.0	0.0	0.0	0.0	0.0	0.0	0.0	0.0	0.0	0.0
Candidatus Babeliae	135.5	233.5	14174.5	66.0	270.5	1721.0	311.5	25.0	841.5	265.0	2153.5	650.5	12.0	1203.0	97.5	83.0	441.5	1315.5	767.0	1067.5	559.5	13.0	891.5	604.0	8.0	1542.5	356.5	417.5	1604.5	491.0	395.0	1813.0	137.0	863.5	1207.5	1464.0	764.0	1766.0	1505.0	3997.0	2462.0	1.0	4.0	5.0	3.0	3.0	5.0	7.0	7.0	212.5	862.0	1.0	214.5	291.5	508.5
Candidatus Brocadiia	38.5	140.5	917.5	26.5	63.0	1393.5	287.0	15.0	453.5	82.0	1321.5	372.5	2.0	936.0	27.0	33.0	120.5	980.0	636.5	299.0	139.0	4.0	300.5	234.0	4.5	581.0	101.5	146.5	459.0	252.0	291.0	1030.0	92.0	435.0	852.0	757.5	430.0	887.0	769.5	1319.5	766.5	2.0	0.0	4.0	2.0	3.0	5.0	2.0	3.0	54.0	654.0	1.0	202.5	196.0	98.0
Terrimicrobiia	0.0	6.0	0.0	0.0	0.0	5.0	0.0	0.0	0.0	0.0	19.0	0.0	0.0	0.0	0.0	0.0	0.0	0.0	0.0	0.0	0.0	0.0	0.0	0.0	0.0	0.0	0.0	6.0	0.0	0.0	0.0	0.0	0.0	0.0	1.0	0.0	4.0	0.0	1.0	27.0	0.0	0.0	0.0	0.0	0.0	0.0	0.0	0.0	0.0	0.0	6.0	0.0	0.0	0.0	0.0
Thermodesulfovibrionia	15.0	24.5	179.5	6.0	30.0	368.0	112.0	4.0	113.5	33.5	305.5	89.0	1.0	170.5	20.0	16.0	40.0	185.5	235.5	85.5	138.0	1.0	110.5	61.0	0.0	123.0	25.0	39.5	170.5	34.0	30.0	240.0	19.0	143.5	192.5	195.0	99.5	260.0	166.5	372.5	166.5	0.0	0.0	0.0	1.0	0.0	2.0	1.0	0.0	39.5	257.5	0.0	37.5	58.0	71.5
Desulfuribacillia	0.0	0.0	1.0	0.0	0.0	1.0	2.0	0.0	0.0	0.0	0.0	2.0	0.0	4.0	0.0	0.0	1.0	0.0	0.0	0.0	0.0	0.0	0.0	1.0	0.0	0.0	0.0	0.0	0.0	0.0	0.0	0.0	0.0	0.0	0.0	0.0	0.0	0.0	0.0	10.0	0.0	0.0	0.0	0.0	0.0	1.0	0.0	0.0	0.0	0.0	0.0	0.0	0.0	0.0	0.0
Thermodesulfobiia	13.0	21.5	228.0	4.0	11.0	244.5	117.0	10.5	180.0	26.0	195.0	58.0	1.0	115.0	24.5	8.5	60.5	213.5	75.5	49.0	42.0	0.0	139.5	44.5	1.0	196.5	30.0	28.5	95.0	46.0	64.0	289.0	6.5	221.0	161.0	168.5	92.5	229.0	129.5	1011.0	199.0	0.0	0.0	0.0	0.0	2.0	1.0	1.0	1.0	32.0	142.5	0.0	37.0	86.5	80.0
Syntrophobacteria	64.5	139.0	884.0	25.5	163.0	1406.5	382.5	22.5	576.0	103.5	1423.5	471.5	4.5	703.0	66.0	118.0	233.0	701.0	803.5	427.0	338.5	4.0	417.5	256.0	4.5	532.0	140.0	227.0	454.0	216.5	340.0	1111.0	93.0	731.0	948.0	897.5	422.0	1102.5	745.0	1672.5	1285.0	2.0	1.0	2.0	2.0	3.0	2.0	2.0	2.0	208.5	1104.5	6.0	302.0	403.5	618.0
Desulfobacteria	148.0	418.5	1771.0	73.5	493.5	3375.5	874.0	50.0	1326.5	276.0	3454.5	1078.0	8.5	1822.0	127.0	96.5	482.5	2031.5	2091.5	1103.0	661.0	13.0	929.0	570.0	15.5	1808.0	384.5	492.0	1558.5	792.5	566.5	2614.0	312.0	1666.0	1999.0	2086.5	1052.0	2953.5	1883.0	4542.0	2838.5	1.5	5.0	6.0	4.5	4.5	3.0	12.0	11.0	410.0	1962.0	2.0	418.5	724.0	1459.0
Cyanophyceae	11573.0	20943.0	116099.0	4771.0	9593.0	172813.0	64753.5	5880.5	165956.5	17993.5	176550.0	69671.0	733.0	59301.0	7876.0	7435.5	36840.5	74320.5	105727.5	60052.0	45093.0	569.0	92955.0	40963.5	530.0	101638.0	34250.5	35719.0	126276.0	67894.0	30988.0	113321.5	7862.0	108558.0	71161.0	97975.0	80019.0	165965.5	163476.5	252682.0	1773427.5	239.0	341.5	978.0	1319.0	2088.0	1389.5	2067.0	2387.0	34726.5	150056.5	370.5	56329.5	63114.5	108517.0
Bdellovibrionia	897.5	1962.0	12857.0	360.5	22866.5	15689.5	3313.0	298.5	9077.5	1399.0	16988.0	5340.0	59.0	9392.0	1033.5	700.0	3041.0	8702.0	10455.5	5664.0	3325.0	51.5	5535.5	3811.0	60.0	7606.0	2474.0	2526.0	16428.0	2408.5	2325.0	11582.5	905.5	9231.5	10653.5	10174.0	7149.5	13679.5	9679.5	20536.5	18690.5	27.0	11.5	35.0	22.0	34.5	39.5	41.5	48.0	1672.0	11065.5	24.5	2396.0	3675.5	5541.5
Bacteriovoracia	211.0	930.5	1883.0	77.5	281.5	4134.5	887.5	61.0	1783.5	234.0	3207.0	1225.5	12.5	1847.0	363.0	172.5	728.5	1959.0	2804.0	822.0	766.0	11.0	1080.0	729.0	12.0	1591.5	406.0	575.5	1803.5	572.0	672.0	2465.5	209.0	1576.0	1788.0	2001.0	1507.0	3051.5	1813.0	5016.0	3427.0	5.0	4.0	7.0	7.5	15.0	5.5	16.0	11.5	501.0	2962.5	4.5	721.0	723.5	1101.5
Desulfovibrionia	397.0	1016.5	5001.0	206.0	1237.0	8650.5	2618.0	156.5	4688.0	677.5	8761.0	2903.5	25.5	5568.5	309.0	365.0	1710.5	4476.0	6297.0	2243.0	1939.5	26.5	2405.0	1846.5	30.0	3964.0	1379.5	1465.5	3680.5	1459.5	1507.0	7310.5	512.5	4067.5	5088.0	5948.0	2771.5	7830.5	5032.0	10135.0	7603.0	12.0	21.0	16.0	12.0	19.5	16.0	18.0	18.0	900.5	5118.5	22.0	2527.5	1736.0	22586.0
Candidatus Desulfofervidia	16.5	26.0	131.0	5.0	23.5	254.5	60.0	3.0	78.5	28.0	329.5	79.5	0.0	144.5	4.5	19.5	73.5	134.5	105.5	44.5	48.0	1.0	91.0	73.5	0.0	118.5	68.0	84.5	67.0	5.5	94.0	192.5	53.0	141.0	126.0	171.5	99.5	223.0	151.5	299.5	122.5	0.0	0.0	0.0	0.0	0.0	0.0	0.0	1.0	15.0	187.0	1.0	66.5	56.0	125.5
Desulfobulbia	179.5	449.5	2129.5	69.5	530.5	3339.5	863.0	46.0	1531.5	239.5	3484.0	1097.0	13.0	1919.0	93.0	231.0	582.0	1905.5	1917.5	935.5	1009.0	9.0	954.0	697.0	8.0	1459.5	450.0	527.0	1595.5	745.5	557.0	2729.0	267.5	1433.5	2143.5	2063.5	1173.5	3070.5	1721.5	3650.0	3151.5	2.0	5.0	8.0	3.0	10.0	8.5	9.5	4.0	344.0	2020.5	3.0	356.5	605.0	1424.5
Dissulfuribacteria	0.0	0.0	0.0	0.0	0.0	1.0	0.0	0.0	0.0	0.0	0.0	0.0	0.0	0.0	0.0	0.0	0.0	0.0	0.0	0.0	0.0	0.0	0.0	0.0	0.0	0.0	0.0	0.0	0.0	0.0	0.0	0.0	0.0	0.0	0.0	0.0	0.0	0.0	0.0	0.0	0.0	0.0	0.0	0.0	0.0	0.0	0.0	0.0	0.0	0.0	0.0	0.0	0.0	0.0	0.0
Desulfarculia	18.0	62.5	138.5	11.5	39.5	328.5	101.5	1.5	132.0	30.0	329.5	73.5	1.0	220.0	8.0	9.0	54.5	156.5	198.0	149.0	131.0	1.0	102.0	79.0	3.5	221.0	65.0	44.0	266.0	41.0	117.5	311.5	28.0	205.5	239.0	325.5	118.0	371.0	222.5	450.0	268.5	0.0	0.0	1.0	0.0	3.0	1.0	0.0	2.0	68.5	221.5	1.0	15.0	86.5	294.5
Desulfobaccia	10.0	26.5	131.0	6.0	15.0	390.5	98.5	9.0	119.0	28.0	311.0	110.5	0.0	146.0	8.5	6.0	20.5	150.5	127.5	84.0	67.5	0.0	103.0	73.5	0.0	194.5	23.0	24.5	138.5	99.0	248.5	168.0	8.0	127.5	170.0	149.0	95.5	245.0	179.0	512.0	181.0	0.0	0.0	0.0	0.0	1.0	0.0	1.0	0.0	25.0	148.5	0.0	25.0	65.0	257.0
Syntrophia	32.0	106.0	470.5	19.5	140.0	1037.5	228.5	15.0	415.0	91.5	1184.5	292.0	2.5	501.5	38.5	49.0	174.5	555.5	533.0	276.5	192.0	0.5	216.0	161.5	2.0	359.0	150.0	120.0	448.5	129.5	173.0	858.5	61.0	466.5	526.5	660.0	315.5	691.0	601.0	1067.5	950.5	0.0	1.0	1.0	4.0	4.0	2.0	2.0	2.5	70.0	495.5	4.0	122.5	128.5	458.0
Syntrophorhabdia	13.0	20.0	133.5	2.0	48.5	175.0	37.0	0.0	63.5	12.0	169.5	34.5	1.0	121.5	3.0	4.0	27.5	105.5	114.5	32.5	91.5	1.0	39.0	33.5	0.0	101.0	22.0	13.0	64.0	45.0	13.5	84.5	15.0	90.0	86.5	97.0	59.5	186.0	98.5	194.5	154.5	0.0	1.0	0.0	0.0	0.0	0.0	0.0	0.0	21.0	82.5	0.0	17.0	37.0	51.0
Desulfomonilia	23.5	39.5	132.0	3.5	48.5	385.5	95.0	1.0	143.5	16.0	261.5	72.0	2.0	196.0	4.0	6.5	50.5	169.0	175.5	64.5	83.0	0.0	147.5	56.0	0.0	63.0	24.0	31.5	115.5	65.0	68.0	277.0	17.0	163.5	255.0	233.0	117.5	413.0	195.0	359.0	346.5	0.0	0.0	0.0	0.0	0.0	0.0	0.0	0.0	14.0	180.0	1.0	44.5	51.0	270.5
Desulfuromonadia	303.5	746.5	3102.0	153.5	739.0	6215.0	2077.5	123.0	2723.5	565.0	6338.5	2351.0	22.0	3580.0	183.5	260.5	1277.5	3498.0	3713.5	1862.0	2188.5	17.5	2056.5	1417.5	27.0	3029.0	955.5	1098.5	2976.5	1501.0	1567.5	4477.0	326.5	3264.5	3669.0	4192.0	2108.0	5313.0	4220.0	8163.5	7003.5	5.0	9.5	15.0	14.0	13.0	11.0	17.5	18.0	1007.0	4236.5	10.0	1194.0	1288.0	2840.0
Deferrisomatia	0.0	0.0	0.0	0.0	0.0	1.0	0.0	0.0	0.0	0.0	0.0	0.0	0.0	0.0	0.0	0.0	0.0	0.0	0.0	0.0	0.0	0.0	0.0	0.0	0.0	0.0	0.0	0.0	0.0	0.0	0.0	2.0	0.0	0.0	0.0	0.0	0.0	0.0	9.0	0.0	0.0	0.0	0.0	0.0	0.0	0.0	0.0	0.0	0.0	0.0	0.0	0.0	0.0	0.0	1.0
Epsilonproteobacteria	718.0	4588.0	9395.5	442.5	1559.5	18157.5	5459.5	464.5	9100.5	1372.5	18029.5	11348.0	53.0	9075.0	621.5	585.0	3722.5	8581.5	10775.0	4974.5	2751.0	56.0	6332.0	4082.5	37.0	7167.0	2025.5	3854.5	9302.0	3552.5	2913.5	14411.5	1179.5	8733.0	9385.5	10461.0	6811.5	15007.5	10029.0	17651.0	17285.0	14.0	14.0	26.0	26.0	40.0	35.0	50.0	33.0	2939.5	11479.5	17.5	3281.0	3992.0	6734.5
Desulfurellia	78.0	222.5	969.0	42.0	121.5	2173.5	544.5	10.5	598.0	158.5	2812.5	588.5	4.0	939.0	52.5	67.0	239.0	1113.0	593.0	710.5	466.0	5.0	349.5	413.5	4.0	1042.5	161.0	228.5	762.5	341.5	251.5	1893.0	73.5	994.5	1958.0	1425.0	848.5	1690.0	1481.5	2205.5	1785.0	1.0	2.5	3.0	2.0	5.0	2.5	5.0	7.5	183.0	1466.5	0.0	136.5	353.5	560.0
Candidatus Cloacimonadia	18.5	62.5	218.5	10.0	21.0	372.5	64.5	2.0	203.5	33.5	484.0	121.0	1.0	231.5	4.0	6.0	49.5	255.5	234.0	166.0	70.0	0.0	131.0	76.5	0.0	134.5	55.5	37.5	138.0	79.5	62.5	319.5	15.0	202.5	258.5	226.0	138.0	325.5	199.5	417.5	234.5	0.0	0.5	0.0	0.0	0.0	1.0	0.0	0.0	64.0	188.5	1.0	81.5	47.5	293.5
Candidatus Moduliflexia	0.0	0.0	0.0	0.0	0.0	0.0	0.0	0.0	0.0	0.0	1.0	0.0	0.0	0.0	0.0	0.0	0.0	0.0	0.0	0.0	0.0	0.0	0.0	0.0	0.0	0.0	0.0	0.0	0.0	0.0	0.0	0.0	0.0	0.0	0.0	6.5	0.0	0.0	0.0	0.0	0.0	0.0	0.0	0.0	0.0	0.0	0.0	0.0	0.0	0.0	1.0	0.0	0.0	0.0	0.0
Candidatus Vecturitrichia	0.0	1.0	0.0	0.0	0.0	8.0	3.0	0.0	0.0	0.0	9.0	11.0	0.0	4.0	0.0	0.0	0.0	1.0	0.0	0.0	0.0	0.0	0.0	1.0	0.0	6.0	0.0	0.0	0.0	0.0	0.0	6.0	0.0	6.0	0.0	22.0	2.0	0.0	1.0	0.0	0.0	0.0	0.0	0.0	0.0	0.0	0.0	0.0	0.0	0.0	9.0	0.0	0.0	0.0	0.0
Dethiobacteria	0.0	0.0	0.0	1.0	2.0	9.5	0.0	0.0	15.0	0.0	14.5	3.5	0.0	7.0	0.0	0.0	0.0	3.5	13.0	0.0	2.5	0.0	4.0	2.0	0.0	11.0	5.0	0.0	9.0	0.0	1.0	6.0	0.0	0.0	13.0	10.5	10.0	0.0	10.0	17.0	16.0	0.0	0.0	0.0	0.0	0.0	0.0	0.0	0.0	1.0	0.0	0.0	2.0	0.0	0.0
Desulfitisporia	0.0	0.0	0.0	0.0	0.5	0.0	0.0	0.0	0.0	0.0	0.0	0.0	0.0	1.0	0.5	0.0	8.0	0.0	0.0	1.0	0.0	0.0	0.0	0.0	0.0	0.5	0.0	0.0	0.0	0.0	0.0	2.0	0.0	0.0	2.0	0.0	0.0	0.0	0.0	4.0	1.0	0.0	0.0	0.0	0.0	0.0	0.0	0.0	0.0	0.0	0.0	0.0	0.0	0.0	0.0
Magnetococcia	37.0	124.5	541.5	25.0	79.0	791.0	205.5	12.5	330.0	101.5	824.0	286.5	0.0	478.0	35.0	18.5	148.0	490.5	450.0	287.5	146.5	2.0	350.5	142.0	0.0	261.0	89.0	118.0	351.0	150.5	173.5	608.5	80.0	466.0	532.5	703.0	267.5	514.0	466.0	945.5	837.5	1.0	2.5	1.0	1.5	1.0	1.0	4.0	5.0	86.0	490.0	0.0	173.0	72.0	349.5
Thermosulfidibacteria	3.0	6.5	69.0	2.0	5.5	41.5	18.0	0.5	15.0	3.0	49.0	29.0	0.0	23.0	22.5	0.0	35.5	27.5	65.5	19.0	30.0	0.0	30.0	14.5	1.0	75.0	0.0	22.5	65.5	13.0	38.0	66.5	7.0	22.5	28.5	39.5	9.0	43.0	29.0	51.0	101.0	0.0	0.5	0.0	0.0	0.0	1.0	0.0	0.0	13.0	45.0	0.0	33.0	20.0	51.5
Vampirovibriophyceae	0.0	5.0	6.0	0.0	0.0	20.0	10.5	0.0	8.0	0.0	1.0	5.0	0.0	1.0	0.0	0.0	5.5	1.0	0.0	24.0	6.0	0.0	57.0	14.0	0.0	0.0	2.0	0.0	0.0	0.0	6.0	50.5	0.0	14.0	10.0	9.0	0.0	6.5	27.0	0.0	44.0	1.0	0.0	0.0	0.0	0.0	0.0	0.0	0.0	0.0	8.0	0.0	0.0	0.0	340.0
Candidatus Hydrogenedentia	0.0	0.0	15.0	0.0	0.0	1.0	0.0	0.0	0.0	0.0	8.0	0.0	0.0	2.0	0.0	0.0	0.0	0.0	0.0	0.0	0.0	0.0	6.0	0.0	0.0	18.0	1.0	0.0	0.0	0.0	3.0	4.0	0.0	0.0	0.0	1.0	0.0	0.0	0.0	0.0	12.0	0.0	0.0	0.0	0.0	0.0	0.0	0.0	0.0	0.0	0.0	0.0	0.0	0.0	0.0
Candidatus Bipolaricaulia	1.0	25.5	127.5	4.0	40.0	151.5	67.0	1.0	58.0	23.5	238.5	49.0	0.0	126.0	2.5	1.0	35.0	107.0	127.0	59.5	35.0	0.0	56.5	34.0	1.0	63.5	19.0	8.5	84.0	19.0	34.0	140.5	15.0	72.5	171.5	131.5	40.5	189.5	85.5	240.0	112.0	0.0	1.0	0.0	0.0	0.0	0.0	0.0	0.0	11.0	92.0	1.0	8.0	142.0	32.0
Candidatus Methylomirabilia	28.5	45.0	214.0	13.5	295.5	566.0	115.5	4.0	287.0	36.0	449.5	223.5	2.0	284.5	25.0	21.5	141.5	223.5	218.0	172.0	94.5	0.0	160.0	85.0	2.0	157.5	50.0	54.5	125.5	60.5	101.5	344.0	18.0	202.5	249.5	274.0	185.5	471.0	300.5	559.5	506.5	0.0	1.5	1.0	0.0	0.0	1.0	1.0	1.0	167.5	391.5	0.0	94.5	177.5	195.5
Candidatus Entotheonellia	2.5	11.0	31.0	1.0	11.5	72.5	10.0	3.0	31.5	23.5	42.0	17.0	0.0	31.0	2.5	1.0	9.0	40.0	58.5	6.0	11.0	0.0	15.0	17.0	0.0	7.5	0.0	23.5	19.0	15.0	8.0	34.0	12.0	26.0	49.0	32.0	17.0	13.0	50.5	68.0	6.5	1.0	0.0	0.0	0.0	0.0	0.0	0.0	0.0	7.0	47.0	0.0	6.0	3.0	149.5
Candidatus Kapaibacteriia	0.0	0.0	0.0	0.0	5.0	17.0	6.0	0.0	0.0	1.0	23.0	0.0	0.0	5.0	0.0	2.5	0.0	3.0	0.0	7.0	5.0	0.0	0.0	0.0	0.0	5.0	0.0	5.0	22.0	10.0	4.0	3.0	1.0	7.0	1.0	6.0	5.0	0.0	6.0	3.0	0.0	0.0	0.0	0.0	0.0	0.0	0.0	0.0	0.0	0.0	14.0	0.0	0.0	0.0	0.0
Pedosphaerae	70.0	224.5	783.0	26.0	122.0	1639.0	1030.5	17.5	661.5	140.5	2080.5	705.0	4.0	870.5	57.0	60.0	522.0	817.5	822.0	520.0	382.5	6.0	1296.5	637.5	4.0	1184.5	364.0	343.0	1114.5	355.5	958.0	1287.5	87.0	1018.5	855.0	1153.0	665.0	1241.0	1425.5	2449.5	1831.0	0.0	3.0	5.0	4.0	3.0	4.0	2.0	2.0	228.5	901.0	1.0	524.0	573.5	447.0
