	SAMPLE_100008_1	SAMPLE_100008_2	SAMPLE_100008_3	SAMPLE_100137_1	SAMPLE_100137_2	SAMPLE_100137_3	SAMPLE_100177_1	SAMPLE_100177_2	SAMPLE_100177_3	SAMPLE_100200_2	SAMPLE_100200_3	SAMPLE_100206_1	SAMPLE_100206_2	SAMPLE_100206_3	SAMPLE_100217_1	SAMPLE_100217_2	SAMPLE_100217_3	SAMPLE_100248_1	SAMPLE_100248_2	SAMPLE_100248_3	SAMPLE_100255_1	SAMPLE_100255_2	SAMPLE_100255_3	SAMPLE_100256_1	SAMPLE_100256_2	SAMPLE_100256_3	SAMPLE_100257_1	SAMPLE_100257_2	SAMPLE_100257_3	SAMPLE_100261_1	SAMPLE_100261_2	SAMPLE_100261_3	SAMPLE_100267_1	SAMPLE_100267_2	SAMPLE_100267_3	SAMPLE_100306_1	SAMPLE_100306_2	SAMPLE_100306_3	SAMPLE_100337_1	SAMPLE_100337_2	SAMPLE_100337_3	SAMPLE_NTC_1	SAMPLE_NTC_2	SAMPLE_NTC_3	SAMPLE_NTC_4	SAMPLE_NTC_5	SAMPLE_NTC_6	SAMPLE_NTC_7	SAMPLE_NTC_8	SAMPLE_water1_1	SAMPLE_water2_1	SAMPLE_water3_1	SAMPLE_water4_1	SAMPLE_water5_1	SAMPLE_water6_1
Methanobacterium	33.0	124.0	528.0	31.5	82.5	1042.0	327.5	9.5	653.0	72.0	1197.5	339.5	3.5	463.0	25.0	116.0	213.0	509.0	469.0	274.5	242.5	4.0	316.0	148.0	3.5	1233.5	203.0	201.0	539.5	174.5	171.5	826.5	35.0	418.0	583.5	802.5	323.0	854.5	640.0	1172.5	943.0	2.0	2.0	0.0	3.0	4.0	4.0	5.0	2.5	152.5	832.0	4.5	177.0	205.5	261.0
Methanobrevibacter	423.5	745.0	4897.5	151.5	2825.5	6277.5	2196.5	151.0	3441.0	661.0	6361.5	5593.0	20.5	3154.0	1107.0	405.0	2124.5	3479.0	3680.0	2121.5	2257.5	19.5	1980.5	1707.5	21.0	4298.5	1245.0	1021.5	5366.0	1379.5	1364.5	5331.0	376.0	4383.0	3889.5	4217.5	2336.5	6820.0	5389.5	8107.5	10897.5	8.5	12.5	12.5	15.5	21.0	12.0	19.5	20.5	871.5	3687.5	15.0	2006.0	1521.5	3025.5
Methanohalophilus	1.0	8.0	64.0	1.0	6.0	65.0	26.0	23.5	44.0	3.0	54.0	20.0	0.0	7.0	2.0	2.0	40.5	58.5	15.0	33.5	11.5	0.0	44.0	17.0	0.0	80.0	11.0	19.0	11.0	7.0	81.5	20.0	1.0	118.5	32.0	24.5	10.0	52.0	40.0	286.5	48.5	0.0	0.0	0.0	0.0	0.0	1.0	0.0	1.0	14.0	15.5	0.0	29.0	19.0	73.5
Methanothermus	2.0	7.0	23.5	2.0	5.0	55.0	25.5	1.0	4.5	13.0	69.0	21.0	0.0	23.0	0.0	2.0	22.0	45.0	21.5	15.0	11.0	1.0	30.0	9.0	0.0	40.5	8.5	0.0	19.0	248.0	2.0	40.0	1.0	27.0	32.5	30.0	25.0	81.0	53.5	23.5	180.5	0.0	0.0	0.0	0.0	0.0	0.0	1.0	0.0	2.0	27.0	0.0	0.0	1.0	0.0
Methanococcus	728.5	1122.5	6966.5	240.0	964.0	7965.5	4661.0	753.5	7364.0	889.5	8256.0	9136.5	52.5	2277.0	1375.5	1303.0	4046.5	2586.0	6914.0	3067.5	2370.5	22.0	4830.0	2746.0	32.0	8921.5	1922.0	3320.5	11015.5	4990.5	2361.5	8752.0	303.5	5723.0	3503.0	7153.5	3100.0	8898.5	7730.0	11633.0	14521.0	15.0	17.5	17.0	15.5	22.0	32.0	31.0	24.0	4438.0	4724.0	22.5	9691.5	3274.5	19035.0
Methanocorpusculum	17.0	65.0	233.0	26.5	25.0	285.0	178.0	10.5	102.5	30.0	248.0	741.5	1.0	122.5	4.5	8.5	57.0	128.0	216.0	137.5	84.0	0.0	126.0	63.0	1.0	158.0	70.5	94.5	178.0	20.5	51.0	234.5	12.5	179.0	222.0	183.0	251.5	230.5	142.0	410.0	411.5	1.0	0.0	0.0	0.0	1.0	1.0	0.0	0.0	15.5	191.0	0.0	20.0	46.0	30.5
Methanogenium	4.0	3.5	34.0	3.0	5.5	47.0	21.0	0.0	94.0	3.0	106.0	16.0	0.0	45.5	0.0	6.0	10.0	48.0	83.0	40.0	0.0	0.0	21.0	8.0	0.0	14.5	12.0	64.5	13.0	0.5	4.0	21.0	1.0	61.5	43.0	52.5	26.0	64.5	52.5	29.0	160.0	0.0	0.0	0.0	0.0	0.0	0.0	0.0	1.0	0.5	2.0	0.0	10.0	10.0	0.0
Methanospirillum	0.0	12.5	94.0	4.0	2.0	53.5	27.0	11.5	35.0	7.5	107.0	66.5	0.0	71.0	2.0	5.0	16.0	54.0	122.0	34.0	14.0	0.0	21.0	17.5	1.0	232.5	10.0	19.0	61.0	33.5	2.0	53.0	12.0	36.0	83.5	37.0	36.0	46.5	21.5	112.5	43.5	0.0	0.0	0.0	0.0	0.0	0.0	0.0	0.0	30.0	73.0	0.0	4.0	26.0	29.5
Methanomicrobium	0.0	11.0	3.0	1.0	4.0	23.0	4.0	0.0	2.0	2.5	11.0	54.0	0.0	11.0	0.0	0.0	0.0	5.0	16.5	16.0	11.0	0.5	1.0	3.5	0.0	0.0	27.0	3.0	61.5	0.0	0.0	21.5	10.0	13.5	6.0	0.0	1.0	6.0	0.0	8.0	29.0	0.0	0.0	0.0	0.0	0.0	0.0	0.0	0.0	34.0	12.0	0.0	16.5	0.0	0.0
Methanosarcina	992.5	1781.5	8961.0	273.0	1447.5	13288.5	6234.0	884.0	6670.0	1359.0	12587.5	16916.0	44.0	5531.5	985.0	683.0	3267.5	5245.5	9948.5	5146.0	2763.5	35.5	6232.0	3405.5	35.0	8702.0	2049.0	2243.5	8904.0	4603.5	2488.0	12556.0	411.0	6039.5	5653.0	18591.5	4132.0	9890.5	8092.0	18884.5	14378.0	13.5	23.0	28.0	26.0	30.5	36.5	28.5	39.5	2813.0	8765.5	34.5	4513.0	3126.5	13103.5
Methanolobus	1.0	14.5	177.0	6.0	13.0	85.0	45.5	1.0	82.0	13.5	93.0	38.5	0.0	62.0	0.0	2.0	10.5	37.0	91.5	81.0	11.0	1.0	12.0	18.0	1.0	13.5	7.0	11.0	28.0	18.0	12.0	59.0	0.0	21.0	57.5	35.0	30.0	60.5	61.0	69.0	7.0	0.0	0.0	1.0	0.0	0.0	0.0	0.0	0.0	15.5	62.5	0.0	15.0	21.0	6.5
Methanothrix	343.0	1189.5	5384.0	351.0	650.0	7070.0	2390.0	232.0	4527.5	704.0	7936.0	3720.0	31.0	3552.0	585.5	493.5	1670.5	3311.5	5283.5	2171.0	1271.5	19.0	2680.0	1710.0	17.5	7035.0	1294.0	1400.5	4693.5	1344.0	1326.5	7362.0	364.0	3825.0	5376.5	9338.5	2675.0	6140.0	6103.0	9103.5	7711.0	5.5	7.0	11.5	14.0	15.0	18.0	11.0	22.5	1682.5	5050.0	14.0	3089.0	2065.5	8255.0
Methanococcoides	108.0	226.0	1165.5	32.0	757.5	1504.0	397.5	127.0	1259.0	143.5	1546.0	1209.0	4.0	480.5	120.0	164.0	423.5	454.0	1264.0	564.5	200.0	5.0	970.5	427.5	2.5	995.0	359.0	425.0	2410.0	200.0	1348.0	566.5	38.0	937.5	411.0	705.0	285.0	1101.0	905.5	1573.5	3453.0	1.0	2.0	3.0	6.0	4.5	4.0	6.0	3.0	312.0	2380.0	3.5	921.5	358.0	1014.5
Archaeoglobus	160.0	532.0	2153.5	69.0	586.0	2783.0	868.5	194.5	1497.5	330.0	3744.0	1376.5	19.5	1794.5	142.5	129.5	644.5	1678.5	2238.5	1422.0	795.5	4.0	1297.5	740.0	9.5	1680.0	555.5	525.5	1738.0	652.0	570.0	2467.0	275.5	1524.0	2092.5	2230.5	1291.0	2985.0	1987.5	3948.5	3095.0	6.0	1.0	4.0	2.0	7.5	8.5	7.5	8.0	766.0	2244.0	6.0	843.0	673.5	1952.5
Haloarcula	637.0	1693.5	6942.5	322.0	2593.0	11234.0	2665.5	193.0	5402.0	1088.0	15009.0	3975.0	35.5	7309.5	276.0	322.5	2534.5	7488.0	7582.0	3496.5	2105.0	33.5	3633.0	2495.5	42.0	9636.0	1908.5	1778.0	4565.5	2276.0	1337.5	9158.0	750.0	5333.5	7656.0	7134.0	4077.0	9445.5	6153.0	12822.5	9537.0	15.0	10.0	20.0	16.0	22.0	12.5	26.0	21.0	1774.5	7167.5	17.5	2218.5	2106.0	2185.0
Halobacterium	507.0	1094.0	3467.5	227.5	878.0	5258.5	2452.0	2962.0	3240.5	776.5	4950.0	5140.0	29.0	1843.0	763.5	756.5	2801.5	1559.5	5758.5	2559.0	1879.5	21.0	3022.0	1653.5	26.0	14554.5	1511.5	2226.0	7620.5	3035.0	1587.0	3064.5	161.0	3443.0	4321.0	3521.0	2405.0	5140.0	6148.0	7033.0	14902.5	13.0	12.0	7.5	13.5	21.0	13.5	19.5	22.0	6639.0	4230.0	19.0	5736.0	1912.5	5980.5
Halococcus	285.0	373.0	3009.5	128.0	192.5	5190.5	1637.5	142.0	1782.0	448.5	3394.0	2373.0	16.0	1397.0	186.5	408.5	909.5	2416.5	4978.5	1231.5	1143.0	18.5	1797.0	1103.0	28.5	3048.5	698.0	928.0	2133.0	798.0	1648.5	2158.5	194.0	1824.5	1296.5	2158.0	1345.0	3629.5	2185.0	13401.0	17010.5	12.5	14.0	17.0	13.5	29.5	28.5	40.0	32.5	6267.5	2121.0	9.5	5032.0	1719.0	4290.0
Haloferax	66.0	137.0	1123.5	311.0	137.5	891.5	272.0	52.5	667.0	92.0	890.5	593.5	3.0	510.0	125.5	38.5	169.5	537.5	1069.0	374.0	429.5	4.0	494.5	222.5	3.5	741.0	206.5	202.5	876.0	187.0	195.0	643.0	87.0	415.5	544.0	1004.0	272.5	670.5	653.0	1479.0	737.5	1.0	0.5	2.0	2.0	1.5	2.0	3.0	0.5	116.0	654.5	1.0	386.0	159.5	324.5
Natronobacterium	11.0	24.0	72.0	3.0	9.0	145.5	22.0	6.0	40.0	16.0	208.5	53.5	0.0	110.5	6.5	26.0	56.5	70.0	166.5	74.0	18.0	0.0	36.0	31.0	0.0	74.5	18.0	74.0	131.0	7.5	29.0	109.5	29.5	117.0	64.0	85.5	32.5	118.5	58.5	452.5	373.5	2.0	0.0	0.0	0.0	0.0	0.0	2.0	0.0	95.5	79.0	0.0	31.0	6.5	202.5
Pyrococcus	380.0	631.0	4182.5	210.5	380.5	6076.5	2623.5	307.0	3976.0	517.5	5565.0	4577.5	27.0	1784.5	584.0	399.5	1455.0	1940.5	3714.0	1976.0	1413.5	9.0	2702.0	1465.0	14.0	4339.5	1019.0	1268.0	3972.0	1762.5	1580.5	3305.5	316.0	3402.5	2317.5	5677.0	1962.5	4737.5	3974.0	7080.0	13586.0	5.5	16.0	16.0	14.5	21.0	14.0	27.0	20.0	1586.0	3531.0	20.5	3881.0	1438.5	12417.0
Thermococcus	317.0	467.5	2344.0	86.0	622.0	3436.5	2117.5	254.5	2812.5	321.5	3709.5	3203.5	16.0	1183.5	286.5	280.5	1544.5	1304.5	2430.5	1331.0	1139.0	9.0	2289.5	1008.5	12.0	2857.0	895.5	1080.0	3346.0	2076.0	1104.0	2262.0	183.5	2502.5	1586.5	1924.0	1402.0	3011.0	2607.5	6170.5	9346.5	19.5	9.5	12.0	12.5	13.0	17.5	15.5	13.0	1292.5	2539.0	14.5	1616.5	1182.5	6661.5
Thermofilum	97.0	136.5	1659.5	35.0	220.5	1757.5	930.0	27.0	1203.5	149.5	1405.5	1130.0	12.0	715.0	156.5	104.0	376.0	658.5	1313.0	671.5	489.5	6.5	670.0	375.5	3.0	847.5	261.5	353.0	1502.5	390.5	347.5	3130.5	102.5	776.5	1031.5	4231.0	672.0	1343.5	1727.5	2119.0	1513.0	2.0	4.0	1.5	3.0	4.0	6.0	3.0	4.0	270.0	1021.0	5.0	643.5	484.0	3299.5
Thermoproteus	219.0	452.5	2330.5	226.0	370.5	3571.5	1226.0	93.5	2530.0	265.5	4160.0	2938.0	18.5	2126.5	529.5	459.5	714.5	1788.0	2894.0	1141.5	790.5	11.0	1435.5	844.0	8.5	1791.5	590.0	1300.5	1907.5	728.0	518.0	2632.5	304.5	1731.5	2114.5	2366.0	1171.5	3757.0	2943.5	4298.0	4013.0	2.5	10.5	3.0	10.5	10.5	9.0	11.0	9.0	523.0	2256.5	4.5	934.0	801.0	7632.5
Desulfurococcus	1852.5	3078.5	16869.0	666.0	2734.0	24451.5	14285.5	1692.0	23115.5	2133.0	25894.0	18461.5	116.5	9398.5	2196.5	1686.5	7488.0	9609.0	23206.0	9494.5	6303.0	84.0	11831.5	8678.5	64.0	16272.0	4718.5	7868.5	18038.5	11677.0	5658.0	16759.5	1770.0	15601.5	10825.0	28385.5	11337.0	22267.5	21479.5	36866.5	37596.5	41.0	50.5	56.5	51.0	57.5	51.0	89.5	87.0	22212.5	20336.5	65.0	10869.5	7500.5	29892.0
Pyrobaculum	3053.0	4878.5	27352.0	1288.0	4170.5	41486.0	23994.5	1832.0	23339.5	4298.0	35625.5	29081.5	197.5	17808.0	4758.0	4227.5	12983.5	16215.0	34271.0	14589.5	9229.5	142.5	19640.0	12474.5	163.0	32324.0	8765.0	9901.0	34306.0	27060.5	8463.5	28160.5	2015.0	28921.0	18921.0	33419.5	15559.0	38373.0	33686.0	65790.5	57360.5	57.5	76.5	70.5	87.0	117.0	110.5	134.5	147.5	15319.0	32542.0	96.0	23708.0	12772.5	52075.0
Staphylothermus	283.5	517.5	3869.5	119.5	343.0	4828.5	2022.0	188.5	2921.0	550.5	4013.5	2381.5	22.0	1853.0	377.5	522.0	1268.5	1805.5	2692.0	1905.0	930.0	5.0	2020.5	1507.0	13.5	3441.0	599.5	991.5	3640.0	1183.0	1210.5	3438.5	288.0	3106.0	2241.5	2707.0	2842.5	4321.5	4020.5	6394.5	6745.5	9.0	9.0	10.0	4.0	15.0	9.5	11.0	17.0	1076.0	2905.0	8.0	1572.5	1029.5	4655.0
Sulfolobus	118.0	248.5	1732.5	51.0	166.5	2647.0	1916.5	161.5	1403.0	239.0	2256.0	1083.0	9.0	747.5	236.0	281.5	1157.0	675.5	1771.5	871.0	894.0	6.5	946.0	584.0	13.5	1362.5	471.0	581.0	1735.0	1427.5	715.0	1386.5	64.0	1142.0	846.5	1408.0	812.5	2281.5	1817.5	3279.5	3521.0	3.5	6.0	5.5	3.5	5.0	4.5	9.0	7.0	742.0	1995.0	10.5	1117.5	879.5	9454.5
Thermoplasma	14.0	27.0	200.5	6.0	13.5	262.0	113.5	4.0	146.5	16.0	297.5	132.0	1.0	126.5	36.5	15.0	66.0	91.0	378.0	78.0	78.0	0.5	110.5	50.5	1.0	110.5	26.0	99.0	200.0	21.5	57.5	174.5	3.0	151.5	143.5	216.0	71.5	247.5	90.5	281.0	354.5	1.0	1.0	1.0	2.0	0.0	0.0	0.5	2.0	41.0	102.5	1.0	13.5	39.0	221.0
Pyrodictium	666.0	905.5	4959.5	223.0	397.0	4976.5	2247.5	643.0	4540.0	536.0	7779.5	4589.5	41.5	2867.0	949.5	516.5	2714.0	2529.5	9628.0	2070.5	2065.5	24.0	5056.5	1683.5	19.5	4615.5	2418.5	1532.5	5416.5	1586.5	1447.0	8684.5	665.0	2980.0	2796.5	4029.0	2212.0	5678.5	3729.5	7681.5	10951.5	10.5	11.0	9.5	12.0	16.0	15.0	16.0	21.5	2325.0	2644.5	11.0	2232.5	1717.5	4108.0
Methanoplanus	227.5	297.5	1465.0	161.5	75.0	1301.5	1005.0	91.0	2097.5	159.5	1958.5	2371.5	11.0	983.5	271.0	131.5	446.0	470.0	2745.5	603.5	687.0	10.0	1236.0	694.0	5.5	1528.0	1424.5	536.5	1222.0	240.5	203.0	766.5	62.0	589.0	617.0	557.0	529.5	984.5	729.5	3534.5	1100.0	2.0	1.0	5.0	2.5	4.0	2.5	4.5	3.5	285.5	1067.0	3.5	4886.5	409.0	685.5
Methanosphaera	81.5	149.5	559.5	18.5	166.0	754.0	425.5	16.0	722.0	106.5	897.5	686.0	5.5	300.0	38.5	53.5	288.0	320.0	960.0	333.5	256.0	3.5	396.0	291.5	3.5	406.5	177.5	187.0	540.0	201.0	153.0	591.0	41.0	609.5	423.5	716.5	270.0	795.0	760.0	1193.5	899.0	1.5	0.5	2.0	0.0	1.0	1.0	5.5	5.0	214.5	407.0	3.5	711.0	375.0	581.0
Methanopyrus	580.5	1113.0	4740.5	180.5	703.0	7718.5	2380.0	328.5	6564.0	569.0	6571.5	3973.5	29.0	8520.0	498.0	477.0	2520.0	3617.5	5854.0	2719.5	3710.5	29.0	3284.5	2200.0	19.0	3982.5	1166.0	1177.5	8189.5	1995.0	1595.5	7251.5	350.0	3706.0	3184.0	5659.0	2612.0	6353.5	4662.0	10292.5	6619.5	12.5	12.5	10.0	12.0	21.5	12.0	28.0	21.0	2672.0	4512.5	15.0	7330.5	2240.5	7189.0
Methanohalobium	0.0	17.0	89.0	0.0	6.5	99.0	24.0	7.0	28.5	2.5	60.5	26.5	1.0	55.0	0.0	3.0	23.0	63.5	18.5	26.0	7.5	0.0	17.0	14.0	0.0	11.5	6.0	8.0	24.5	31.0	4.5	63.0	12.0	46.0	84.0	56.0	46.5	45.0	44.0	134.5	74.5	0.0	0.0	0.0	0.0	0.0	1.0	0.0	0.0	16.5	80.0	0.0	7.0	9.0	32.0
Acidianus	196.5	516.5	2486.0	103.5	244.5	3662.5	1687.0	337.0	1743.5	342.0	3590.5	1908.5	18.5	1547.5	345.0	289.5	943.0	1559.5	3649.0	1247.5	744.5	7.0	1284.5	991.5	10.5	1921.5	735.0	710.5	2535.5	2234.0	578.5	3046.5	321.0	2344.5	1722.5	2336.5	1434.0	3696.5	2995.5	4823.5	3996.0	9.5	6.0	7.5	4.5	8.0	10.5	11.5	5.0	4233.0	2370.5	8.0	1057.5	485.5	2583.5
Natronococcus	18.0	35.5	240.5	9.0	20.0	214.5	109.0	20.5	38.5	28.0	225.0	97.5	0.0	176.5	6.5	14.0	53.0	110.0	216.5	61.5	35.5	0.0	117.5	48.5	2.0	137.5	39.0	50.0	224.0	40.5	31.0	220.5	15.0	99.5	160.0	146.0	73.0	163.5	133.0	354.0	167.5	0.0	0.0	0.0	0.0	1.0	0.0	1.0	0.0	80.0	248.5	0.0	64.5	45.0	67.5
Stygiolobus	2.0	9.0	36.0	2.5	5.0	53.0	19.0	1.5	6.0	5.0	81.0	22.0	0.0	88.0	2.0	4.0	0.0	50.0	6.0	5.0	0.0	0.0	30.0	17.0	1.0	61.5	15.0	17.0	37.0	1.5	10.0	33.5	8.0	13.0	39.0	33.0	40.5	39.0	27.0	50.0	876.0	0.0	0.0	0.0	0.0	1.0	0.0	1.0	0.0	0.0	46.0	0.0	2.0	0.5	0.0
Metallosphaera	330.0	602.0	3047.0	79.5	345.0	3184.5	1720.5	445.0	3151.0	614.5	2621.0	5838.5	18.5	907.5	538.0	449.0	1585.0	923.5	2027.0	1370.5	1252.0	8.5	1718.5	1216.0	8.5	2886.0	718.0	1110.0	4277.5	3614.5	1130.5	1899.0	105.5	2880.0	1491.0	4491.0	1176.5	2309.0	3355.0	5121.0	4605.0	18.5	13.0	7.0	4.0	11.5	13.5	11.5	10.0	1429.0	2114.0	15.5	12162.5	1384.0	4984.5
Halobaculum	154.5	201.5	2042.0	51.0	98.5	1481.0	707.5	71.5	1012.0	111.5	1437.0	1080.5	9.5	459.0	218.0	219.0	323.5	445.0	2645.5	481.5	414.5	2.0	1638.5	467.0	9.5	6617.0	293.0	414.5	987.0	295.0	695.5	666.0	47.0	906.5	602.0	730.0	405.0	1748.5	1003.0	1551.0	2274.0	15.5	3.5	1.5	2.0	1.0	4.0	0.0	4.5	302.5	1395.0	5.5	1212.0	560.5	982.0
Methanoculleus	4.5	29.0	59.5	3.0	6.0	82.0	32.0	3.5	35.5	6.0	142.5	49.5	1.0	24.0	0.0	0.0	22.5	49.5	36.0	8.0	37.5	0.0	51.0	18.5	0.0	18.0	27.0	0.0	65.5	1.0	54.0	88.0	17.0	36.0	32.0	41.0	30.0	47.0	35.0	107.0	204.0	0.0	1.0	1.0	1.0	0.0	0.5	0.0	0.0	27.0	55.5	0.0	38.0	29.5	28.0
Picrophilus	93.0	100.5	1076.5	36.5	60.0	1175.0	488.5	58.5	402.5	169.5	993.0	793.0	5.5	563.0	126.0	128.5	160.0	678.0	696.0	420.5	321.5	2.0	848.0	216.5	1.0	804.5	322.5	235.0	1980.0	888.5	239.5	806.5	75.5	920.5	625.5	525.0	681.5	1243.5	830.0	1210.0	9894.0	1.0	3.5	8.5	11.5	12.0	5.5	8.5	13.5	328.0	811.0	2.5	648.5	391.5	688.0
Candidatus Cenarchaeum	2.0	13.5	22.0	0.0	7.0	137.0	31.0	2.0	138.5	6.0	79.0	42.5	0.0	86.0	1.5	3.0	3.0	36.0	55.0	22.0	22.0	0.0	25.0	22.5	0.0	31.0	8.0	1.0	28.5	32.0	2.0	76.0	1.0	110.0	70.0	53.0	24.0	40.0	55.0	174.0	104.0	0.0	0.0	0.0	0.0	0.0	1.0	0.5	0.0	18.0	63.0	0.0	17.0	0.0	42.5
Stetteria	0.0	0.0	0.0	0.0	0.0	0.0	0.0	0.0	0.0	0.0	0.0	0.0	0.0	0.0	0.0	0.0	0.0	0.0	0.0	0.0	0.0	0.0	0.0	1.0	0.0	0.0	0.0	0.0	0.0	0.0	0.0	0.0	0.0	0.0	0.0	0.0	0.0	0.0	0.0	0.0	1.0	0.0	0.0	0.0	0.0	0.0	0.0	0.0	0.0	0.0	0.0	0.0	0.0	0.0	0.0
Sulfophobococcus	643.5	1319.0	6397.0	250.0	1331.5	11705.0	6181.0	421.0	12904.5	959.0	12231.0	8084.0	51.5	4726.0	610.5	711.5	3031.0	4359.0	9195.0	4100.5	3244.0	35.5	5142.5	3550.5	40.0	10072.5	2045.0	6552.0	7998.5	5348.5	2397.5	7283.0	641.0	6566.5	5416.0	6595.5	4201.0	7964.5	8476.5	12863.5	13494.0	19.5	24.0	24.5	18.5	29.0	23.5	23.5	27.5	3081.0	7389.0	23.5	6064.0	4068.5	11941.0
Hyperthermus	6655.0	9102.5	86002.5	2548.0	6874.5	125348.0	29985.5	3485.5	130337.5	7915.5	73097.0	81447.5	464.5	24039.5	7154.0	4332.5	25820.0	28970.5	65339.0	34709.0	24775.0	408.5	34120.5	26954.0	272.5	56678.0	15864.5	24249.0	91513.5	31541.0	102598.5	771861.5	2950.0	135375.5	92278.5	89141.0	51338.5	124391.0	132656.5	121309.0	153704.0	168.0	186.0	207.5	180.0	291.5	275.0	416.5	293.5	34328.0	58990.5	261.5	79858.5	50341.0	77315.0
Thermodiscus	122.5	327.5	2107.0	45.5	198.0	2316.0	817.0	64.5	1335.5	203.5	1900.5	1354.0	8.0	899.5	247.5	181.5	690.0	1067.0	2344.5	774.5	1668.0	16.5	1270.5	679.0	15.0	2906.0	364.0	815.0	2199.0	524.0	753.0	1654.0	142.5	1637.0	1467.5	1955.5	977.5	2223.0	1787.5	3007.5	3095.5	3.0	6.5	8.0	5.0	4.5	10.0	12.5	10.0	493.5	1333.0	5.5	1608.5	625.5	1732.5
Pyrolobus	7.0	21.5	205.0	10.5	26.5	278.0	71.0	3.0	341.0	27.0	215.0	60.0	0.5	84.0	2.5	19.5	28.0	133.5	157.5	57.5	77.5	1.0	138.5	81.5	2.0	172.0	43.0	76.5	171.5	79.0	145.0	237.0	29.0	373.0	125.0	198.5	73.0	239.0	227.0	342.5	425.5	2.0	0.0	1.0	1.0	2.5	1.0	4.0	0.0	0.0	97.0	0.0	33.5	64.5	91.0
Thermosphaera	37.5	56.0	433.5	38.0	24.5	481.5	240.0	26.0	221.5	63.5	469.0	465.5	0.5	211.5	127.0	62.0	195.0	279.5	482.5	291.0	77.5	1.0	227.0	177.5	4.0	373.5	124.0	121.5	2469.5	74.5	191.0	339.5	40.0	386.5	224.0	380.0	156.5	770.5	1325.0	326.5	711.0	0.0	0.0	1.0	1.0	0.0	0.0	2.0	1.5	120.0	308.0	0.5	635.0	55.0	802.0
Ignicoccus	424.0	594.5	2879.5	149.0	677.5	3928.0	1618.5	143.0	2347.0	466.5	4681.5	2372.5	12.5	2825.5	211.5	309.5	996.0	2182.5	3729.5	1471.0	1346.0	21.0	1848.5	1495.0	18.0	2833.5	844.0	789.5	3548.5	906.5	776.5	3472.0	285.5	2400.0	2551.5	2643.0	1395.5	4320.0	3052.0	5462.5	5478.5	2.5	8.0	13.5	9.0	12.0	14.5	13.5	6.0	871.5	2919.0	11.0	1322.5	1183.0	4823.5
Ferroglobus	226.5	544.0	1993.0	105.0	320.5	3230.0	1132.0	197.5	1422.0	333.5	3066.5	1991.0	52.5	1585.0	149.0	173.0	849.5	1410.5	2312.0	1170.5	2870.0	10.5	1353.0	767.0	17.5	1994.0	679.0	644.5	1988.0	650.5	877.0	2497.5	192.0	1996.5	1482.5	1931.5	1208.5	2620.5	2285.0	4008.0	2905.0	17.5	27.0	6.5	6.0	9.0	11.5	4.0	10.0	593.0	2766.0	23.5	774.0	795.5	64024.0
Aeropyrum	399.0	887.5	4012.5	180.5	452.0	7239.0	2308.5	261.0	4289.0	782.5	6130.0	3593.0	22.5	3088.5	379.5	370.0	1801.5	3580.5	3954.5	2625.5	1430.0	24.5	2346.0	1923.0	16.0	4064.0	1055.5	1236.5	5007.0	1663.5	1132.5	5626.5	378.5	4597.0	4830.5	4062.5	2470.5	6388.0	5158.0	9604.0	7683.5	5.0	6.0	14.0	11.0	15.0	22.0	21.0	17.5	908.5	4223.5	14.5	4389.5	1700.5	4970.0
Halorubrum	1037.5	2807.5	8347.0	633.0	678.5	11369.5	6082.5	509.5	10913.5	1170.5	12029.0	9181.5	87.0	4250.0	1735.5	1360.5	2931.5	5350.0	11726.0	3817.0	2939.5	37.0	5660.5	3233.5	29.5	9670.5	5218.5	4370.0	9620.0	2994.5	2755.5	7739.5	760.0	6387.5	5267.5	11254.5	3619.0	11342.0	9262.5	12970.5	18079.5	31.5	44.5	17.5	16.5	38.5	20.0	30.0	52.5	2773.5	6646.5	50.0	6641.0	3052.0	54985.0
Caldococcus	3.0	3.0	1.0	1.0	0.0	15.0	5.0	0.0	14.0	0.0	3.0	9.0	0.0	15.0	0.0	0.0	4.0	18.0	1.0	16.0	0.0	0.0	5.0	1.0	0.0	3.0	0.0	14.0	0.0	5.0	0.0	15.0	11.0	0.0	5.0	11.5	7.0	9.0	5.0	41.0	17.0	0.0	0.0	0.0	0.0	0.0	0.0	0.0	0.0	0.0	8.0	0.0	0.0	0.0	0.0
Halogeometricum	674.0	1150.0	5479.5	214.5	3305.5	7964.0	2938.5	315.5	4480.0	810.0	8180.5	6204.0	39.5	3770.0	702.0	502.5	2418.5	3602.0	7631.0	3069.5	1766.0	30.5	4359.5	2227.5	31.0	5504.0	1654.5	1627.0	5907.5	2363.5	1695.5	5480.0	499.0	5083.0	5707.0	11411.0	3161.5	7599.5	6213.0	10757.5	28064.5	16.5	15.0	23.5	22.0	43.0	30.5	49.0	37.0	1531.0	5013.5	11.0	7226.5	2438.5	11871.5
Thermocladium	15.5	19.0	200.5	3.5	15.5	307.0	88.5	0.0	110.0	31.0	249.5	155.5	1.0	125.5	1.5	3.5	30.5	88.0	167.0	41.5	53.5	0.5	80.5	70.0	0.0	61.5	41.0	38.0	193.5	87.0	28.0	196.5	22.0	123.5	125.5	173.5	48.0	186.0	146.5	360.0	107.0	0.0	1.0	1.0	0.0	2.0	0.0	1.0	0.0	21.0	329.0	0.0	46.0	47.5	71.0
Natrialba	53.0	147.0	512.0	27.5	60.5	908.0	341.0	32.0	617.0	135.0	1095.5	445.0	2.5	337.0	35.5	46.0	177.0	441.0	645.0	304.5	210.5	3.0	538.0	262.0	1.0	828.5	180.0	325.0	634.0	128.5	154.5	713.0	36.5	546.5	463.0	723.0	337.0	780.5	779.0	1882.0	1159.0	0.0	2.5	0.0	1.0	1.0	5.0	2.0	3.5	276.0	943.5	3.0	327.0	336.0	1159.0
Natronomonas	17.5	37.0	109.0	6.0	11.0	212.0	62.0	14.5	170.0	101.5	268.5	71.5	1.0	105.0	3.0	8.0	122.0	100.0	169.0	107.5	23.0	1.0	149.5	88.0	1.0	192.0	43.0	62.5	109.5	55.0	24.5	177.5	18.0	154.5	114.0	162.0	49.5	155.5	166.5	310.0	489.5	0.0	0.0	0.0	0.0	1.0	0.0	1.0	0.0	19.0	179.5	0.0	103.0	37.5	98.5
Sulfurisphaera	23.0	95.5	292.0	12.0	17.0	435.0	127.5	5.5	402.5	51.0	237.0	214.0	11.0	186.0	27.5	17.5	89.0	151.0	237.0	96.5	66.5	1.0	135.0	78.0	2.0	175.0	27.0	58.0	263.0	88.5	133.0	257.5	16.0	236.0	199.5	156.5	138.5	274.5	161.5	425.5	598.0	1.0	2.0	1.0	0.0	3.0	1.0	2.0	0.0	42.0	162.5	2.0	64.5	80.5	2432.5
Methanocalculus	56.0	77.0	468.5	33.0	94.5	1055.0	235.5	74.0	374.0	116.0	671.0	1141.5	3.0	479.0	79.5	66.0	229.0	427.0	517.0	263.0	171.5	1.0	260.0	264.0	2.0	319.5	79.5	190.0	780.5	185.5	86.0	921.0	44.5	345.0	479.0	1099.5	1210.5	731.0	725.0	1058.5	723.5	1.0	1.5	4.0	1.0	0.0	1.0	4.5	2.0	82.5	449.0	1.5	159.0	187.0	2492.5
Ferroplasma	8.5	4.5	28.0	0.0	1.0	19.0	24.0	0.0	7.0	12.0	56.0	7.0	0.0	12.5	1.0	3.0	16.0	17.0	76.0	32.0	4.0	0.0	2.0	12.5	0.0	2.0	3.0	25.0	31.0	1.0	5.0	26.0	0.0	87.5	72.5	27.0	11.5	37.0	20.0	58.0	20.0	0.0	0.0	0.0	0.0	0.0	0.0	0.0	0.0	11.0	24.0	0.0	0.0	10.0	0.0
Caldivirga	114.5	452.0	1433.0	57.5	175.5	2595.0	661.0	58.0	1035.0	196.5	2287.5	7300.5	9.0	980.0	150.5	166.5	306.0	1216.5	2020.0	574.0	341.0	6.5	755.5	522.5	12.5	3271.0	353.5	399.0	4858.5	422.0	753.0	4197.0	428.0	1262.5	1711.5	3349.5	730.5	1847.5	3128.0	2227.5	3015.5	0.0	3.0	2.5	4.5	10.0	6.5	7.0	5.0	221.5	1143.0	1.0	1172.5	1098.5	930.5
Methanofollis	6.0	54.5	194.0	8.0	18.5	222.5	73.0	10.5	148.0	27.0	149.5	169.0	0.5	110.5	18.5	69.0	86.0	116.0	259.0	87.0	55.0	1.0	68.0	75.0	1.0	1904.0	47.5	55.0	103.0	7.0	72.5	202.0	9.0	156.5	102.0	155.0	57.5	278.0	146.5	169.5	399.5	0.5	0.0	1.0	0.0	0.0	0.0	2.0	1.0	11.5	246.0	0.0	190.0	15.0	129.0
Palaeococcus	27.0	23.0	324.0	11.5	31.5	369.0	103.0	15.5	1982.5	50.0	343.0	163.0	6.0	72.0	12.5	8.0	181.5	84.0	415.0	127.0	80.0	3.0	134.5	192.0	0.0	327.5	76.5	122.0	149.0	41.5	127.0	265.0	19.0	291.0	149.5	148.0	73.0	455.5	438.0	311.0	428.5	2.0	1.0	0.0	0.5	2.0	0.0	1.0	3.0	176.5	499.0	1.0	388.0	76.5	223.5
Natrinema	19.5	86.0	132.0	4.5	20.0	125.0	130.0	7.0	163.5	47.5	188.5	70.0	0.0	74.0	35.0	20.0	66.5	80.0	217.0	55.0	15.0	2.0	96.5	78.0	1.5	331.0	87.0	71.0	221.0	22.0	133.5	98.5	0.0	98.0	87.0	168.5	85.5	112.0	717.0	414.5	687.5	0.0	1.0	1.0	0.0	0.0	0.0	1.0	1.0	66.0	191.5	1.0	181.5	38.0	105.0
Methanimicrococcus	83.0	377.5	1666.5	66.0	2528.0	2996.5	751.5	82.0	1184.5	301.0	3268.5	1870.5	10.5	1896.0	77.0	85.5	413.0	1890.5	1716.5	740.5	465.5	13.5	709.5	640.0	8.0	1274.5	560.5	339.0	1222.5	523.5	632.0	3321.5	334.0	1375.0	1850.5	3313.5	987.5	3218.0	1694.5	3012.0	3272.0	1.0	4.0	8.5	12.0	5.0	3.0	6.0	11.5	216.0	1542.5	4.0	361.0	518.0	770.0
Methanomethylovorans	0.0	0.0	0.0	0.0	0.0	1.0	7.0	3.5	0.0	1.0	5.5	4.0	0.0	1.0	0.0	0.0	0.0	4.0	19.0	27.0	11.0	0.0	0.0	0.0	0.0	0.0	0.0	3.0	0.0	0.5	3.0	16.0	0.0	0.0	6.0	10.0	4.0	2.0	2.0	17.0	37.0	0.0	0.0	0.0	0.0	0.0	0.0	0.0	0.0	0.0	0.0	0.0	0.0	0.0	0.0
Acidilobus	1622.5	4409.0	19149.0	486.5	1847.0	14466.0	5941.0	1493.0	18591.0	5979.5	10013.5	30466.5	128.5	3118.5	2574.5	2212.0	4416.5	6784.0	6929.0	8351.5	4348.5	58.0	6276.0	3466.5	51.0	11753.0	3072.5	7255.0	28219.5	7092.5	4928.0	8842.0	381.0	33308.5	10876.0	8038.0	4896.0	20297.5	23066.5	31249.0	31603.5	25.5	39.5	35.0	41.0	56.5	55.5	56.0	47.5	3810.5	19159.5	54.5	19922.5	3149.5	25812.5
Haloterrigena	46.0	113.0	501.0	12.0	66.5	588.0	199.5	15.5	236.0	47.5	543.0	184.0	1.5	298.5	40.5	26.0	103.5	345.5	574.0	182.0	53.0	1.0	255.0	177.0	3.0	299.0	100.0	89.0	487.5	92.0	135.0	411.0	15.5	254.0	413.5	287.5	176.5	546.0	448.5	899.5	432.5	0.0	0.0	1.0	1.0	3.5	0.0	0.0	0.0	174.0	408.0	1.0	176.5	117.0	374.5
Natronorubrum	144.5	254.0	1588.0	57.5	244.5	2331.5	506.0	96.5	1221.0	221.5	1988.0	935.5	9.0	884.0	194.5	162.0	522.5	823.0	1414.0	998.0	484.0	7.0	607.0	621.0	8.5	1613.0	379.5	615.5	1118.0	433.0	472.5	1586.0	151.0	1295.5	963.5	1589.5	718.0	2041.0	1357.0	3086.5	2426.5	2.0	1.0	2.0	1.0	7.5	6.5	4.5	7.5	368.0	1046.0	4.5	891.5	599.5	652.0
Methanothermobacter	773.5	2019.5	9391.5	332.5	4233.5	16083.5	4481.0	357.5	7581.0	1533.5	17695.5	6869.5	109.5	8665.0	1056.5	1113.0	3370.5	8998.0	10402.5	4938.0	3011.0	58.5	5934.5	3426.5	41.5	8965.5	2545.0	2440.0	8826.5	2938.5	2279.5	12935.0	945.0	8424.5	13935.0	17725.5	6603.0	15001.0	24912.5	17916.5	23264.5	32.0	48.0	22.5	31.5	46.5	32.0	39.0	57.0	3208.5	10232.0	51.5	3454.0	3480.0	94267.0
Halorhabdus	2.0	7.0	6.0	3.0	1.0	80.0	26.0	1.0	17.0	63.0	86.0	16.5	1.0	18.0	2.5	0.0	0.0	33.5	46.0	0.0	0.0	0.0	58.0	28.0	0.0	63.5	2.0	8.5	52.5	17.0	26.0	16.0	15.0	7.0	12.5	59.5	10.0	165.0	14.5	153.0	347.5	0.0	0.0	0.0	0.0	1.0	0.0	0.0	0.0	8.5	72.0	0.0	26.0	72.0	62.0
Methanothermococcus	204.0	356.0	2107.5	103.5	221.0	2886.5	1342.0	181.5	2260.0	274.5	2491.0	3119.5	18.0	825.5	436.0	336.0	1318.5	950.5	1972.0	1078.0	793.5	9.0	1557.0	835.5	11.0	2569.5	568.0	962.0	4107.5	1373.0	884.0	1989.5	49.0	1773.5	1181.0	2476.0	1116.5	2573.0	2703.5	4845.5	4555.0	4.5	4.0	5.5	6.0	8.5	9.0	15.0	9.0	1147.5	1711.0	12.0	2083.5	875.0	5719.0
Vulcanisaeta	183.0	479.0	2358.0	84.0	216.5	2834.0	1293.0	66.0	1459.0	250.0	3007.0	1631.0	10.0	1368.0	215.5	165.0	812.0	1240.0	2925.0	928.5	459.5	7.0	1137.5	764.0	8.5	1779.0	415.0	649.0	2083.0	743.0	846.5	2211.5	280.0	1710.0	1624.5	4359.0	951.5	2675.0	2289.0	4325.0	2814.5	7.0	3.5	6.0	2.0	11.5	9.5	6.0	5.5	506.5	2344.5	3.5	821.0	685.5	4226.0
Halosimplex	1964.0	2672.0	20635.0	402.5	1270.0	20351.5	12136.0	1327.0	13714.0	2003.5	13361.0	18084.5	106.0	5918.0	1864.5	1653.5	5779.0	4689.0	14295.5	6190.0	4334.0	55.5	8735.0	5628.5	63.5	12111.0	4245.0	5179.5	18001.5	4579.5	3865.0	9994.0	545.5	8328.5	8080.0	12303.0	7038.0	14569.5	15253.0	31025.5	28193.5	30.5	35.0	37.5	33.0	79.0	52.0	70.0	52.0	8239.0	9844.0	46.0	12862.5	5207.0	25737.0
Geoglobus	194.5	494.5	2678.5	92.5	271.5	5090.5	1086.0	73.5	1431.0	368.5	3353.0	2224.5	13.5	1871.0	327.0	436.0	855.0	2066.5	2255.0	1674.5	750.5	9.5	1618.0	983.5	10.5	2613.0	621.0	1177.0	2970.5	836.0	809.5	2500.0	215.5	2194.5	1928.0	2854.5	1384.5	3607.0	3665.0	6128.5	6594.5	5.0	3.5	7.5	10.0	11.5	15.5	8.5	12.0	702.5	2353.5	7.5	1093.0	796.5	1408.5
Nanoarchaeum	66.5	208.5	641.0	30.0	50.0	1214.5	1017.0	52.5	317.0	112.5	1129.0	350.5	5.5	613.5	52.0	34.0	238.5	471.5	1049.5	283.0	79.5	1.0	375.5	224.0	7.0	537.5	206.5	158.5	595.5	345.5	142.5	683.0	68.0	508.0	590.5	802.5	315.5	769.5	534.0	1206.5	974.5	2.5	1.0	2.0	2.0	4.0	1.0	1.0	2.0	919.0	838.0	1.0	246.5	311.0	315.5
Methanocaldococcus	4216.5	5422.0	33135.0	1542.5	4026.5	36129.5	21095.5	2682.0	30628.5	4255.5	39664.5	39454.0	214.0	11584.5	5494.5	4838.5	17982.5	13003.0	36630.0	16375.0	12679.5	164.0	26733.5	12584.0	122.5	34799.0	12929.5	14547.0	49383.0	16846.0	11180.5	32420.0	1283.5	28034.0	15037.5	32841.5	16085.5	43483.0	33819.0	55021.0	77620.0	70.5	106.0	87.5	75.5	131.5	107.0	138.0	149.5	16227.0	21448.0	121.0	35624.0	12604.0	82984.0
Methanotorris	454.0	840.0	4235.5	161.0	2509.0	5001.5	2105.0	300.5	4302.0	732.0	5423.0	4868.0	28.0	1774.5	708.5	628.0	1668.0	1985.5	4128.0	2330.5	1770.0	25.5	3359.5	2076.0	28.5	9677.0	1402.0	1869.5	6081.5	1787.0	1739.0	3915.0	262.5	4144.5	2718.0	4551.0	2105.0	6933.5	5408.5	10260.5	9854.0	8.0	10.0	11.5	15.5	20.5	15.5	21.0	17.0	1731.0	3466.0	15.5	3448.0	1739.0	14580.0
Methanosalsum	100.5	139.5	544.5	23.5	257.5	1048.5	348.0	16.5	532.0	77.5	841.0	301.0	2.0	710.5	65.0	30.5	238.5	495.5	895.5	302.0	197.5	3.0	253.5	242.5	2.5	672.0	127.5	110.0	597.0	342.5	114.0	662.0	43.0	576.0	553.0	1150.5	298.5	740.5	537.5	1148.5	553.0	2.0	3.0	1.0	1.0	1.0	2.0	2.0	2.0	212.0	733.0	0.0	137.0	172.5	523.0
Caldisphaera	2.0	4.0	19.0	0.0	0.0	7.0	4.0	0.0	19.0	3.0	14.0	7.0	0.0	17.0	7.0	0.0	0.0	14.0	14.0	23.0	3.0	0.0	7.0	5.0	0.0	0.0	0.0	11.0	3.0	1.0	13.5	37.5	0.0	1.0	4.0	10.0	18.0	4.0	8.0	28.0	20.0	0.0	0.0	0.0	0.0	0.0	0.0	0.0	0.0	0.5	0.0	0.0	0.0	3.0	0.0
Halomicrobium	4.5	29.5	160.5	4.0	19.0	306.0	74.5	4.0	152.0	44.5	243.0	39.5	1.0	154.0	5.0	3.0	49.0	104.0	107.5	47.0	36.0	2.0	88.0	41.0	0.0	115.0	17.0	55.5	134.0	52.0	33.0	173.5	1.0	80.5	153.5	127.5	51.0	147.0	141.5	278.5	587.0	0.0	0.0	0.0	1.0	0.0	1.0	2.0	1.0	26.5	103.0	1.0	38.5	34.0	48.5
Halobiforma	71.5	99.0	430.0	22.5	166.5	669.0	155.5	6.0	245.5	87.0	689.5	238.0	2.0	448.0	12.5	41.0	201.0	295.5	410.0	260.5	165.0	1.5	230.0	199.0	2.0	298.5	85.0	71.5	416.5	106.5	207.0	611.5	46.0	599.5	454.5	430.0	256.0	576.5	523.5	1043.5	822.5	2.0	1.0	0.0	2.5	2.0	3.0	4.0	0.0	154.0	674.0	0.0	50.5	227.5	314.0
Methanolacinia	1.0	0.5	6.0	1.0	0.0	28.0	0.0	0.0	9.0	24.5	0.0	26.5	0.0	18.0	0.0	1.0	2.0	3.0	0.0	13.5	0.0	0.0	25.0	2.0	0.0	8.0	0.0	0.0	33.5	4.5	2.0	22.0	0.0	10.0	15.0	22.0	30.5	0.0	2.0	105.5	11.0	0.0	0.0	0.0	0.0	0.0	0.0	0.0	0.0	29.0	0.0	0.0	10.0	10.0	58.0
Natronolimnobius	146.5	132.5	596.5	39.0	79.0	938.0	363.5	65.0	602.5	115.5	1539.0	858.0	6.0	379.0	117.0	92.0	265.5	336.0	1522.5	525.0	324.5	2.0	851.0	206.0	3.5	2231.5	291.5	270.5	813.0	616.0	295.5	851.0	32.0	851.0	1167.0	354.0	553.5	1540.0	1214.5	1611.5	3054.0	3.0	2.5	3.0	2.5	3.5	4.5	4.0	4.5	1969.5	1302.0	3.5	754.0	820.0	400.5
Haloquadratum	48.5	129.5	626.5	15.0	272.0	1041.0	185.5	14.0	437.5	99.0	1048.0	375.5	1.5	512.5	43.5	44.0	213.0	377.0	994.0	336.0	198.5	4.0	355.5	150.0	3.0	443.5	123.5	146.0	449.5	148.0	92.5	692.0	48.0	458.0	542.5	646.0	310.5	649.0	428.5	1136.5	1023.0	3.0	0.0	2.0	1.5	4.0	3.0	2.0	3.5	114.0	501.5	0.0	250.5	258.0	322.5
Halalkalicoccus	66.5	123.0	565.5	28.5	128.5	886.5	529.0	21.0	487.5	148.0	582.0	345.0	7.5	351.0	34.0	109.0	193.5	412.0	673.5	486.0	163.5	2.0	356.0	282.5	5.0	4948.0	126.0	137.0	635.5	146.0	240.5	579.5	58.0	1423.5	489.5	2499.0	278.5	735.5	661.5	819.0	1720.5	0.0	2.5	2.0	1.5	6.5	1.0	2.0	4.0	60.0	524.0	1.5	505.5	158.5	692.0
Halovivax	95.5	128.5	921.0	53.5	242.0	1110.5	727.5	76.0	1092.0	110.0	1096.5	780.5	4.0	256.0	130.5	210.0	369.0	336.5	951.0	381.5	254.5	3.0	639.0	389.5	3.0	1539.0	228.5	304.0	1272.0	422.5	454.5	686.0	36.0	1106.5	300.5	589.0	660.5	1472.0	816.0	1611.0	1982.5	1.5	1.0	1.0	2.0	4.0	1.5	6.5	7.0	492.5	1076.0	1.0	327.5	599.0	1698.0
Ignisphaera	170.0	464.0	2759.5	85.0	376.5	3825.0	1288.0	79.5	1988.0	294.5	3348.0	1598.0	19.5	1715.0	314.5	378.0	1149.5	1441.5	2696.5	1473.0	765.5	31.0	1563.0	909.5	12.0	2562.5	627.0	775.5	2498.5	875.0	673.5	3148.5	277.5	1835.0	1661.5	2313.0	1261.5	3117.5	2561.0	3960.5	5341.5	5.0	3.0	2.0	5.5	9.0	8.5	9.5	8.5	439.5	2530.5	5.0	1202.5	886.0	1929.5
Nitrosopumilus	11.5	39.0	145.0	1.0	19.0	292.5	56.0	9.0	141.5	31.5	263.5	69.0	0.5	95.0	11.0	10.5	83.0	105.0	147.0	42.0	65.0	0.0	152.5	76.0	2.5	160.0	47.5	45.5	147.5	41.5	52.0	141.0	6.0	146.0	169.5	215.5	68.0	185.0	169.0	524.5	232.5	1.0	0.0	0.0	0.0	3.0	0.0	0.0	1.0	15.0	312.0	1.0	63.5	164.5	164.0
Halostagnicola	3.0	9.0	12.0	0.0	0.0	31.0	2.0	0.5	1.0	0.0	49.0	8.0	0.0	9.0	2.0	2.0	0.0	4.0	33.0	17.0	10.0	0.0	0.0	0.0	0.0	106.0	1.0	0.0	0.0	63.5	6.0	13.0	0.0	10.0	12.0	47.0	5.0	29.0	8.0	29.0	38.0	0.0	0.0	0.0	0.0	0.0	0.0	0.0	0.0	38.0	24.0	0.0	1.0	7.0	102.5
Haladaptatus	7.0	9.0	41.5	16.5	10.5	143.0	186.5	10.5	53.5	16.5	109.5	51.5	1.0	30.0	8.0	3.0	25.0	51.0	38.5	42.0	7.0	0.0	20.5	44.0	0.0	51.0	36.5	24.5	88.5	33.0	17.0	140.5	0.0	142.0	82.5	2628.0	14.0	99.0	133.0	243.0	81.0	0.0	0.0	0.0	1.0	0.0	0.0	0.0	0.0	22.0	36.0	0.0	6.5	269.5	24.0
Haloplanus	14.5	35.0	149.0	4.5	14.0	254.0	46.0	6.5	184.5	22.0	190.5	69.0	1.0	89.0	12.5	4.0	93.0	126.5	211.5	52.0	105.0	0.0	87.0	88.0	2.0	145.0	65.0	56.5	102.5	51.5	332.0	213.5	3.0	160.5	73.0	161.5	102.5	90.5	125.5	431.5	413.0	0.0	3.5	1.0	0.0	1.0	0.0	0.0	0.0	25.0	123.0	0.0	142.5	125.0	118.5
Candidatus Aciduliprofundum	157.0	121.5	484.0	27.5	55.0	490.5	221.5	42.0	282.0	92.5	1124.5	731.0	2.0	414.5	56.5	56.5	290.0	259.0	777.5	223.5	361.0	4.0	500.5	229.0	0.5	557.5	622.5	356.0	414.5	220.0	187.0	928.5	58.5	464.0	320.5	257.0	160.0	736.0	305.0	1467.5	2629.5	1.0	2.5	0.0	2.0	7.0	3.5	3.5	2.5	311.0	294.0	0.5	178.0	233.0	452.5
Halopiger	27.0	43.5	139.0	14.5	44.5	357.0	109.5	11.0	131.5	46.5	447.5	328.5	1.0	249.5	28.0	29.0	113.0	236.0	184.5	97.5	81.5	1.0	129.5	92.5	1.0	216.0	91.0	95.0	396.0	86.5	100.5	347.0	79.5	223.0	261.0	304.5	155.0	267.5	367.0	592.5	344.5	0.0	1.0	1.0	0.0	0.0	0.0	1.0	1.0	71.5	232.5	1.0	117.0	94.0	164.5
Methanoregula	21.0	55.0	329.0	9.0	21.0	549.0	200.0	8.0	562.5	81.0	1424.5	584.5	2.0	257.5	32.0	35.0	127.5	364.5	120.0	203.0	98.5	2.0	586.0	112.5	3.0	440.5	69.5	177.5	346.0	122.5	288.5	367.0	45.5	365.5	404.0	422.0	303.5	396.5	865.0	850.0	1247.5	0.0	0.0	0.0	0.0	1.0	4.0	2.0	1.0	75.0	249.0	0.0	64.5	59.0	90.5
Methanosphaerula	1.0	0.0	35.0	0.0	1.0	14.5	5.0	3.5	13.0	2.0	22.0	5.0	0.0	4.0	0.0	0.0	0.0	13.5	18.5	15.0	2.0	0.0	9.0	6.0	0.0	50.5	0.0	0.0	13.0	1.0	8.0	33.0	0.5	31.0	7.0	18.0	7.0	7.5	13.0	66.5	0.0	0.0	0.0	0.0	0.0	0.0	0.0	0.0	0.0	18.5	35.0	0.0	0.0	0.0	12.0
Thermogladius	0.0	0.0	0.0	0.0	1.0	7.0	7.0	0.0	0.0	0.0	3.0	7.5	0.0	5.0	0.0	0.0	47.5	1.0	2.5	0.0	0.0	0.0	2.0	3.0	0.0	5.0	2.0	0.0	9.0	19.0	0.0	23.0	1.0	9.0	0.0	2.0	4.0	1.0	1.0	0.0	1.0	0.0	0.0	0.0	0.0	0.0	0.0	0.0	0.0	0.0	0.0	0.0	0.0	0.0	1.0
Thermogymnomonas	6.0	29.0	93.0	2.0	6.0	113.0	52.0	3.5	61.0	14.0	158.0	85.5	0.0	65.0	7.0	9.5	26.0	61.0	91.0	44.5	19.0	0.0	33.5	18.0	0.0	35.5	31.0	32.5	78.0	29.0	17.5	81.0	20.5	70.0	70.5	127.0	38.0	208.5	86.5	58.5	141.0	0.0	1.0	0.0	0.0	0.0	0.0	1.0	1.0	0.0	100.0	0.0	11.0	40.0	38.0
Nitrososphaera	6.5	10.5	119.5	0.0	8.0	245.0	102.0	14.5	104.5	3.5	81.0	75.0	1.0	129.5	55.0	7.5	76.0	19.0	362.5	34.5	96.0	1.0	59.0	21.5	0.0	10.5	57.5	39.5	35.0	0.5	6.0	70.5	0.0	59.0	43.0	160.0	49.0	50.0	59.5	202.0	99.5	0.0	0.0	0.0	0.0	1.0	0.0	1.0	1.0	127.5	52.0	1.0	2.0	46.5	174.5
Candidatus Nitrosocaldus	2.0	7.0	15.0	0.5	6.0	60.0	7.0	2.5	23.5	6.0	25.0	16.0	0.0	9.0	4.0	0.0	7.0	4.0	20.5	40.0	22.0	0.0	38.0	19.0	0.0	82.0	6.0	5.0	37.5	30.0	8.0	36.0	49.0	32.0	34.0	31.0	16.0	57.0	39.0	57.0	79.0	0.0	0.0	0.0	1.0	0.0	0.0	0.0	0.0	14.5	26.0	0.0	1.0	22.0	5.0
Candidatus Korarchaeum	5.0	14.0	109.5	10.0	5.0	104.0	54.5	2.0	313.5	24.5	101.0	38.0	0.0	53.0	22.0	11.0	3.0	33.0	100.5	39.5	12.5	0.0	48.0	23.5	0.0	240.0	16.0	16.5	140.5	36.0	17.0	66.5	20.5	62.0	58.0	131.5	25.0	125.0	75.5	87.0	164.5	0.0	0.0	0.0	1.0	0.0	0.0	0.0	0.0	108.5	127.5	0.0	101.0	1.0	219.5
Methanolinea	43.5	209.0	609.0	24.5	283.5	1273.0	341.5	53.0	685.5	114.0	1426.5	325.0	20.5	618.0	47.0	57.5	242.0	594.5	1377.5	340.5	152.5	2.0	565.0	271.5	2.0	1417.5	157.5	268.0	877.0	256.5	175.5	824.0	53.5	613.0	634.0	745.5	334.0	915.5	916.0	1588.0	1095.0	12.0	12.5	1.0	1.5	3.0	0.0	5.0	2.0	215.0	795.5	13.5	285.5	205.0	31412.0
Acidiplasma	31.5	68.5	192.5	6.0	34.0	572.0	111.0	141.0	156.5	47.0	500.5	190.0	1.0	226.0	27.5	29.0	66.0	190.5	298.5	154.5	42.0	0.0	189.0	102.5	1.0	451.5	54.5	130.0	160.5	92.0	76.5	383.0	33.0	223.5	350.0	224.0	148.0	308.0	259.0	531.0	506.0	0.0	0.0	2.0	3.0	2.5	0.0	2.5	1.5	14.5	259.0	0.0	131.5	114.5	285.0
Methanocella	252.0	700.5	3473.0	116.5	1313.0	6149.0	1552.0	69.0	2390.0	428.5	5461.5	2150.0	19.0	3151.0	147.0	184.0	849.0	2717.0	3205.5	1521.0	1397.5	13.0	2000.5	1746.5	14.0	2583.5	683.5	746.5	2437.5	1195.0	706.5	3891.5	237.5	2652.5	2926.5	4750.0	1842.0	4129.5	3381.5	5484.5	5149.0	3.0	4.5	17.0	13.5	14.0	5.0	14.0	14.5	713.0	3256.5	9.0	869.5	1125.5	1447.0
Methermicoccus	0.0	0.0	0.0	0.0	0.0	7.0	0.0	0.0	0.0	0.0	0.0	0.0	0.0	2.0	1.0	0.0	0.0	0.0	10.0	0.0	0.0	0.0	0.0	0.0	0.0	0.0	0.0	0.0	0.0	0.0	0.0	3.0	0.0	0.0	13.0	3.0	1.0	20.0	0.0	9.0	0.0	0.0	0.0	0.0	0.0	0.0	0.0	0.0	0.0	0.0	0.0	0.0	0.0	0.0	0.0
Candidatus Micrarchaeum	0.0	0.0	0.0	0.0	0.0	0.0	0.0	0.0	0.0	0.0	13.0	0.0	0.0	0.0	0.0	0.0	0.0	0.0	0.0	0.0	0.0	0.0	0.0	0.0	0.0	0.0	0.0	0.0	0.0	0.0	0.0	0.0	0.0	0.0	0.0	0.0	0.0	0.0	0.0	0.0	0.0	0.0	0.0	0.0	0.0	0.0	0.0	0.0	0.0	0.0	0.0	0.0	0.0	0.0	0.0
Fervidicoccus	123.5	355.0	1749.5	76.5	227.5	2539.0	881.5	39.5	1053.0	215.5	2133.0	1150.5	6.5	1281.5	207.5	121.5	510.5	1462.0	3361.0	769.5	530.5	10.0	809.5	477.0	4.0	1195.0	420.5	354.0	1707.5	475.5	346.5	1746.5	223.0	1284.5	1288.0	2166.0	692.5	2384.5	1692.0	3192.0	2356.5	1.0	1.5	4.0	3.0	4.5	3.5	9.5	9.0	553.0	1562.0	2.0	897.0	576.0	1293.5
Halogranum	28.0	51.0	101.5	5.5	13.5	382.5	114.5	12.5	140.0	35.0	945.0	147.0	0.0	202.0	20.0	20.5	37.0	126.0	162.0	83.0	74.5	2.0	157.0	117.0	1.0	247.0	82.5	105.5	374.5	65.5	39.0	236.5	7.0	79.0	139.0	213.0	102.0	443.5	218.5	475.0	291.0	0.0	0.0	0.0	0.0	0.0	0.0	3.0	0.0	37.0	265.0	1.0	59.0	74.5	487.0
Halarchaeum	81.5	216.0	1044.0	34.5	102.5	1667.0	309.0	18.5	477.5	171.5	1865.5	498.0	4.0	975.5	50.5	74.0	264.5	1120.0	586.5	689.0	315.0	4.0	438.5	336.0	5.0	789.5	265.5	362.0	766.0	287.5	241.5	1349.0	90.5	776.0	1203.0	1010.0	605.0	1650.5	1096.0	2143.5	1875.5	3.0	3.0	3.0	3.0	2.0	3.0	3.0	5.0	98.5	858.0	1.0	244.5	237.5	415.5
Halonotius	2.0	2.0	13.0	0.0	0.0	4.0	1.0	0.0	7.0	0.0	34.0	0.0	0.0	2.0	0.0	0.0	0.0	4.0	0.0	0.0	0.0	0.0	1.0	0.0	0.0	12.0	0.0	0.0	13.0	8.0	0.0	1.0	0.0	2.0	25.5	10.0	1.0	9.0	7.0	8.0	0.0	0.0	0.0	1.0	0.0	0.0	0.0	0.0	0.0	0.0	2.0	0.0	0.0	0.0	0.0
Halomarina	37.0	97.0	534.5	6.0	34.0	531.0	155.0	19.0	332.5	189.0	812.5	221.5	3.5	481.0	30.5	26.5	87.5	465.0	207.5	319.0	101.5	4.0	230.0	123.0	3.0	256.5	42.5	70.0	267.0	116.5	92.5	574.0	23.0	383.0	488.0	516.0	270.5	505.0	429.5	875.0	1032.0	1.0	0.0	1.0	0.0	2.0	5.0	1.0	1.5	47.0	366.0	0.0	67.0	149.0	135.5
Natronoarchaeum	23.5	74.0	383.5	10.5	36.5	477.0	120.5	9.5	264.0	18.5	514.5	180.0	2.0	206.0	33.0	26.5	98.0	172.0	384.5	120.5	81.0	0.0	157.5	92.5	0.5	273.0	99.5	82.5	244.0	55.0	30.5	172.5	3.5	213.5	168.0	339.0	182.0	503.5	313.5	288.0	291.0	0.0	0.0	0.0	1.0	0.0	0.0	1.0	1.0	40.5	388.5	0.0	163.5	55.0	178.5
Nitrosarchaeum	4419.5	9256.5	54466.0	1882.5	9572.0	70433.0	24746.0	1937.0	39435.0	6521.5	71275.5	38907.0	342.0	31681.0	5038.5	5099.5	18680.0	33244.5	45905.0	26707.5	19970.0	264.5	30504.5	18428.0	210.5	41640.0	12006.5	16596.5	53564.0	20918.5	15056.5	52891.5	4322.0	48815.5	38268.0	51049.0	29980.0	67752.0	54694.0	97704.5	86245.5	108.5	142.0	128.5	114.0	199.5	157.0	201.0	206.0	12582.5	42559.5	173.5	52797.0	18321.5	109113.5
Halopelagius	0.0	0.0	0.0	0.0	0.0	0.0	0.0	0.0	0.0	0.0	0.0	0.0	0.0	0.0	0.0	0.0	0.0	0.0	1.0	0.0	0.0	0.0	0.0	0.0	0.0	1.0	0.0	2.0	0.0	0.0	0.0	0.0	0.0	0.0	0.0	0.0	0.0	0.0	0.0	0.0	0.0	0.0	0.0	0.0	0.0	0.0	0.0	0.0	0.0	0.0	0.0	0.0	0.0	0.0	0.0
Candidatus Caldarchaeum	0.0	0.0	0.0	0.0	0.0	3.0	0.0	0.0	18.5	0.0	0.0	0.0	0.0	2.0	0.0	0.0	0.0	0.0	4.0	0.0	0.0	0.0	0.0	0.0	0.0	2.0	0.0	0.0	0.0	0.0	7.0	2.0	0.0	0.0	0.0	1.0	2.0	0.0	4.0	12.0	0.5	0.0	0.0	0.0	0.0	0.0	0.0	0.0	0.0	0.0	0.0	0.0	0.0	0.0	0.0
Halorussus	25.0	147.0	266.0	9.0	42.0	592.0	111.5	15.5	233.0	40.5	479.5	171.5	0.0	256.5	7.5	8.0	67.0	608.5	333.0	115.5	341.0	2.0	217.5	166.5	0.0	786.5	41.5	62.5	340.0	146.0	67.0	364.5	19.0	285.0	360.0	320.0	193.5	1484.0	904.5	1002.0	464.0	0.5	1.0	2.0	0.0	1.0	4.0	3.0	1.0	67.5	368.0	1.0	136.5	174.0	164.0
Halobellus	336.0	375.0	2196.5	111.0	345.0	3530.5	1429.0	181.5	1876.5	340.0	3746.5	2162.0	8.0	1613.0	392.0	318.5	1463.5	1597.5	3832.5	1514.5	1051.5	23.0	2124.0	811.5	5.5	3295.0	844.5	919.0	2918.0	626.0	965.5	4187.5	406.0	1783.5	1655.0	3627.0	1194.5	3502.5	2415.5	4750.0	6122.5	3.5	7.0	9.5	13.0	12.0	10.0	11.5	16.0	867.0	2143.5	5.5	1222.0	919.0	2036.0
Halorientalis	23.0	37.5	183.0	17.0	7.5	275.5	25.5	13.0	169.5	94.0	201.0	199.5	3.0	73.5	21.5	41.0	102.0	110.0	137.5	111.0	127.5	0.5	88.0	191.0	1.0	157.0	75.0	94.5	232.5	71.0	97.5	165.5	2.5	439.5	98.5	151.5	89.5	213.0	335.0	469.0	539.0	1.0	0.0	1.0	0.0	2.0	0.0	1.0	1.0	40.0	171.0	0.0	1398.5	27.0	336.5
Halolamina	0.0	0.0	0.0	0.0	0.0	0.0	0.0	0.0	0.0	0.0	0.0	0.0	0.0	0.0	0.0	0.0	0.0	0.0	2.0	0.0	0.0	0.0	0.0	2.0	0.0	0.0	0.0	0.0	0.0	0.0	0.0	0.0	0.0	0.0	0.0	0.0	0.0	0.0	0.0	0.0	0.0	0.0	0.0	0.0	0.0	0.0	0.0	0.0	0.0	0.0	0.0	0.0	0.0	0.0	0.0
Salarchaeum	0.0	5.0	4.0	1.0	0.0	13.0	12.0	0.0	6.0	0.0	10.0	3.0	0.0	18.0	0.0	1.0	1.0	1.0	12.5	2.0	1.0	0.0	5.0	3.0	0.0	14.5	21.0	0.0	17.5	3.0	0.0	14.0	0.0	6.5	11.5	7.0	0.0	7.0	1.0	7.5	16.0	0.0	0.0	0.0	0.0	0.0	0.0	0.0	0.0	0.0	6.0	0.0	0.0	0.0	0.0
Nitrosotalea	47.5	184.0	580.0	12.0	17.5	724.0	145.0	2.5	326.0	67.5	634.5	174.5	1.0	340.5	13.0	18.0	152.5	156.0	319.0	107.5	102.0	0.0	146.5	123.0	5.0	210.0	176.5	45.5	166.0	109.0	54.5	487.5	43.0	322.5	276.0	391.0	203.0	536.5	314.5	1044.0	1117.5	0.0	1.0	2.0	2.0	1.0	2.0	0.0	2.0	55.0	640.0	0.0	83.0	279.5	303.5
Methanomassiliicoccus	683.0	1187.5	6116.5	192.0	460.0	8734.0	4577.5	550.5	5055.0	655.5	7985.0	8892.5	34.0	2716.0	669.0	908.0	2508.5	2600.5	6949.5	2453.5	1538.5	21.0	3307.0	2479.5	14.0	8280.5	1769.5	1418.0	6739.5	4483.5	1503.5	4868.5	397.5	4146.0	4100.0	5690.5	2256.5	7109.0	6452.5	9700.5	6939.5	18.5	9.0	11.5	13.0	24.0	14.5	17.5	18.0	1898.0	5268.0	24.5	6471.5	2056.5	12453.5
Halopenitus	428.5	369.0	1184.0	42.5	145.5	2519.5	510.5	23.5	2117.5	166.5	4382.0	748.0	12.0	1047.5	282.0	70.0	480.0	1519.5	1785.5	1372.0	392.0	9.0	970.5	493.0	6.0	1114.0	264.5	552.0	1267.0	372.5	320.5	1478.5	137.5	986.5	1115.0	1227.0	654.0	1516.0	1358.0	2426.5	2630.5	2.0	3.0	3.0	2.0	1.0	5.0	8.0	5.0	416.5	1465.5	2.0	581.5	507.5	934.5
Haloarchaeobius	0.0	0.0	0.0	0.0	0.0	0.0	0.0	0.0	0.0	0.0	0.0	0.0	0.0	0.0	0.0	0.0	0.0	0.0	0.0	0.0	1.0	0.0	0.0	0.0	0.0	0.0	0.0	0.0	0.0	0.0	0.0	0.0	0.0	1.0	0.0	0.0	0.0	0.0	0.0	0.0	0.0	0.0	0.0	0.0	0.0	0.0	0.0	0.0	0.0	0.0	0.0	0.0	0.0	0.0	0.0
Halorubellus	16.0	86.0	629.0	7.5	49.0	534.5	152.5	34.5	291.5	53.0	657.5	247.0	3.0	334.0	69.5	21.0	152.5	372.0	418.0	154.5	231.5	2.0	206.0	126.0	1.0	468.5	73.0	130.5	423.0	239.5	53.0	535.5	33.0	534.5	336.5	366.5	267.5	655.0	381.0	706.5	889.5	1.0	0.5	1.0	0.0	1.0	2.0	3.5	1.0	63.0	292.5	1.5	860.0	60.0	178.0
Salinarchaeum	0.0	16.5	8.0	3.0	3.0	30.0	0.0	4.5	10.5	46.5	17.5	21.0	0.0	11.0	0.0	1.0	68.0	12.5	11.0	3.0	1.0	0.0	3.0	3.5	0.5	75.5	10.0	19.0	28.0	0.0	0.0	4.0	0.0	13.0	6.0	12.5	2.0	0.0	12.0	30.5	426.0	0.0	0.0	0.0	0.0	1.0	1.0	0.0	0.5	14.0	26.0	0.0	14.0	0.5	0.0
Methanomethylophilus	3.5	9.5	24.5	1.0	9.0	108.5	38.0	1.5	97.5	6.0	65.0	48.0	0.0	93.0	5.0	3.0	21.5	42.0	72.5	18.0	15.5	0.0	44.0	8.0	0.0	95.5	16.5	35.0	60.5	8.0	52.5	245.0	19.0	20.0	69.0	89.0	45.0	101.5	41.5	125.0	51.0	0.0	0.0	0.0	0.0	0.0	0.0	0.0	0.0	22.5	71.0	0.0	6.5	100.0	89.5
Halohasta	6.0	2.5	1.0	0.0	0.0	13.0	4.0	0.0	0.0	4.5	0.0	7.0	0.0	27.5	1.0	0.0	0.0	3.0	0.0	0.0	0.0	0.0	0.0	12.0	0.0	23.5	1.0	0.0	2.0	0.0	5.0	0.5	0.5	3.0	0.0	10.0	3.0	10.0	17.0	26.5	125.5	0.0	0.0	0.0	0.0	0.0	0.0	0.0	0.0	0.0	64.0	0.0	0.0	0.0	0.0
Candidatus Aenigmatarchaeum	0.0	0.0	0.0	0.0	0.0	0.0	0.0	0.0	0.0	0.0	0.0	0.0	0.0	3.0	0.0	0.0	0.0	0.0	1.0	0.0	0.0	0.0	2.0	0.0	0.0	0.0	0.0	0.0	0.0	0.0	0.0	0.0	0.0	0.0	0.0	0.0	0.0	0.0	0.0	0.0	0.0	0.0	0.0	0.0	0.0	0.0	0.0	0.0	0.0	0.0	0.0	0.0	0.0	0.0	0.0
Halapricum	2.5	4.5	5.0	1.5	2.0	27.5	4.0	0.5	9.0	67.5	0.0	6.0	0.0	16.0	7.5	7.0	19.0	1.0	19.5	2.0	0.0	0.0	0.5	30.0	0.0	0.0	3.0	0.0	1.0	0.0	0.0	12.0	0.5	22.0	1.0	16.0	0.0	0.0	42.0	7.0	255.0	0.0	0.0	0.0	1.0	0.0	0.0	0.0	0.0	0.0	10.0	0.0	0.0	8.0	0.0
Candidatus Methanogranum	0.0	0.0	0.0	0.0	0.0	0.0	0.0	0.0	0.0	0.0	0.0	0.0	0.0	1.0	0.0	0.0	0.0	0.0	0.0	0.0	0.0	0.0	0.0	0.0	0.0	0.0	0.0	0.0	0.0	0.0	0.0	0.0	0.0	0.0	0.0	0.0	0.0	0.0	0.0	4.0	0.0	0.0	0.0	0.0	0.0	0.0	0.0	0.0	0.0	0.0	0.0	0.0	0.0	0.0	0.0
Candidatus Nitrosopelagicus	0.0	4.0	20.0	1.0	1.0	9.0	6.0	0.5	32.5	8.0	33.0	7.0	0.0	33.0	0.0	0.0	4.0	8.0	27.5	8.0	3.0	0.0	14.0	0.0	0.0	16.0	10.0	0.0	0.0	0.0	0.0	10.0	0.0	5.0	0.0	11.0	6.0	18.5	4.0	0.0	9.0	0.0	0.0	0.0	0.0	0.0	0.0	0.0	0.0	2.0	6.0	0.0	45.0	45.0	8.5
Candidatus Methanoplasma	55.0	73.0	487.5	9.0	51.5	529.0	357.5	14.5	356.5	60.0	694.5	261.5	3.0	284.5	32.0	37.5	138.5	299.5	755.5	254.5	74.0	2.0	528.5	150.5	0.0	313.5	187.5	133.5	330.0	89.5	114.5	482.5	29.5	331.0	316.0	477.0	185.5	513.5	356.5	930.0	771.5	1.0	0.5	0.0	0.0	0.0	2.0	5.5	4.0	106.5	385.5	0.0	310.5	218.0	159.0
Salinigranum	5.0	6.5	9.5	0.0	1.0	16.0	14.0	4.0	47.5	2.0	13.0	18.5	0.0	4.0	7.0	0.0	24.5	34.0	83.0	10.0	0.0	0.0	4.0	6.5	0.0	13.0	19.0	0.0	41.0	21.0	8.0	8.5	0.0	7.0	5.0	42.0	4.0	26.5	47.0	9.5	102.5	0.0	0.0	0.0	0.0	0.0	0.0	0.0	0.0	0.0	12.0	0.0	62.5	29.0	47.0
Salinirubrum	47.5	63.0	272.0	12.5	46.5	541.5	245.0	78.5	528.0	70.5	318.0	2059.5	4.5	197.0	89.5	85.5	151.0	177.5	724.5	474.5	84.5	1.5	316.5	139.5	1.0	378.0	265.0	278.5	486.0	180.0	122.0	310.5	13.0	360.5	165.5	315.0	225.5	870.5	652.5	631.5	1262.5	0.0	1.5	0.0	2.5	0.0	0.0	3.0	2.0	137.0	379.0	2.0	311.0	227.5	554.0
Halanaeroarchaeum	3.0	10.0	33.0	2.0	2.0	44.0	10.0	0.0	10.5	36.5	54.0	34.5	1.0	33.0	0.0	8.0	49.0	21.0	78.0	15.0	6.0	0.0	1.0	1.0	0.0	19.0	0.0	12.0	17.0	1.0	8.0	53.5	0.5	52.0	30.0	45.0	28.0	27.0	20.0	72.0	381.5	0.0	0.0	0.0	1.0	0.5	0.5	0.0	0.0	1.0	51.0	0.0	22.0	0.0	0.5
Natribaculum	0.0	0.0	0.0	1.5	0.0	2.0	0.0	0.0	0.0	0.0	0.0	0.0	0.0	0.0	0.0	0.0	0.0	0.0	0.0	0.0	0.0	0.0	0.0	0.0	0.0	0.0	0.0	0.0	0.0	0.0	0.0	0.0	0.0	2.0	0.0	0.0	0.0	0.0	0.0	0.0	10.0	0.0	0.0	0.0	0.0	0.0	0.0	0.0	0.0	0.0	0.0	0.0	0.0	0.0	0.0
Cuniculiplasma	27.5	44.5	260.0	5.0	38.0	479.5	116.5	23.5	372.0	28.0	401.5	206.0	1.0	149.5	7.5	24.5	47.0	234.0	167.5	100.5	64.5	1.0	131.0	126.5	1.0	219.5	70.5	62.0	249.5	92.5	33.5	489.5	32.5	191.5	183.5	222.5	120.0	282.0	202.0	531.5	354.5	0.0	0.0	0.0	1.0	0.0	1.5	1.0	0.0	42.5	213.0	0.0	93.0	107.5	137.5
Halocalculus	0.0	0.0	0.0	0.0	0.0	0.0	0.0	0.0	0.0	0.0	0.0	0.0	0.0	0.0	0.0	0.0	0.0	2.0	0.0	0.0	0.0	0.0	0.0	0.0	0.0	0.0	0.0	0.0	0.0	0.0	0.0	0.0	0.0	0.0	0.0	0.0	0.0	0.0	0.0	0.0	0.0	0.0	0.0	0.0	0.0	0.0	0.0	0.0	0.0	0.0	0.0	0.0	0.0	0.0	0.0
Candidatus Nitrosotenuis	76.5	129.5	644.5	29.0	176.5	1241.5	322.0	22.5	736.0	102.0	582.0	486.5	3.0	306.0	99.5	68.5	294.0	587.0	649.5	303.0	260.0	1.0	497.0	195.0	4.5	830.0	231.0	289.5	739.5	135.0	248.0	844.5	67.0	518.5	341.0	485.0	277.0	905.0	834.5	1204.0	1353.5	0.0	2.0	2.0	0.0	4.5	2.5	0.5	3.0	282.5	412.0	0.0	226.5	164.0	359.5
Candidatus Nitrosocosmicus	19.5	67.5	392.5	26.0	10.0	1400.5	207.5	19.0	256.5	20.0	224.5	204.5	0.5	363.5	24.5	8.5	247.0	135.5	945.5	134.5	93.5	5.0	156.5	114.5	0.0	721.0	89.5	608.5	375.0	46.5	142.5	203.5	22.0	247.5	189.0	252.5	254.5	206.0	301.5	1136.5	406.0	0.0	2.0	1.0	1.5	0.0	0.0	3.0	2.5	721.0	238.5	0.0	86.5	672.0	732.0
Halostella	2.0	6.0	1.5	0.0	0.0	23.0	2.0	3.5	20.5	5.0	23.0	0.0	0.0	17.0	4.0	1.0	0.0	22.0	48.5	3.0	3.0	0.0	2.0	0.0	0.0	21.0	13.5	9.5	6.0	0.0	21.0	9.0	8.0	5.0	6.0	21.0	7.0	20.0	1.0	51.0	25.5	0.0	0.0	0.0	0.0	0.0	0.0	0.0	1.0	8.0	0.0	0.0	3.0	19.0	20.5
Candidatus Nanopusillus	1.0	0.0	1.0	0.0	1.0	11.0	5.0	0.0	2.0	0.0	5.0	0.0	0.0	3.0	0.0	3.0	1.0	3.0	3.0	8.0	0.0	0.0	0.0	0.0	0.0	2.0	1.0	5.0	0.0	16.0	2.0	48.0	0.0	11.0	3.0	6.5	1.0	23.0	2.0	2.0	0.0	0.0	0.0	0.0	0.0	0.0	0.0	0.0	0.0	0.0	0.0	0.0	0.0	0.0	0.0
Haloprofundus	2.0	9.0	0.0	0.0	1.5	26.0	17.5	1.0	23.0	2.0	74.5	10.0	0.0	15.0	7.5	0.0	13.5	9.0	24.0	36.0	12.0	0.0	6.0	37.5	1.0	35.5	1.0	5.0	26.5	1.0	8.0	2.0	0.0	6.5	3.5	15.5	4.0	50.0	1.5	1332.0	8.0	0.0	0.0	0.0	0.0	2.5	1.0	0.0	0.0	5.5	28.0	0.0	9.5	4.5	46.5
Halodesulfurarchaeum	6.0	3.5	8.0	0.5	1.0	26.0	4.0	0.0	0.0	38.0	40.0	6.5	0.0	0.0	0.0	0.0	96.0	9.0	48.5	6.0	1.0	0.0	6.0	4.0	0.0	5.0	6.0	0.0	0.0	0.0	2.0	43.0	0.0	10.0	15.0	44.0	3.0	0.0	3.0	17.0	116.0	0.0	0.0	0.0	0.0	0.0	0.0	0.0	0.0	25.0	25.5	0.0	0.0	6.0	1.0
Candidatus Nitrosomarinus	3.0	16.0	38.0	2.0	0.0	39.0	13.0	1.0	23.0	3.0	35.5	22.0	0.0	19.0	1.0	7.0	25.0	30.5	22.0	15.0	10.0	0.0	8.0	5.0	0.0	24.0	21.0	5.0	40.0	0.0	22.0	31.0	2.0	20.0	38.0	43.0	11.5	63.5	43.0	85.0	227.0	0.0	1.0	0.0	0.0	1.0	1.0	1.0	1.0	0.0	67.0	2.0	0.0	0.0	61.5
Sulfodiicoccus	0.0	7.0	12.0	0.0	2.0	46.0	7.0	0.0	1.0	3.0	21.0	10.0	0.0	31.5	2.0	3.0	0.0	20.0	2.0	17.0	4.0	0.0	2.0	13.0	0.0	26.0	6.0	2.0	8.0	0.0	0.0	7.0	0.0	20.0	15.0	19.5	4.0	9.0	10.0	22.0	34.0	0.0	0.0	0.0	0.0	0.0	0.0	0.0	0.0	10.5	3.0	0.0	15.0	3.0	9.0
Methanonatronarchaeum	0.0	0.0	0.0	0.0	0.0	0.0	0.0	0.0	0.0	0.0	0.0	0.0	0.0	0.0	0.0	0.0	0.0	0.0	9.0	0.0	0.0	0.0	0.0	0.0	0.0	0.0	0.0	0.0	0.0	0.0	0.0	0.0	0.0	0.0	0.0	0.0	1.0	0.0	0.0	0.0	0.0	0.0	0.0	0.0	0.0	0.0	0.0	0.0	0.0	0.0	0.0	0.0	0.0	0.0	0.0
Candidatus Methanohalarchaeum	0.0	0.0	0.0	0.0	0.0	1.0	0.5	0.0	0.0	0.0	0.0	0.5	0.0	0.0	0.0	0.0	0.0	0.0	0.0	0.0	0.0	0.0	0.0	0.0	0.0	0.0	0.0	0.5	0.0	0.0	0.0	0.0	0.0	0.0	0.0	0.0	0.0	0.0	3.0	0.0	2.0	0.0	0.0	0.0	0.0	0.0	0.0	0.0	0.0	0.0	0.0	0.0	0.0	0.0	0.0
Halobium	0.0	0.0	1.0	0.0	0.0	0.0	0.0	0.0	0.0	0.0	0.0	0.0	0.0	0.0	0.0	0.0	0.0	1.0	0.0	0.0	0.0	0.0	0.0	0.0	0.0	0.0	0.0	0.0	0.0	0.0	0.0	0.0	0.0	0.0	0.0	0.0	0.0	0.0	0.0	0.0	0.0	0.0	0.0	0.0	0.0	0.0	0.0	0.0	0.0	0.0	0.0	0.0	0.0	0.0	0.0
Saliphagus	0.0	0.0	0.0	0.0	0.0	0.0	0.0	0.0	0.0	0.0	9.0	0.0	0.0	0.0	0.0	0.0	0.0	0.0	0.0	0.0	0.0	0.0	0.0	0.0	0.0	0.0	0.0	0.0	0.0	0.0	0.0	0.0	0.0	0.0	0.0	1.0	0.0	0.0	0.0	0.0	0.0	0.0	0.0	0.0	0.0	0.0	0.0	0.0	0.0	0.0	0.0	0.0	0.0	0.0	0.0
Saccharolobus	3.0	1.0	53.0	0.0	1.0	48.0	14.0	0.0	42.0	1.0	68.0	47.0	0.0	16.0	0.0	0.0	6.0	6.0	39.0	13.0	0.0	0.0	19.0	5.0	0.0	71.5	8.0	0.0	27.5	4.0	0.0	22.0	4.0	19.0	24.5	22.0	11.0	74.5	63.5	21.0	86.0	0.0	0.0	0.0	0.0	0.0	0.0	0.0	0.0	0.0	52.5	0.0	3.5	2.0	44.0
Natronobiforma	0.0	0.0	0.0	0.0	0.0	0.0	0.0	0.0	0.0	0.0	0.0	0.0	0.0	0.0	0.0	0.0	0.0	0.0	5.0	0.0	0.0	0.0	0.0	0.0	0.0	0.0	0.0	0.0	0.0	0.0	0.0	0.0	0.0	0.0	0.0	0.0	0.0	0.0	0.0	0.0	0.0	0.0	0.0	0.0	0.0	0.0	0.0	0.0	0.0	0.0	0.0	0.0	0.0	0.0	0.0
Candidatus Nanoclepta	0.0	0.0	0.0	0.0	0.0	0.0	7.0	0.0	0.0	0.0	0.0	0.0	0.0	0.0	0.0	0.0	0.0	0.0	0.0	0.0	0.0	0.0	0.0	0.0	0.0	0.0	0.0	0.0	0.0	0.0	0.0	0.0	0.0	0.0	0.0	0.0	0.0	0.0	0.0	0.0	0.0	0.0	0.0	0.0	0.0	0.0	0.0	0.0	0.0	0.0	0.0	0.0	0.0	0.0	0.0
Candidatus Mancarchaeum	0.0	1.0	1.0	0.0	5.0	8.5	0.0	0.0	0.0	1.0	8.0	4.0	0.0	13.0	1.0	2.0	2.0	8.0	17.0	6.0	0.0	0.0	3.0	0.0	0.0	0.0	0.0	0.0	0.0	0.0	0.0	3.0	0.0	10.0	15.0	12.0	7.0	1.0	2.0	5.0	35.0	0.0	0.0	0.0	1.0	0.0	0.0	0.0	0.0	6.0	0.0	0.0	0.0	0.0	15.0
Natrarchaeobius	0.0	0.0	9.0	0.0	0.0	0.0	0.0	0.0	0.0	0.0	0.0	0.0	0.0	0.0	0.0	0.0	0.0	0.0	0.0	0.0	0.0	0.0	0.0	0.0	0.0	0.0	0.0	0.0	0.0	0.0	0.0	0.0	0.0	0.0	0.0	0.0	0.0	0.0	0.0	0.0	0.0	0.0	0.0	0.0	0.0	0.0	0.0	0.0	0.0	0.0	0.0	0.0	0.0	0.0	0.0
Conexivisphaera	2.0	2.0	0.0	0.0	2.5	0.0	0.0	0.0	6.5	0.0	8.5	0.0	0.0	1.0	13.5	0.0	5.0	0.0	0.0	0.0	0.0	0.0	0.0	0.0	0.0	0.0	0.0	0.5	0.0	0.0	0.0	4.0	0.0	6.0	4.0	1.0	1.0	4.5	8.0	36.0	0.0	0.0	0.0	0.0	0.0	0.0	0.0	0.0	0.0	0.0	5.0	0.0	0.5	13.0	4.0
Halomicrococcus	0.0	0.0	0.0	0.0	0.0	0.0	0.0	0.0	0.0	0.5	0.0	0.0	0.0	0.0	0.0	0.0	0.0	0.0	0.0	0.0	0.0	0.0	0.0	0.0	0.0	0.0	0.0	0.0	0.0	0.0	0.0	0.0	0.0	0.0	0.0	0.0	0.0	0.0	0.0	0.0	0.0	0.0	0.0	0.0	0.0	0.0	0.0	0.0	0.0	0.0	0.0	0.0	0.0	0.0	0.0
Halegenticoccus	0.0	0.0	0.0	0.0	0.0	0.0	0.0	0.0	0.0	0.0	0.0	0.0	0.0	0.0	0.0	0.0	0.0	0.0	0.0	0.0	0.0	0.0	0.0	0.0	0.0	0.0	0.0	0.0	0.0	0.0	0.0	0.0	0.0	0.0	0.0	1.5	0.0	0.0	0.0	0.0	0.0	0.0	0.0	0.0	0.0	0.0	0.0	0.0	0.0	0.0	0.0	0.0	0.0	0.0	0.0
Halalkaliarchaeum	2.5	7.5	0.0	0.0	3.0	14.0	21.0	0.0	18.0	29.5	39.5	9.0	0.0	2.0	6.0	0.0	0.0	11.5	15.0	14.0	4.0	0.0	18.0	0.0	0.0	0.0	15.0	3.0	0.0	0.0	1.0	11.0	0.0	12.0	6.0	10.0	0.0	16.0	25.0	0.0	225.0	0.0	1.0	0.0	0.0	0.0	0.0	1.0	1.0	0.0	11.0	0.0	0.0	11.0	15.0
Sulfuracidifex	0.0	0.0	0.0	0.0	0.0	2.0	0.0	0.0	0.0	0.0	2.0	0.0	0.0	0.0	0.0	1.0	0.0	0.0	0.0	0.0	0.0	0.0	0.0	0.0	0.0	0.0	0.0	0.0	0.0	0.0	0.0	11.0	0.0	1.0	0.0	0.0	0.0	0.0	0.0	0.0	2.0	0.0	0.0	0.0	0.0	0.0	0.0	0.0	0.0	0.0	0.0	0.0	0.0	0.0	0.0
Salinibaculum	0.0	0.0	0.0	0.0	0.0	0.0	0.0	0.0	0.0	1.0	0.0	0.0	0.0	0.0	0.0	0.0	0.0	0.0	0.0	0.0	0.0	0.0	0.0	0.0	0.0	0.0	0.0	0.0	0.0	0.0	0.0	0.0	0.0	0.0	0.0	0.0	0.0	0.0	0.0	0.0	0.0	0.0	0.0	0.0	0.0	0.0	0.0	0.0	0.0	0.0	1.0	0.0	0.0	0.0	0.0
Natrarchaeobaculum	4.5	22.0	51.5	0.0	1.0	27.0	24.0	4.0	20.0	2.0	129.0	54.5	0.0	4.0	9.5	10.0	13.5	43.0	109.0	32.0	11.0	0.0	22.0	16.0	0.0	11.0	8.5	41.5	27.5	13.0	38.5	6.5	0.0	25.5	9.5	36.0	18.5	20.5	47.5	143.0	277.5	0.5	0.0	0.0	0.5	0.0	0.0	1.0	1.0	1.0	41.0	0.0	142.5	17.0	60.5
Infirmifilum	0.0	0.0	0.0	0.0	0.0	0.0	0.0	0.0	0.0	0.0	0.0	0.0	0.0	0.0	0.0	0.0	0.0	0.0	1.0	0.0	0.0	0.0	0.0	0.0	0.0	1.0	0.0	0.0	1.0	0.0	0.0	0.0	0.0	2.0	2.0	1.0	0.0	1.0	0.0	0.0	0.0	0.0	0.0	0.0	0.0	0.0	0.0	0.0	0.0	0.0	0.0	0.0	0.0	0.0	0.0
Halocatena	0.0	1.0	0.0	0.0	0.0	0.0	0.0	0.0	0.0	52.0	5.0	0.0	0.0	0.0	0.0	0.0	0.0	0.0	0.0	0.0	0.0	0.0	0.0	0.0	0.0	0.0	0.0	0.0	0.0	0.0	0.0	0.0	0.0	1.0	0.0	0.0	0.0	0.0	0.0	0.0	90.0	0.0	0.0	0.0	0.0	0.0	0.0	0.0	0.0	0.0	0.0	0.0	0.0	0.0	0.0
Halococcoides	4.0	3.0	0.0	0.0	5.0	14.0	19.0	0.0	0.0	29.5	21.0	17.5	0.0	2.0	0.0	0.0	18.5	21.0	13.0	0.0	3.0	0.0	5.0	12.0	0.0	6.0	8.0	31.0	0.0	0.0	14.0	7.0	0.0	40.5	2.0	19.0	2.5	8.0	30.5	37.5	47.5	0.0	0.0	0.0	0.0	0.0	0.0	0.0	0.0	3.0	22.0	0.0	0.0	12.0	5.0
Halosolutus	0.0	0.0	0.0	0.0	0.0	0.0	0.0	0.0	0.0	0.0	0.0	0.0	0.0	1.0	0.0	0.0	0.0	0.0	0.0	0.0	0.0	0.0	0.0	0.0	0.0	0.0	0.0	0.0	0.0	0.0	0.0	0.0	0.0	0.0	0.0	0.0	0.0	0.0	0.0	0.0	0.0	0.0	0.0	0.0	0.0	0.0	0.0	0.0	0.0	0.0	0.0	0.0	0.0	0.0	0.0
