	SAMPLE_100008_1	SAMPLE_100008_2	SAMPLE_100008_3	SAMPLE_100137_1	SAMPLE_100137_2	SAMPLE_100137_3	SAMPLE_100177_1	SAMPLE_100177_2	SAMPLE_100177_3	SAMPLE_100200_2	SAMPLE_100200_3	SAMPLE_100206_1	SAMPLE_100206_2	SAMPLE_100206_3	SAMPLE_100217_1	SAMPLE_100217_2	SAMPLE_100217_3	SAMPLE_100248_1	SAMPLE_100248_2	SAMPLE_100248_3	SAMPLE_100255_1	SAMPLE_100255_2	SAMPLE_100255_3	SAMPLE_100256_1	SAMPLE_100256_2	SAMPLE_100256_3	SAMPLE_100257_1	SAMPLE_100257_2	SAMPLE_100257_3	SAMPLE_100261_1	SAMPLE_100261_2	SAMPLE_100261_3	SAMPLE_100267_1	SAMPLE_100267_2	SAMPLE_100267_3	SAMPLE_100306_1	SAMPLE_100306_2	SAMPLE_100306_3	SAMPLE_100337_1	SAMPLE_100337_2	SAMPLE_100337_3	SAMPLE_NTC_1	SAMPLE_NTC_2	SAMPLE_NTC_3	SAMPLE_NTC_4	SAMPLE_NTC_5	SAMPLE_NTC_6	SAMPLE_NTC_7	SAMPLE_NTC_8	SAMPLE_water1_1	SAMPLE_water2_1	SAMPLE_water3_1	SAMPLE_water4_1	SAMPLE_water5_1	SAMPLE_water6_1
Methanobacteriales	1677.5	3883.0	19349.5	662.0	7822.0	29896.5	9106.5	704.5	15366.0	3009.5	32590.5	16280.5	164.0	15559.0	2535.5	2009.0	7775.5	16061.5	19250.5	9612.5	7656.5	109.0	11353.0	7072.0	98.0	20228.5	5243.5	5254.5	19227.0	6345.5	5175.5	23843.0	1976.5	17215.0	22341.5	28684.0	12126.0	28520.5	37684.5	36103.0	69700.5	54.5	80.0	54.0	86.5	106.0	71.0	112.0	126.0	5410.5	18784.5	95.0	8185.5	7024.5	120893.5
Methanococcales	6261.0	10364.0	54097.0	2568.5	8261.5	59007.0	33469.0	4358.5	51820.5	6957.0	63520.0	63853.0	412.0	18911.0	10040.0	8179.0	28090.5	21529.0	55312.0	25888.0	20405.5	252.5	41033.0	20717.0	224.0	62260.0	18725.0	23389.5	80449.0	26902.5	18553.5	52616.0	2423.5	44896.5	26155.0	51835.5	26022.5	70682.5	57785.0	94312.0	120541.5	133.5	185.5	131.5	130.5	215.0	177.5	236.5	230.0	26187.0	36553.0	223.5	55436.5	21456.0	209665.0
Methanomicrobiales	12774.5	7584.5	58392.0	4336.0	4500.0	49223.5	23523.0	6676.5	58251.0	5991.5	94168.0	48488.5	271.5	23426.0	7735.0	8209.5	37860.5	20947.0	62795.5	27601.5	34032.5	228.5	72911.0	20717.5	280.5	61997.0	75329.0	32450.5	84814.0	11870.0	21818.0	58757.5	2631.5	39484.0	21542.5	39863.5	26955.5	56871.5	34936.5	104783.0	179372.5	88.5	106.5	185.0	161.5	272.0	201.0	282.5	288.0	26217.0	25412.0	135.0	32293.0	20845.5	90347.0
Archaeoglobales	581.0	1570.5	6825.0	266.5	1178.0	11110.5	3086.5	465.5	4354.5	1032.0	10179.5	5592.0	85.5	5252.5	618.5	738.5	2349.0	5155.5	6805.5	4267.0	4416.0	24.0	4268.5	2490.5	37.5	6287.0	1855.5	2347.0	6701.5	2138.5	2256.5	7468.0	683.0	5715.0	5503.0	7016.5	3884.0	9213.5	7938.0	14085.0	12594.5	28.5	31.5	18.0	18.0	28.0	35.5	20.0	30.0	2061.5	7364.5	37.0	2710.0	2265.5	67385.0
Halobacteriales	7218.0	13216.0	64888.5	2883.5	11418.0	85618.5	36007.5	6408.5	53799.0	9441.0	84366.5	58530.0	407.5	35622.0	7628.0	6829.0	23754.5	37009.0	73482.0	30380.5	20060.5	280.5	38976.5	22641.5	296.5	83900.5	19825.5	21972.0	64618.5	21282.5	18767.5	56214.0	4384.0	45517.0	45247.5	69158.5	30123.0	75528.5	63423.5	122354.5	153301.5	161.5	168.5	162.0	158.5	298.5	221.5	310.5	292.0	33608.5	51982.5	191.0	50684.5	23642.0	118636.0
Thermococcales	726.0	1121.5	7447.0	309.0	1035.0	9893.0	4853.0	590.0	8800.0	889.0	9617.5	8020.0	49.5	3049.0	885.0	688.0	3187.0	3334.0	6583.5	3481.5	2641.5	21.0	5181.0	2671.5	26.0	7524.0	1998.0	2481.0	7474.0	3897.0	2822.5	5886.5	518.5	6200.5	4082.0	7769.0	3443.5	8213.5	7061.5	13576.5	23377.0	27.0	26.5	28.0	27.5	36.0	31.5	43.5	36.0	3055.0	6577.0	36.0	5899.0	2697.5	19417.5
Thermoproteales	3585.0	6283.0	33678.0	1660.0	4951.5	50809.5	27267.0	2049.5	28474.5	5041.0	45338.5	41111.5	236.0	22415.0	5660.0	5022.0	14847.5	20553.5	42295.0	17280.0	10874.0	168.5	23051.0	14681.0	192.5	39227.0	10164.5	12297.5	43348.5	29051.5	10611.0	37421.0	3049.5	33750.5	24499.0	43672.5	18464.5	46847.5	42199.0	77015.0	67310.5	67.0	94.5	83.0	104.0	151.0	135.5	159.5	167.0	16591.0	38615.0	105.0	26681.5	15405.0	64935.0
Sulfolobales	673.5	1479.5	7691.0	248.5	783.0	10085.5	5495.5	950.5	6762.0	1257.5	8878.5	9125.0	57.0	3525.0	1152.5	1045.5	3795.0	3388.0	7746.5	3642.5	2977.0	23.0	4135.0	2909.0	35.5	6539.0	1980.0	2478.5	8890.5	7371.0	2569.0	6690.0	518.5	6660.5	4341.0	8471.5	3635.5	8692.0	8442.5	13785.5	13738.5	32.5	27.0	21.0	12.0	28.5	29.5	35.0	22.0	6457.5	6757.5	36.0	14422.5	2837.0	19508.0
Thermoplasmatales	314.0	566.5	3593.5	103.0	349.5	5687.0	1908.0	268.5	3018.5	516.5	4628.0	2369.0	15.0	2621.5	284.5	325.0	964.0	2748.5	3418.5	1711.5	1238.0	14.0	2070.5	1116.0	10.0	2733.0	755.0	1092.5	4711.5	2008.5	855.0	6936.5	410.0	3829.5	3511.0	2872.0	2182.5	4632.5	2780.0	5473.0	13483.5	4.0	8.0	17.0	18.5	17.5	14.5	24.5	27.0	782.0	3280.0	13.5	1514.5	1264.5	2660.0
Nitrosopumilales	4495.5	9542.0	55775.0	1932.5	9896.5	72793.5	25328.0	1964.5	40533.0	6745.0	73355.0	39795.0	348.5	33039.0	5155.5	5201.5	19039.0	34565.0	47196.0	27369.5	20426.5	273.5	31212.0	18939.0	219.0	42733.5	12383.0	16963.0	54733.5	21297.5	15433.0	54498.0	4475.5	49918.0	39546.0	52448.0	30619.0	69510.0	55998.0	100342.5	88651.5	110.5	144.0	133.5	119.0	204.5	162.0	205.0	211.0	12820.0	43897.5	179.5	53139.5	18739.5	110015.5
Methanopyrales	580.5	1113.0	4740.5	180.5	703.0	7718.5	2380.0	328.5	6564.0	569.0	6571.5	3973.5	29.0	8520.0	498.0	477.0	2520.0	3617.5	5854.0	2719.5	3710.5	29.0	3284.5	2200.0	19.0	3982.5	1166.0	1177.5	8189.5	1995.0	1598.0	7251.5	350.0	3706.0	3184.0	5659.0	2612.0	6353.5	4662.0	10292.5	6619.5	12.5	12.5	10.0	12.0	21.5	12.0	28.0	21.0	2672.0	4512.5	15.0	7330.5	2240.5	7189.0
Methanosarcinales	1291.5	2583.5	12769.0	403.5	5024.0	19267.0	7953.5	1149.0	9829.0	1915.0	18739.5	20418.0	61.5	8882.5	1252.0	971.0	4466.5	8374.0	14203.0	6990.5	3688.0	59.0	8270.5	4788.0	50.0	11891.5	3133.5	3186.0	13258.0	5759.5	4696.5	17570.5	854.0	9212.5	8787.0	23973.0	5851.5	15242.5	11466.0	25269.0	21945.0	17.5	32.0	41.5	46.0	41.0	47.5	42.5	57.0	3606.0	13707.5	42.0	5999.5	4286.0	15632.0
Desulfurococcales	11269.5	17283.0	130536.0	4317.0	13438.0	189465.0	61088.5	7008.0	184366.5	13934.5	139876.0	124462.0	759.5	51755.0	12575.0	9093.5	45261.0	56006.0	123446.5	58996.0	42703.0	652.0	65611.0	47665.0	476.5	104054.0	28710.5	45036.0	142518.0	55483.0	116991.0	822623.5	7479.0	174898.0	124475.5	142447.0	78293.5	181730.0	184504.0	207964.5	245270.0	265.5	304.0	347.5	298.0	452.0	430.0	619.0	490.0	65861.5	103738.5	405.5	109788.5	69200.5	142269.5
Candidatus Poseidoniales	7.0	12.0	17.0	2.0	0.0	41.0	22.0	0.0	24.5	0.0	5.0	1.5	0.0	47.5	0.0	1.0	2.0	27.5	18.5	13.0	2.0	0.0	0.0	2.0	0.0	18.0	2.0	10.0	24.0	2.5	7.0	113.0	0.0	51.0	19.0	22.0	20.0	8.0	27.0	31.0	4.5	0.0	0.0	0.0	0.0	0.0	0.0	0.0	0.0	0.0	12.0	0.0	15.0	5.0	0.0
Candidatus Cenarchaeales	2.0	14.5	44.0	0.0	7.0	137.0	34.5	3.0	138.5	6.0	81.0	85.0	0.0	94.0	5.0	3.0	3.0	38.0	55.0	22.0	22.0	0.0	25.0	22.5	0.0	31.0	8.0	1.0	28.5	38.0	2.0	76.0	9.0	110.0	73.0	59.0	24.0	40.0	55.0	174.0	104.0	0.0	0.0	0.0	0.0	0.0	1.0	0.5	0.0	18.0	63.0	0.0	17.0	0.0	82.0
Candidatus Thermoprofundales	0.0	0.0	0.0	0.0	0.0	2.0	0.0	0.0	0.0	0.0	2.0	0.0	0.0	0.0	0.0	0.0	0.0	0.0	0.0	0.0	0.0	0.0	0.0	0.0	0.0	0.0	0.0	0.0	1.0	0.0	0.0	0.0	0.0	0.0	4.0	0.0	0.0	0.0	0.0	3.0	0.0	0.0	0.0	0.0	0.0	0.0	0.0	0.0	0.0	0.0	0.0	0.0	0.0	0.0	0.0
Methanocellales	252.0	700.5	3475.0	116.5	1313.0	6151.0	1552.0	69.0	2390.0	428.5	5465.5	2150.0	19.0	3161.0	147.0	184.0	851.0	2725.0	3206.5	1521.5	1397.5	13.0	2000.5	1746.5	14.0	2583.5	683.5	746.5	2437.5	1195.0	706.5	3892.5	237.5	2652.5	2936.5	4750.0	1842.0	4130.5	3381.5	5508.5	5149.0	3.0	4.5	17.0	13.5	14.0	5.0	14.0	14.5	713.0	3256.5	9.0	869.5	1125.5	1447.0
Candidatus Methanophagales	0.0	0.0	0.0	0.0	0.0	3.0	0.0	0.0	0.0	0.0	0.0	0.0	0.0	0.0	0.0	0.0	0.0	0.0	0.0	0.0	0.0	0.0	0.0	0.0	0.0	0.0	0.0	0.0	0.0	0.0	0.0	0.0	0.0	0.0	0.0	0.0	0.0	0.0	0.0	0.0	0.0	0.0	0.0	0.0	0.0	0.0	0.0	0.0	0.0	0.0	0.0	0.0	0.0	0.0	0.0
Fervidicoccales	123.5	355.0	1749.5	76.5	227.5	2539.0	881.5	39.5	1053.0	215.5	2133.0	1150.5	6.5	1281.5	207.5	121.5	510.5	1462.0	3361.0	769.5	530.5	10.0	809.5	477.0	4.0	1195.0	420.5	354.0	1707.5	475.5	346.5	1746.5	223.0	1284.5	1288.0	2166.0	692.5	2384.5	1692.0	3192.0	2356.5	1.0	1.5	4.0	3.0	4.5	3.5	9.5	9.0	553.0	1562.0	2.0	897.0	576.0	1293.5
Acidilobales	1624.5	4413.0	19168.0	486.5	1847.0	14473.0	5945.0	1493.0	18610.0	5982.5	10027.5	30473.5	128.5	3135.5	2581.5	2212.0	4416.5	6798.0	6943.0	8374.5	4351.5	58.0	6283.0	3471.5	51.0	11753.0	3072.5	7266.0	28222.5	7093.5	4941.5	8879.5	381.0	33309.5	10880.0	8048.0	4914.0	20301.5	23074.5	31277.0	31623.5	25.5	39.5	35.0	41.0	56.5	55.5	56.0	47.5	3811.0	19159.5	54.5	19922.5	3152.5	25812.5
Nitrososphaerales	26.0	78.0	512.0	26.0	18.0	1645.5	309.5	33.5	361.0	23.5	305.5	279.5	1.5	493.0	79.5	16.0	323.0	154.5	1308.0	169.0	189.5	6.0	215.5	136.0	0.0	731.5	147.0	648.0	410.0	47.0	148.5	274.0	22.0	306.5	232.0	412.5	303.5	256.0	361.0	1338.5	505.5	0.0	2.0	1.0	1.5	1.0	0.0	4.0	3.5	848.5	290.5	1.0	88.5	718.5	906.5
Methanomassiliicoccales	741.5	1271.0	6628.5	202.0	520.5	9371.5	4973.0	566.5	5509.0	721.5	8744.5	9202.0	37.0	3094.5	706.0	948.5	2671.5	2942.0	7794.5	2726.0	1628.0	23.0	3879.5	2638.0	14.0	8694.5	1973.5	1586.5	7130.0	4581.0	1670.5	5596.0	446.0	4497.0	4486.0	6257.5	2488.0	7724.0	6850.5	10760.5	7762.0	19.5	9.5	11.5	13.0	24.0	16.5	23.0	22.0	2027.0	5732.5	24.5	6788.5	2374.5	12702.0
Nanoarchaeales	67.5	208.5	642.0	30.0	51.0	1225.5	1022.0	52.5	319.0	112.5	1134.0	350.5	5.5	616.5	52.0	37.0	239.5	474.5	1052.5	291.0	79.5	1.0	375.5	224.0	7.0	539.5	207.5	163.5	595.5	361.5	144.5	731.0	68.0	519.0	593.5	809.0	316.5	792.5	536.0	1208.5	974.5	2.5	1.0	2.0	2.0	4.0	1.0	1.0	2.0	919.0	838.0	1.0	246.5	311.0	315.5
Candidatus Nitrosocaldales	2.0	7.0	15.0	0.5	6.0	60.0	7.0	2.5	23.5	6.0	25.0	16.0	0.0	9.0	4.0	0.0	7.0	4.0	20.5	40.0	22.0	0.0	38.0	19.0	0.0	82.0	6.0	5.0	37.5	30.0	8.0	36.0	49.0	32.0	34.0	31.0	16.0	57.0	39.0	57.0	79.0	0.0	0.0	0.0	1.0	0.0	0.0	0.0	0.0	14.5	26.0	0.0	1.0	22.0	5.0
Methanonatronarchaeales	0.0	0.0	0.0	0.0	0.0	1.0	0.5	0.0	0.0	0.0	0.0	0.5	0.0	0.0	0.0	0.0	0.0	0.0	9.0	0.0	0.0	0.0	0.0	0.0	0.0	0.0	0.0	0.5	0.0	0.0	0.0	0.0	0.0	0.0	0.0	0.0	1.0	0.0	3.0	0.0	2.0	0.0	0.0	0.0	0.0	0.0	0.0	0.0	0.0	0.0	0.0	0.0	0.0	0.0	0.0
Conexivisphaerales	2.0	2.0	0.0	0.0	2.5	0.0	0.0	0.0	6.5	0.0	8.5	0.0	0.0	1.0	13.5	0.0	5.0	0.0	0.0	0.0	0.0	0.0	0.0	0.0	0.0	0.0	0.0	0.5	0.0	0.0	0.0	4.0	0.0	6.0	4.0	1.0	1.0	4.5	8.0	36.0	0.0	0.0	0.0	0.0	0.0	0.0	0.0	0.0	0.0	0.0	5.0	0.0	0.5	13.0	4.0
Thermofilales	97.0	136.5	1659.5	35.0	220.5	1757.5	930.0	27.0	1203.5	149.5	1405.5	1130.0	12.0	715.0	156.5	104.0	376.0	658.5	1314.0	671.5	489.5	6.5	670.0	375.5	3.0	848.5	261.5	353.0	1503.5	390.5	347.5	3130.5	102.5	778.5	1033.5	4232.0	673.0	1344.5	1727.5	2119.0	1513.0	2.0	4.0	1.5	3.0	4.0	6.0	3.0	4.0	270.0	1021.0	5.0	643.5	484.0	3299.5
Candidatus Micrarchaeales	0.0	0.0	0.0	0.0	0.0	0.0	0.0	0.0	0.0	0.0	13.0	0.0	0.0	0.0	0.0	0.0	0.0	0.0	0.0	0.0	0.0	0.0	0.0	0.0	0.0	0.0	0.0	0.0	0.0	0.0	0.0	0.0	0.0	0.0	0.0	0.0	0.0	0.0	0.0	0.0	0.0	0.0	0.0	0.0	0.0	0.0	0.0	0.0	0.0	0.0	0.0	0.0	0.0	0.0	0.0
Methanotrichales	343.0	1189.5	5384.0	351.0	650.0	7071.0	2390.0	232.0	4527.5	704.0	7936.0	3720.0	31.0	3552.0	585.5	493.5	1670.5	3313.5	5283.5	2171.0	1271.5	19.0	2681.0	1710.0	17.5	7035.0	1294.0	1400.5	4693.5	1344.0	1326.5	7371.0	364.0	3825.0	5376.5	9340.5	2675.0	6141.0	6103.0	9103.5	7711.0	5.5	7.0	11.5	14.0	15.0	18.0	11.0	22.5	1682.5	5051.0	14.0	3089.0	2065.5	8255.0
Candidatus Caldarchaeales	0.0	0.0	0.0	0.0	0.0	3.0	0.0	0.0	18.5	0.0	0.0	0.0	0.0	2.0	0.0	0.0	0.0	0.0	4.0	0.0	0.0	0.0	0.0	0.0	0.0	2.0	0.0	0.0	0.0	0.0	7.0	2.0	0.0	0.0	0.0	1.0	2.0	0.0	4.0	12.0	0.5	0.0	0.0	0.0	0.0	0.0	0.0	0.0	0.0	0.0	0.0	0.0	0.0	0.0	0.0
Candidatus Korarchaeales	5.0	14.0	109.5	10.0	5.0	104.0	54.5	2.0	313.5	24.5	101.0	38.0	0.0	53.0	22.0	11.0	3.0	33.0	100.5	39.5	12.5	0.0	48.0	23.5	0.0	240.0	16.0	16.5	140.5	36.0	17.0	66.5	20.5	62.0	58.0	131.5	25.0	125.0	75.5	87.0	164.5	0.0	0.0	0.0	1.0	0.0	0.0	0.0	0.0	108.5	127.5	0.0	101.0	1.0	219.5
Nitrosotaleales	47.5	184.0	580.0	12.0	17.5	724.0	145.0	2.5	326.0	67.5	634.5	174.5	1.0	340.5	13.0	18.0	152.5	156.0	319.0	107.5	102.0	0.0	146.5	123.0	5.0	210.0	176.5	45.5	166.0	109.0	54.5	487.5	43.0	322.5	276.0	391.0	203.0	536.5	314.5	1044.0	1117.5	0.0	1.0	2.0	2.0	1.0	2.0	0.0	2.0	55.0	640.0	0.0	83.0	279.5	303.5
Candidatus Aenigmatarchaeales	0.0	0.0	0.0	0.0	0.0	0.0	0.0	0.0	0.0	0.0	0.0	0.0	0.0	3.0	0.0	0.0	0.0	0.0	1.0	0.0	0.0	0.0	2.0	0.0	0.0	0.0	0.0	0.0	0.0	0.0	0.0	0.0	0.0	0.0	0.0	0.0	0.0	0.0	0.0	0.0	0.0	0.0	0.0	0.0	0.0	0.0	0.0	0.0	0.0	0.0	0.0	0.0	0.0	0.0	0.0
