92014.298162 -355918.948348
92020.202714 -355550.141666
92041.591100 -355346.105201
92082.397532 -355322.680981
92133.005237 -355322.572894
92195.030621 -355321.548504
92246.869134 -355153.009547
92300.854468 -355123.718368
92353.857448 -355121.254838
92401.059440 -355120.877788
92447.376200 -355114.601087
92494.759885 -355113.642962
92542.362159 -355111.021166
92589.012470 -355109.640774
92636.078794 -355107.786973
92683.864065 -355107.181766
92730.812873 -355106.933785
92768.562630 -355106.933754
92839.954812 -355106.933742
92946.956308 -355106.933737
93048.325365 -355106.933737
