42880.140882 -355830.389849
42886.221658 -355459.776629
42907.434422 -355408.602260
42950.250841 -355366.092904
43008.581097 -355365.455662
43056.139288 -355194.739712
43104.317523 -355173.598875
43154.061424 -355160.408775
43198.280570 -355160.006419
43243.501052 -355159.756476
43281.134345 -355158.957650
43317.467642 -355158.368883
43353.512596 -355158.368875
43423.559528 -355136.131520
43470.175173 -355101.099010
43506.166240 -355098.369438
43541.720730 -355098.369427
43610.276093 -355098.369423
43712.189584 -355098.369421
43807.564187 -355098.369421
