81690.242815 -355841.142520
81696.178257 -355348.311190
81715.331784 -355332.860273
81751.436655 -355331.746631
81791.503124 -355230.404002
81832.806409 -355182.597915
81865.925879 -355149.871061
81894.943282 -355148.541875
81923.698126 -355148.285813
81952.359904 -355148.145312
81981.560540 -355147.389957
82013.071257 -355146.104408
82041.851194 -355145.928653
82072.201687 -355145.747903
82116.018741 -355119.672938
82153.469611 -355115.824214
82196.029897 -355115.080261
82233.278842 -355114.743835
82274.808776 -355106.290070
82319.117095 -355095.199482
82361.152165 -355091.613221
82399.239359 -355090.592938
82436.366094 -355090.592932
82509.539637 -355090.592930
82613.093171 -355090.592929
82709.604841 -355090.592929
