62992.374845 -356066.601662
62998.213446 -355614.226361
63020.693089 -355394.676815
63068.785180 -355393.707719
63111.983161 -355213.063572
63148.420115 -355148.503563
63186.076018 -355126.204756
63221.328499 -355108.874894
63254.278071 -355100.946203
63286.896560 -355093.930218
63316.571906 -355092.436090
63345.389145 -355087.289829
63374.471377 -355087.081777
63418.261589 -355034.627958
63454.579037 -355031.116688
63490.477600 -355030.307944
63525.740049 -355030.307940
63594.505420 -355030.307939
63687.769057 -355030.307938
63777.790298 -355030.307938
