27595.076155 -355918.959846
27600.689978 -355508.477478
27619.635092 -355405.637613
27658.794887 -355405.343439
27698.624769 -355269.379069
27736.793873 -355231.575588
27772.306116 -355205.717365
27800.075222 -355205.375527
27829.135338 -355205.257578
27874.597840 -355191.616297
27911.287717 -355190.388819
27947.751661 -355189.075490
27984.202724 -355188.958930
28020.711353 -355188.958921
28089.460921 -355179.960452
28131.675416 -355171.383671
28169.809385 -355170.032679
28206.954392 -355169.636279
28243.021491 -355169.636279
28311.084900 -355166.333292
28350.321697 -355164.114946
28387.337810 -355164.114942
28457.180184 -355164.114941
28557.048895 -355164.114940
28653.274358 -355145.267537
28692.882127 -355145.267532
28769.417274 -355145.267529
28870.294727 -355145.267528
28965.616045 -355145.267528
