15976.791144 -355745.762843
15982.707712 -355464.577258
16002.406501 -355416.125955
16040.516464 -355375.384995
16095.654345 -355375.234553
16141.814644 -355245.072665
16186.237188 -355188.663973
16229.811173 -355142.081871
16269.960986 -355136.145815
16315.117482 -355134.232526
16350.978429 -355134.122851
16388.406871 -355133.997067
16429.763833 -355125.228402
16465.661996 -355124.789067
16501.194922 -355124.714995
16536.153716 -355124.714994
16604.884114 -355124.714994
16697.311334 -355122.183146
16737.871700 -355108.331235
16778.675026 -355098.881184
16814.492756 -355095.990206
16850.241657 -355095.529633
16886.117217 -355095.529633
16955.601019 -355095.529633
17052.774251 -355075.862223
17093.911536 -355066.117942
17135.990580 -355062.017695
17172.425939 -355062.017683
17239.689187 -355062.017679
17336.011276 -355062.017677
17428.266565 -355062.017677
