96504.129515 -355551.105170
96510.318427 -355362.547140
96531.030389 -355261.078052
96571.044630 -355260.542932
96607.992021 -355184.953854
96639.970160 -355156.052393
96670.408155 -355146.851417
96697.480251 -355144.490563
96724.325305 -355142.198183
96751.933741 -355141.485167
96781.990870 -355138.479494
96814.652511 -355134.301293
96850.048397 -355124.004737
96878.736284 -355123.823681
96922.808189 -355094.927851
96961.430475 -355089.407356
96999.410153 -355089.223027
97035.510270 -355089.223027
97102.898634 -355089.223027
97202.478979 -355089.223027
97294.012991 -355085.904460
97340.433511 -355070.702202
97377.699288 -355070.702198
97445.105823 -355070.702197
97539.165936 -355070.702197
97630.100930 -355070.558704
97668.917512 -355070.558696
97745.662193 -355070.558694
97843.930255 -355070.558693
97934.064321 -355070.558693
