32383.945128 -355991.632806
32389.807656 -355507.908855
32409.177669 -355346.760822
32449.675161 -355316.298445
32505.412091 -355314.352319
32555.270955 -355151.796473
32602.882715 -355086.093475
32649.763058 -355076.357830
32693.021675 -355071.136771
32742.328617 -355052.176600
32785.107391 -355050.478802
32827.780950 -355039.992977
32868.167493 -355039.645190
32909.111635 -355039.361140
32947.921197 -355034.639753
32984.251871 -355034.639750
33055.347254 -355034.639749
33149.578639 -355034.639748
33245.081047 -355034.639748
