49392.229750 -356037.203201
49398.215811 -355624.566308
49417.577283 -355515.733700
49456.794392 -355515.272144
49495.423646 -355405.159607
49528.899680 -355364.569793
49561.175032 -355344.057363
49594.373455 -355315.329807
49623.815198 -355314.916443
49665.587723 -355298.800765
49703.007455 -355298.554214
49740.183731 -355298.204921
49776.914085 -355298.186169
49813.916477 -355297.071962
49856.490758 -355278.329207
49897.295726 -355273.171317
49940.981564 -355266.253593
49978.008115 -355266.253578
50048.187851 -355266.253572
50146.897752 -355255.145185
50184.843694 -355255.145181
50257.787886 -355255.145179
50356.026637 -355255.145178
50447.903472 -355233.313236
50494.338536 -355164.466670
50530.947473 -355163.971088
50566.882960 -355163.803071
50603.398176 -355162.015353
50639.588099 -355160.544371
50675.981612 -355160.544357
50745.211388 -355160.544351
50844.564650 -355160.544348
50935.297480 -355089.238774
50976.301247 -355074.047222
51015.598748 -355070.655563
51052.118597 -355070.491137
51088.790137 -355069.338953
51125.230326 -355068.000881
51161.925466 -355068.000869
51232.359485 -355068.000864
51328.347664 -355068.000861
51414.650017 -355068.000861
