68639.662154 -356063.706520
68645.549208 -355587.718576
68665.636465 -355395.342328
68705.061024 -355303.845981
68760.727826 -355302.966269
68814.200828 -355249.996478
68862.137836 -355223.144081
68906.655744 -355211.572909
68946.727246 -355210.115562
68986.657524 -355209.680721
69027.131584 -355207.792678
69071.838945 -355201.351315
69112.862925 -355199.938415
69153.542732 -355199.883162
69190.379678 -355199.883152
69260.008752 -355199.883148
69358.427009 -355199.883147
69448.929489 -355199.883147
