64681.946201 -355986.719424
64687.949624 -355616.973774
64706.954714 -355411.705300
64741.327129 -355404.010459
64789.423621 -355360.365588
64850.384868 -355359.612759
64907.919124 -355250.909211
64960.857762 -355201.185442
65010.862276 -355175.810062
65055.597354 -355170.327066
65101.650806 -355169.026089
65146.934805 -355168.005081
65191.339064 -355167.522782
65236.390651 -355166.921573
65282.747071 -355166.253253
65326.954473 -355165.495136
65373.330029 -355164.754914
65415.892834 -355134.288474
65452.681083 -355130.380848
65489.268766 -355130.061657
65525.963606 -355130.061655
65592.185268 -355130.061655
65677.433158 -355128.745081
65725.263659 -355099.756982
65763.308018 -355096.881816
65799.226870 -355096.881815
65865.595864 -355096.881815
65959.120941 -355096.881815
66048.927936 -355096.881815
