107215.187777 -355865.381468
107220.966541 -355564.720604
107241.153504 -355326.938167
107283.527103 -355325.316515
107315.263040 -355177.342636
107348.785273 -355105.021702
107381.633053 -355091.325718
107410.957568 -355087.118479
107441.448183 -355078.303101
107475.900333 -355065.188570
107507.521558 -355060.152574
107536.339169 -355059.257023
107573.616609 -355059.138597
107609.941674 -355059.138586
107672.957261 -355054.236309
107713.627910 -355050.440526
107749.572879 -355050.006034
107785.369989 -355047.471704
107822.746137 -355042.623292
107861.985991 -355033.704791
107906.541301 -355024.430903
107942.695977 -355024.108501
107978.634837 -355022.916547
108014.357326 -355022.712052
108049.958387 -355022.568769
108089.321393 -355012.143984
108124.613880 -355012.143975
108189.676975 -355011.446508
108228.010282 -355009.906642
108263.217953 -355009.906640
108328.870840 -355009.906639
108413.548900 -355009.906639
108505.936697 -355004.169948
108543.593523 -355004.169932
108614.300379 -355004.169926
108699.711990 -355004.169923
108791.387940 -355004.169923
