74845.922626 -355827.790759
74862.908376 -355468.905697
74882.452163 -355319.257759
74928.863377 -355317.936091
74973.292866 -355192.624015
75010.460897 -355185.109565
75046.253866 -355181.546650
75085.012731 -355176.896706
75123.477401 -355162.490593
75156.347115 -355162.141693
75186.434898 -355161.939829
75225.465282 -355155.170341
75261.097005 -355154.348100
75298.623414 -355153.630337
75338.230086 -355153.013053
75376.948324 -355152.824737
75422.241037 -355125.934599
75463.621375 -355122.208876
75501.819237 -355122.208873
75579.432431 -355117.222953
75626.301482 -355115.587015
75673.344780 -355111.814715
75713.104876 -355111.814711
75788.205044 -355111.814709
75896.514707 -355111.814709
75994.527367 -355110.619912
76038.950129 -355100.454301
76076.453634 -355099.822607
76112.719691 -355099.822604
76184.876554 -355099.822603
76295.216965 -355099.822603
76394.163169 -355099.822603
