38134.493827 -355869.405368
38140.432031 -355485.764755
38160.564531 -355425.323730
38199.428004 -355368.631013
38254.416554 -355367.494054
38298.522264 -355233.711145
38346.622633 -355197.711967
38390.322525 -355194.919846
38439.560244 -355191.648708
38479.285684 -355190.374429
38524.969758 -355186.385212
38564.499586 -355184.150439
38607.032319 -355183.705799
38644.437907 -355181.998427
38680.679289 -355181.898063
38718.570928 -355178.513335
38755.093824 -355178.066330
38794.338931 -355162.352623
38833.920512 -355143.920280
38869.803559 -355143.920279
38940.887759 -355128.672380
38987.121063 -355104.177823
39023.371560 -355104.001230
39061.078927 -355103.557551
39096.782974 -355103.557540
39165.886714 -355103.557535
39268.765312 -355103.557533
39359.908485 -355101.499946
39405.969563 -355086.653673
39442.233523 -355084.728966
39478.211473 -355084.410215
39513.863704 -355084.410210
39581.893995 -355084.077686
39622.430580 -355081.349797
39658.347066 -355081.349786
39726.618380 -355081.349782
39828.176498 -355081.349780
39922.860898 -355081.349780
