43824.737353 -355903.650393
43830.755838 -355534.264051
43851.275276 -355382.787642
43893.510761 -355346.536756
43952.766815 -355346.112267
44003.701331 -355210.222964
44050.465454 -355151.847056
44094.140530 -355114.886388
44137.779816 -355098.799609
44177.416692 -355093.484541
44220.475770 -355086.721610
44259.542859 -355082.809741
44301.667749 -355073.335008
44342.258472 -355073.174974
44386.864034 -355050.494088
44427.679887 -355043.974042
44464.477825 -355043.587406
44500.266941 -355043.548927
44536.088070 -355043.548927
44603.119162 -355042.565707
44640.243231 -355042.446831
44676.627940 -355042.446826
44743.286780 -355042.446825
44846.231305 -355042.446824
44935.103826 -355042.446824
