11550.467464 -355839.999887
11556.738261 -355451.505131
11577.842879 -355309.082518
11618.491812 -355280.371310
11678.577126 -355279.686732
11725.374403 -355191.038588
11768.463103 -355150.964968
11813.787801 -355133.555903
11855.019362 -355119.397540
11898.041622 -355109.429401
11936.658991 -355108.444444
11976.252998 -355108.215183
12013.288698 -355108.215168
12081.864017 -355108.215162
12174.964052 -355108.215160
12261.574625 -355106.554591
12299.575234 -355106.554585
12371.349558 -355106.554583
12465.080791 -355106.554582
12551.949182 -355106.554582
