14373.541920 -355967.104185
14379.518704 -355544.624165
14398.652841 -355346.610091
14435.848113 -355341.419161
14488.893349 -355339.876073
14535.749249 -355273.187769
14578.196963 -355271.046317
14615.991652 -355269.313446
14653.857012 -355269.039480
14692.722899 -355265.676902
14731.856869 -355265.657203
14776.392276 -355228.324627
14811.157684 -355228.324620
14880.997692 -355228.324617
14976.142016 -355223.582607
15022.804795 -355169.691757
15060.617928 -355159.290014
15095.771363 -355155.892151
15130.101098 -355154.840848
15164.491283 -355154.297802
15199.167047 -355154.297801
15270.029936 -355152.622301
15306.312802 -355152.622298
15379.850935 -355152.245360
15415.882782 -355150.689425
15452.027196 -355147.874244
15486.640013 -355147.874242
15556.384222 -355147.874241
15649.933205 -355147.705389
15687.842669 -355147.705382
15762.689319 -355147.705380
15857.900342 -355147.705379
15955.045808 -355147.705379
