24328.128422 -355833.358155
24334.120895 -355483.632115
24353.544225 -355314.727639
24389.803782 -355313.948838
24438.323108 -355253.181464
24498.251945 -355252.469680
24545.533708 -355182.503388
24594.161523 -355160.373757
24648.031156 -355146.733674
24697.052050 -355145.232842
24744.847583 -355144.162284
24790.024309 -355144.021561
24828.487898 -355140.808343
24865.941102 -355139.123594
24902.480427 -355139.123590
24972.074039 -355136.210017
25014.479527 -355119.153272
25051.582695 -355119.153270
25123.495659 -355119.153270
25219.016123 -355114.262056
25258.558756 -355113.377287
25295.757774 -355113.163151
25332.949258 -355113.163144
25403.667778 -355113.163141
25496.852399 -355113.163140
25587.212501 -355113.163140
