105409.231062 -356167.727102
105415.040707 -355762.838650
105437.575089 -355622.513700
105482.039889 -355556.040893
105539.416793 -355499.662153
105601.821624 -355498.761674
105654.291624 -355355.330087
105710.871882 -355331.209026
105762.276302 -355293.144708
105812.088463 -355282.558693
105863.039446 -355282.341437
105907.961337 -355246.092428
105950.436646 -355211.953574
105991.530247 -355189.945071
106032.994670 -355175.673238
106073.703808 -355166.602351
106109.135630 -355166.602349
106182.301014 -355150.075833
106219.948021 -355149.132507
106255.729262 -355149.132507
106327.033890 -355149.132506
106417.729250 -355149.132506
106510.683047 -355149.132506
