26408.355535 -356155.712913
26414.304761 -355675.823594
26432.612224 -355505.141418
26465.569391 -355468.569002
26513.638876 -355401.062962
26573.893904 -355398.770839
26624.697445 -355217.410980
26677.393714 -355182.716763
26725.466038 -355176.050827
26775.307376 -355149.011218
26820.140403 -355148.312923
26863.972155 -355146.195430
26907.221220 -355139.901289
26950.924560 -355139.728292
26996.891660 -355139.597063
27038.425088 -355127.611004
27074.724284 -355125.289038
27111.041161 -355123.023337
27147.301492 -355123.023331
27214.358726 -355122.983917
27255.916195 -355116.423882
27299.834652 -355111.471685
27336.060343 -355111.471680
27402.089664 -355111.471677
27491.461062 -355111.471676
27575.449417 -355111.471676
