25606.234027 -355864.913366
25612.217281 -355567.694887
25631.128881 -355341.791454
25666.159308 -355336.565332
25717.579630 -355335.762208
25763.767863 -355274.558230
25805.547836 -355222.864377
25851.785232 -355184.609596
25894.428453 -355171.103928
25937.421708 -355165.000252
25976.485455 -355164.279630
26019.161300 -355160.979131
26059.127936 -355160.664779
26099.676649 -355132.807560
26135.019731 -355132.807556
26202.152391 -355132.807555
26297.495590 -355132.807554
26389.065120 -355132.807554
