73049.652474 -355775.916506
73055.908639 -355457.595814
73077.145075 -355345.930371
73118.968137 -355345.517431
73154.052447 -355196.262792
73189.028790 -355137.809533
73217.903012 -355130.103278
73246.343124 -355126.774431
73276.489910 -355126.642685
73319.995269 -355123.542486
73358.259909 -355123.542485
73429.350042 -355123.542485
73523.495580 -355123.542485
73612.368819 -355108.859812
73653.524066 -355108.222474
73690.309712 -355107.951002
73729.148688 -355107.950995
73797.518687 -355107.950991
73887.806221 -355107.950990
74007.223259 -355107.950990
