102326.571765 -355982.770297
102332.334848 -355691.893959
102352.340102 -355393.234030
102391.402623 -355392.647085
102430.407577 -355303.259808
102462.858726 -355268.039880
102495.279839 -355251.311217
102526.872383 -355237.794045
102559.291464 -355228.550147
102588.553572 -355227.375252
102617.472405 -355227.350116
102653.946045 -355225.876713
102683.114717 -355225.835621
102714.366557 -355225.730920
102758.463864 -355191.631281
102794.897009 -355189.650881
102830.646297 -355189.459085
102873.204781 -355173.405388
102909.000572 -355172.329608
102945.237143 -355170.137008
102980.412954 -355170.114304
103015.755684 -355170.114301
103089.683546 -355165.686651
103133.246316 -355142.381076
103169.894575 -355136.164063
103204.884697 -355136.164063
103277.604344 -355136.164063
103376.697232 -355136.164063
103470.348698 -355136.164063
