67853.738019 -355989.644427
67859.814155 -355483.704633
67880.633928 -355415.755282
67921.539192 -355414.481527
67958.507411 -355197.378177
67995.227107 -355146.000133
68027.381698 -355136.223907
68056.340586 -355132.261657
68085.758119 -355129.468308
68122.090215 -355124.747788
68156.286479 -355120.509274
68184.750476 -355119.467444
68219.116922 -355109.422219
68250.425155 -355105.626596
68281.087987 -355105.321563
68322.567537 -355088.002841
68358.796239 -355088.002840
68428.090349 -355088.002839
68522.391316 -355088.002839
68612.983749 -355088.002839
