76413.538472 -355987.750690
76419.998736 -355604.495115
76441.839972 -355434.849695
76483.039334 -355358.564230
76541.101328 -355357.751644
76591.655973 -355243.034834
76636.226776 -355185.863801
76681.168675 -355154.798638
76727.571457 -355142.108401
76767.711695 -355136.824049
76805.560848 -355134.716499
76843.271363 -355133.076820
76881.319169 -355132.578285
76921.411459 -355132.451039
76958.955650 -355129.578562
76995.576171 -355126.054446
77031.834522 -355120.646771
77073.806028 -355106.503953
77116.495874 -355101.616640
77152.730190 -355101.616628
77224.050430 -355101.616623
77322.181191 -355101.616621
77413.494155 -355101.616621
