70754.713558 -355986.328573
70761.209055 -355707.935712
70784.579859 -355586.797596
70828.532621 -355508.725440
70889.404165 -355508.258527
70939.432121 -355380.768997
70994.737611 -355315.818660
71041.383493 -355300.733868
71096.498766 -355279.416646
71141.801658 -355277.709737
71188.651811 -355277.513099
71230.029065 -355275.792441
71268.195067 -355274.661573
71312.011564 -355264.395153
71350.596928 -355262.883973
71392.211601 -355251.266471
71430.341538 -355251.266462
71507.538172 -355239.354476
71545.976246 -355239.265808
71583.328383 -355239.134468
71620.777673 -355239.013177
71657.259622 -355239.013170
71733.298351 -355233.389901
71773.099648 -355233.389896
71851.725717 -355232.018922
71889.272375 -355232.018917
71964.819787 -355232.018915
72081.750941 -355232.018914
72180.964753 -355232.018914
