51432.972424 -355766.463117
51438.960269 -355461.710340
51459.196527 -355418.498600
51499.291946 -355340.001685
51553.778213 -355323.389877
51616.048825 -355322.794695
51667.215829 -355226.178623
51719.525713 -355192.575642
51771.820081 -355178.151770
51822.380457 -355169.763294
51871.554000 -355165.987493
51914.893621 -355162.236546
51957.811466 -355162.178092
52003.442408 -355162.089197
52045.200474 -355149.682625
52080.551707 -355147.739972
52115.366504 -355147.739972
52184.949680 -355147.739972
52287.632399 -355147.739972
52381.241760 -355146.662363
52423.575193 -355142.024774
52460.284455 -355142.024768
52529.500794 -355142.024766
52628.495357 -355142.024765
52720.163897 -355139.145357
52759.098919 -355138.423196
52795.193943 -355138.423188
52865.122745 -355138.423185
52967.036629 -355138.423184
53059.228156 -355138.423184
