100746.952613 -356021.764319
100753.805678 -355774.933798
100774.867732 -355568.024380
100815.232354 -355479.849041
100874.414290 -355479.057374
100925.266819 -355304.306417
100969.518295 -355238.093557
101014.189770 -355216.442313
101052.692027 -355207.409407
101089.134406 -355206.418456
101126.168713 -355204.528873
101164.279157 -355203.552447
101205.209404 -355203.474405
101250.706697 -355197.360024
101286.633098 -355197.360018
101355.640225 -355197.360016
101459.776573 -355197.360015
101558.532165 -355126.241137
101605.360360 -355116.624430
101642.932406 -355115.645853
101678.505101 -355115.448023
101714.006271 -355113.312235
101750.119583 -355112.444680
101785.111947 -355110.138866
101820.975219 -355110.138856
101886.397789 -355109.886463
101925.565936 -355102.415064
101962.977958 -355099.706928
101999.366257 -355096.070050
102035.961813 -355088.891302
102070.680847 -355088.891298
102135.418764 -355088.891296
102225.190301 -355088.891296
102310.614929 -355088.891296
