77431.710386 -355860.249386
77437.653590 -355464.766847
77458.134874 -355412.988858
77498.127424 -355344.292894
77556.854516 -355343.343100
77603.013698 -355271.339548
77648.587737 -355239.634530
77690.554220 -355203.657163
77731.797093 -355179.012147
77770.596308 -355176.186674
77808.159687 -355173.711930
77848.105558 -355171.134104
77886.105068 -355170.816583
77925.621680 -355170.683803
77964.450709 -355165.084552
78000.946366 -355165.084543
78070.523203 -355165.084540
78164.236330 -355165.084539
78263.464704 -355158.098235
78305.711876 -355157.663109
78343.665771 -355157.663104
78419.428131 -355153.011713
78460.234749 -355153.011706
78537.281797 -355153.011704
78632.521454 -355153.011703
78729.986703 -355124.534739
78772.892576 -355123.560731
78811.820832 -355123.377975
78854.634888 -355123.377968
78948.324520 -355120.926893
78991.568425 -355120.926892
79070.745222 -355120.926892
79169.038623 -355120.926892
79264.198984 -355120.926892
