94810.923160 -356073.450366
94816.861269 -355608.103891
94835.168704 -355438.232499
94870.130076 -355433.845882
94920.180181 -355423.257171
94981.082206 -355421.571611
95037.607181 -355263.597845
95087.944720 -355171.252930
95139.998175 -355153.058872
95187.144730 -355147.893129
95236.427585 -355146.007569
95285.251955 -355144.349555
95333.891919 -355132.601406
95378.475246 -355130.288751
95424.874058 -355130.113328
95473.345530 -355129.664236
95513.376890 -355126.513822
95551.861363 -355118.991295
95587.354955 -355118.382675
95622.549130 -355118.382668
95690.672534 -355115.374441
95727.030718 -355112.461919
95762.283925 -355112.419367
95797.293969 -355112.419355
95864.072052 -355112.419350
95966.651982 -355112.419348
96065.265382 -355105.938895
96104.547030 -355101.848224
96140.864047 -355099.181170
96176.511364 -355098.889387
96211.919870 -355098.889381
96278.922188 -355098.889379
96385.611681 -355098.889378
96486.606213 -355098.889378
