36903.573110 -355945.847468
36909.518875 -355590.362395
36930.923791 -355394.052175
36979.345061 -355392.740555
37018.457415 -355301.474277
37054.975153 -355254.953353
37091.587091 -355236.626004
37123.065295 -355220.015011
37157.969469 -355212.966097
37192.168847 -355201.183270
37223.205084 -355192.371378
37253.021756 -355189.749527
37279.341882 -355189.405403
37305.944731 -355189.254932
37332.081997 -355188.651516
37358.873984 -355188.032016
37386.312310 -355187.236528
37412.174925 -355186.751972
37438.564005 -355186.029243
37465.458248 -355180.141594
37494.068685 -355179.857975
37534.514216 -355153.975217
37570.062347 -355153.516060
37605.973884 -355153.516049
37672.192100 -355153.516044
37771.558601 -355142.115905
37810.140725 -355141.821816
37846.323222 -355141.821808
37913.965477 -355141.821804
38013.782393 -355141.821802
38115.707886 -355141.821802
