72203.581783 -356130.301117
72209.763214 -355708.933201
72232.393676 -355371.914657
72272.469105 -355339.722344
72330.574476 -355338.155579
72380.666046 -355200.408363
72424.249374 -355158.842747
72470.371313 -355150.756121
72512.702482 -355146.875876
72552.946553 -355146.764260
72594.220804 -355146.739816
72635.551055 -355142.757809
72675.711937 -355142.626925
72717.340957 -355111.075154
72754.588961 -355111.075153
72829.093520 -355111.075153
72934.138294 -355111.075153
73028.673659 -355111.075153
