69472.529994 -355911.962656
69479.234128 -355640.428609
69499.828463 -355453.539794
69541.195270 -355350.476643
69599.544046 -355350.120027
69646.967439 -355239.131544
69696.710604 -355211.978095
69744.575517 -355206.695481
69794.108187 -355202.439010
69837.187133 -355198.988938
69881.042979 -355183.948295
69925.021745 -355173.963278
69976.604501 -355152.046319
70019.947056 -355152.043372
70063.951630 -355128.256338
70101.071591 -355122.099443
70137.374401 -355120.416966
70173.477446 -355119.561790
70209.760209 -355119.479465
70246.157670 -355119.479465
70315.404293 -355119.197081
70353.438080 -355118.413945
70389.480202 -355117.948084
70426.355493 -355117.412101
70462.369470 -355117.412100
70531.121927 -355117.412100
70633.185392 -355117.412100
70732.696944 -355117.412100
