28987.254665 -355748.632104
28993.376263 -355447.787008
29013.465118 -355336.223974
29053.640963 -355327.580359
29111.103485 -355327.230319
29164.123653 -355201.813416
29212.987891 -355161.943280
29259.766395 -355147.946517
29306.148243 -355142.924743
29354.563726 -355080.991756
29395.956241 -355079.707541
29440.269293 -355077.743442
29479.210590 -355077.282651
29517.931593 -355077.185148
29556.857027 -355073.195372
29597.223065 -355073.004680
29639.636289 -355062.231595
29675.735080 -355062.174994
29711.417839 -355062.174986
29781.380199 -355062.174984
29886.363041 -355062.174983
29986.442902 -355062.174983
