41919.465698 -356115.763040
41925.513843 -355615.875896
41946.544952 -355471.272673
41986.701039 -355362.004657
42041.954055 -355356.481680
42105.132202 -355356.279879
42160.996008 -355213.882251
42217.495833 -355189.887113
42263.987533 -355187.602435
42311.316111 -355187.345764
42360.586156 -355186.569063
42408.318745 -355184.175193
42460.817681 -355173.420437
42511.294594 -355173.058251
42553.230159 -355152.138155
42589.215410 -355152.138154
42660.552122 -355152.138154
42771.126615 -355152.138154
42860.453691 -355152.138154
