20104.721233 -355761.047119
20110.594841 -355389.958156
20129.675303 -355311.437533
20169.932170 -355310.991350
20208.715299 -355269.887669
20246.469506 -355226.516183
20283.027661 -355218.217298
20314.276944 -355208.660925
20347.135207 -355140.883031
20378.553654 -355129.259031
20405.646644 -355129.227765
20433.664617 -355129.090184
20466.418487 -355127.920788
20495.195539 -355127.769023
20540.085847 -355116.210450
20575.723245 -355115.469099
20611.322105 -355111.510436
20646.969235 -355111.510429
20716.214249 -355111.510426
20819.010399 -355111.510425
20918.315350 -355101.239676
20962.556657 -355078.414173
21003.256774 -355047.130013
21039.145097 -355044.144248
21074.723662 -355044.144247
21143.249942 -355044.144246
21245.121595 -355044.144246
21344.804144 -355044.144246
