82727.857123 -355950.710352
82734.217700 -355551.268423
82754.012267 -355503.392391
82790.724664 -355462.978899
82847.768300 -355462.634455
82898.069651 -355335.023398
82943.897693 -355314.382982
82984.780436 -355314.079166
83022.982720 -355313.355771
83060.857540 -355313.239839
83107.156767 -355297.691015
83153.108924 -355285.001777
83190.604073 -355285.001764
83268.048312 -355285.001759
83366.618117 -355271.316159
83409.266556 -355266.282693
83456.225607 -355245.784447
83493.851497 -355244.668907
83533.780683 -355233.352821
83572.019382 -355231.509193
83608.739924 -355230.587110
83650.097127 -355228.382004
83685.919955 -355228.381994
83754.540293 -355226.576930
83794.886523 -355224.838269
83831.618479 -355224.838257
83907.242261 -355224.838252
84006.000227 -355224.838251
84105.016035 -355224.838251
