90319.991397 -356081.749944
90326.118753 -355635.220328
90346.057706 -355457.371829
90389.447514 -355456.160820
90428.857650 -355325.001887
90466.347024 -355299.482808
90503.433568 -355267.447204
90536.359388 -355242.697361
90564.314883 -355242.073158
90592.038774 -355241.591400
90620.899681 -355241.480253
90662.350430 -355227.407633
90698.082116 -355227.022731
90733.662254 -355226.705124
90771.008470 -355224.506657
90806.139400 -355224.421666
90841.018643 -355224.421663
90907.591789 -355222.709888
90946.895650 -355216.795716
90990.437958 -355210.061890
91030.280306 -355207.132654
91066.101981 -355207.132643
91134.353361 -355207.132639
91220.006614 -355207.132637
91302.986930 -355207.132637
