61681.839120 -355893.712692
61687.754751 -355545.707205
61708.499561 -355531.960644
61753.708272 -355435.157747
61815.248005 -355434.728306
61863.565937 -355246.743960
61906.294977 -355216.959996
61950.135479 -355192.842320
61991.696450 -355182.121520
62034.298228 -355091.852130
62075.230311 -355082.196779
62119.410277 -355069.695901
62156.312583 -355067.417585
62198.271553 -355061.539961
62236.201269 -355061.189814
62273.677556 -355061.001502
62313.059282 -355060.780456
62350.279111 -355060.425283
62386.875280 -355060.226929
62423.040728 -355060.226924
62487.749567 -355060.125837
62528.352055 -355056.902230
62564.892151 -355056.902219
62630.155385 -355055.088963
62668.335473 -355053.935101
62705.201628 -355053.935092
62771.761584 -355053.935089
62870.424241 -355053.935087
62973.151499 -355053.935087
