56850.589540 -355858.781418
56856.456157 -355463.788392
56876.983917 -355336.542455
56916.569244 -355261.942566
56972.412681 -355261.403762
57022.303158 -355108.164175
57064.681175 -355072.130035
57102.793015 -355069.092069
57149.525618 -355059.218497
57188.314107 -355058.228116
57226.892343 -355057.380004
57266.164880 -355057.245004
57308.047584 -355048.570425
57347.178533 -355038.432122
57382.969336 -355038.414946
57419.177436 -355038.414942
57488.622992 -355038.414940
57583.433146 -355038.414939
57676.401942 -355038.414939
