40692.477110 -355796.212617
40698.559724 -355432.383249
40720.485752 -355431.312072
40762.056313 -355415.450899
40817.724246 -355333.475979
40881.267367 -355332.892073
40937.937033 -355217.892975
40985.329844 -355191.872263
41029.598428 -355188.629375
41075.474809 -355188.557083
41120.110291 -355147.631851
41160.125101 -355137.752926
41195.217670 -355136.438238
41231.514421 -355132.716212
41266.491566 -355132.716211
41337.145865 -355132.716211
41438.960673 -355129.573479
41486.141516 -355083.903499
41531.054548 -355063.492062
41566.448531 -355063.108398
41602.228615 -355062.374828
41637.184179 -355062.374824
41708.125090 -355062.374822
41804.222471 -355062.374821
41898.687145 -355062.374821
