98914.109365 -355959.972352
98920.319646 -355627.462850
98941.446761 -355510.134740
98985.227810 -355360.557886
99046.199922 -355359.274347
99099.713900 -355261.089404
99145.421936 -355239.370521
99192.327069 -355223.257475
99245.435372 -355197.491703
99298.101966 -355175.619194
99340.715822 -355175.130790
99383.855660 -355173.341346
99427.069654 -355173.189669
99474.320284 -355119.316880
99514.700279 -355117.406314
99555.054424 -355117.406308
99630.653885 -355117.406306
99730.216829 -355117.406305
99832.991626 -355117.406305
