87297.427811 -355889.510778
87304.998414 -355533.908496
87327.305703 -355390.308332
87369.862745 -355376.954024
87432.356353 -355365.900026
87499.945334 -355364.881881
87502.613075 -355364.215701
87566.710390 -355207.990214
87626.244020 -355165.615929
87682.709870 -355137.051848
87743.785181 -355125.057721
87809.285743 -355107.881795
87862.617353 -355107.009108
87912.337046 -355106.214585
87966.354829 -355103.375623
88022.161207 -355102.770299
88064.893143 -355100.883364
88112.433851 -355099.571419
88157.047496 -355099.571414
88236.095781 -355099.571412
88347.927777 -355099.571411
88449.686720 -355099.571411
