57696.491551 -355923.712615
57702.551899 -355545.599114
57725.369830 -355451.370381
57771.313896 -355450.406262
57812.064698 -355270.166585
57848.706788 -355244.934895
57878.157217 -355234.266859
57907.324652 -355233.535654
57939.913140 -355219.960894
57970.747317 -355217.707163
57999.177953 -355216.930972
58030.656987 -355214.319730
58060.829505 -355214.106253
58103.569353 -355159.741834
58140.261224 -355155.345736
58175.677088 -355151.824851
58215.404395 -355146.532827
58251.372404 -355145.167751
58286.597273 -355145.167749
58360.540385 -355145.167749
58469.886759 -355145.167749
58565.989294 -355145.167749
