21363.514397 -355780.408094
21369.435914 -355420.332117
21390.419978 -355402.929506
21434.171641 -355377.907959
21495.714971 -355377.354957
21543.447086 -355319.441852
21594.888455 -355289.074914
21641.843865 -355273.067457
21681.682133 -355272.540454
21725.482232 -355270.347676
21767.477738 -355268.649378
21810.843383 -355266.901098
21854.418244 -355266.815554
21897.424663 -355254.570258
21935.507547 -355252.780241
21972.558475 -355252.780237
22042.652899 -355246.306725
22081.928256 -355242.950032
22124.036276 -355233.517729
22160.986923 -355233.203989
22202.077789 -355226.254964
22239.028366 -355225.863238
22276.002020 -355225.851154
22312.647055 -355225.851149
22378.737301 -355225.851147
22472.675036 -355225.851146
22576.891888 -355225.851146
