63799.344900 -356050.273944
63805.320505 -355586.800118
63825.310044 -355312.999658
63863.116365 -355311.878199
63915.632938 -355284.769129
63978.580657 -355282.363151
64033.252447 -355201.978008
64089.143439 -355154.671555
64136.489601 -355150.254209
64189.275752 -355141.954200
64242.196974 -355139.298634
64289.201186 -355139.282785
64337.750208 -355139.263956
64380.514791 -355131.835952
64417.615399 -355131.835940
64484.146564 -355131.835936
64569.832487 -355131.835935
64661.032578 -355131.835935
