93900.640734 -356070.652847
93907.770605 -355699.070359
93928.879010 -355584.236439
93966.852907 -355315.283541
94020.506442 -355312.657736
94084.835380 -355311.598071
94139.371344 -355196.528715
94190.990208 -355163.348531
94244.714954 -355156.581434
94293.192333 -355153.915048
94345.483024 -355152.872183
94394.394254 -355152.375598
94444.695080 -355152.289350
94486.413122 -355116.419900
94522.034835 -355116.419899
94592.904527 -355116.419899
94695.889295 -355116.419899
94788.360057 -355116.419899
