17445.105728 -356000.416538
17451.237050 -355518.734658
17470.057869 -355386.810333
17505.827389 -355383.496293
17555.399598 -355289.396411
17614.726255 -355289.146261
17671.368435 -355228.483560
17724.966325 -355176.985861
17778.165725 -355151.393120
17829.968513 -355144.085796
17877.156893 -355143.698810
17915.964586 -355139.599829
17953.631771 -355139.281278
17990.873978 -355139.281276
18060.625900 -355138.606766
18099.725365 -355138.606761
18172.720772 -355138.606759
18265.377804 -355138.606758
18360.927000 -355136.682603
18404.566297 -355126.728454
18442.216114 -355122.932650
18479.345290 -355120.047373
18515.892527 -355120.047369
18583.530990 -355118.068939
18621.948701 -355115.104264
18658.648554 -355115.104264
18727.056381 -355115.104264
18823.492904 -355115.104263
18924.976528 -355115.104263
