103488.067979 -355790.214146
103493.858516 -355326.148275
103512.981390 -355291.748700
103551.256317 -355291.083989
103586.982974 -355216.760338
103615.444796 -355208.629284
103646.942874 -355198.364393
103675.315095 -355183.001367
103704.864218 -355178.090567
103731.779890 -355176.030784
103757.255452 -355175.752549
103782.668929 -355173.814934
103808.001263 -355172.695990
103835.843861 -355172.690822
103873.137421 -355170.029764
103909.537243 -355169.548875
103945.421449 -355169.155001
103981.008541 -355169.155001
104047.630921 -355168.391256
104085.988635 -355167.298547
104121.744100 -355167.298547
104188.718815 -355167.298547
104286.216322 -355167.298547
104380.735721 -355166.923697
104419.676632 -355166.923697
104494.694290 -355166.923697
104592.383593 -355166.923697
104686.178928 -355166.923697
