34969.801731 -356023.053087
34975.705960 -355636.618410
34995.045094 -355525.846318
35033.560506 -355525.368951
35071.788091 -355390.385514
35108.174576 -355272.922431
35146.851089 -355161.364553
35179.454718 -355149.532581
35211.566472 -355148.241283
35244.828238 -355147.157978
35281.384909 -355147.157963
35353.955109 -355147.157957
35454.639304 -355146.693271
35492.651632 -355142.578320
35529.834822 -355137.247703
35565.913312 -355134.875232
35611.246629 -355124.301713
35651.350955 -355116.411970
35688.644967 -355115.346005
35725.899936 -355114.356147
35764.921224 -355106.737087
35800.743163 -355106.737084
35870.342205 -355106.602332
35907.153919 -355106.570881
35943.131630 -355106.570875
36012.464831 -355105.103180
36057.692310 -355049.816835
36098.705613 -355042.847392
36137.238826 -355038.120026
36172.844121 -355037.193619
36213.288488 -355032.293494
36248.451330 -355032.293484
36319.133171 -355032.293480
36415.791070 -355032.293479
36513.386344 -355024.718081
36551.797888 -355024.619205
36587.543348 -355024.569188
36622.360365 -355024.569188
36692.229868 -355024.569187
36788.107112 -355024.569187
36884.155564 -355024.569187
