10359.327637 -355977.177883
10365.820937 -355721.416436
10388.553295 -355603.776643
10435.399347 -355603.372640
10481.820233 -355432.401759
10521.282638 -355379.027762
10555.110601 -355322.719301
10589.775582 -355309.983054
10622.032543 -355306.683170
10649.302511 -355306.256743
10678.856303 -355305.917616
10721.829676 -355290.513176
10758.386245 -355288.572166
10794.794559 -355287.261044
10839.445918 -355274.111592
10881.026286 -355264.382515
10924.513512 -355258.300772
10960.193147 -355256.238117
10995.251819 -355256.238108
11065.402366 -355256.238105
11172.590173 -355236.289125
11210.588757 -355229.280369
11247.368768 -355229.280361
11318.680713 -355229.280358
11428.742937 -355229.280356
11530.034991 -355229.280356
