18944.835330 -355806.765464
18951.029211 -355475.909932
18972.455343 -355440.229573
19014.162030 -355391.521970
19072.054744 -355390.957227
19125.138402 -355259.357006
19172.113745 -355228.672984
19221.108597 -355164.037612
19267.042393 -355143.205335
19319.935290 -355122.952165
19371.055983 -355119.737515
19414.920997 -355118.884835
19458.604668 -355117.393580
19502.943664 -355117.178173
19548.769368 -355116.935900
19591.765463 -355082.877933
19628.879651 -355082.877933
19701.987333 -355080.558693
19739.979386 -355078.239818
19776.588057 -355077.125575
19812.884756 -355077.125569
19885.952548 -355077.125566
19993.957199 -355077.125565
20086.286711 -355077.125565
