85997.801471 -356094.632778
86004.560580 -355679.110626
86026.630888 -355390.584251
86067.768445 -355261.179500
86123.495169 -355227.437986
86192.576572 -355225.888987
86252.160913 -355120.359529
86317.455888 -355103.702954
86368.483352 -355097.521962
86421.230845 -355095.802334
86470.689739 -355095.023201
86527.468687 -355087.529911
86578.243751 -355080.886235
86648.711209 -355080.164306
86713.528405 -355079.639623
86764.589031 -355077.112388
86814.303594 -355077.076545
86857.912057 -355063.995453
86896.840497 -355063.738964
86934.886891 -355063.695644
86973.071015 -355063.695640
87048.415869 -355063.695638
87162.244234 -355063.695638
87277.400714 -355063.695638
