66069.005491 -355856.967727
66075.154058 -355536.594877
66095.184264 -355473.766000
66133.662581 -355404.649727
66186.955724 -355317.183535
66250.114313 -355316.261508
66306.056843 -355188.957563
66359.596355 -355153.073331
66410.782672 -355138.347200
66466.434083 -355119.463441
66513.813994 -355116.957905
66565.243296 -355102.234527
66612.562011 -355101.799506
66659.969606 -355101.640208
66709.239231 -355101.510319
66746.888316 -355099.712313
66783.644127 -355099.712310
66851.743178 -355099.712309
66949.661884 -355099.712308
67046.705947 -355099.712308
