12576.167494 -355795.865554
12582.100939 -355474.771923
12601.145933 -355351.846154
12640.011496 -355324.628165
12695.298061 -355324.385351
12759.701818 -355323.398264
12811.754808 -355211.431388
12861.904951 -355177.481985
12916.172212 -355161.667918
12961.218820 -355158.758705
13006.253846 -355156.776498
13053.089408 -355155.498561
13100.266569 -355155.472111
13150.371335 -355155.388056
13188.215747 -355152.556270
13224.983545 -355150.413829
13261.927259 -355150.413821
13332.499485 -355150.413818
13436.617105 -355150.413817
13535.852004 -355150.413817
