99853.653514 -355743.906199
99861.008551 -355324.984968
99881.898405 -355238.229630
99924.683824 -355206.548752
99986.872013 -355205.973135
100033.589009 -355121.081829
100079.959274 -355088.436590
100120.439715 -355085.638475
100162.225798 -355085.431120
100201.769936 -355084.361610
100244.664423 -355083.318107
100288.519018 -355083.234441
100330.790410 -355051.291120
100367.154576 -355050.993287
100405.818650 -355045.501481
100442.652515 -355045.501477
100517.155476 -355045.501476
100629.662110 -355045.501476
100729.153966 -355045.501476
