89125.818595 -355899.489264
89131.778232 -355558.091622
89151.845788 -355361.975613
89192.419362 -355247.691982
89248.972970 -355217.129798
89312.477664 -355216.405247
89363.292963 -355163.939865
89413.917809 -355137.770321
89459.362880 -355133.170962
89505.240289 -355131.070605
89551.295179 -355128.513948
89597.193910 -355127.881692
89642.600739 -355127.472381
89688.570578 -355127.166268
89743.219439 -355123.550135
89790.881756 -355118.697712
89846.476109 -355108.720683
89901.089087 -355100.429527
89950.591222 -355100.306687
89989.473782 -355096.130164
90025.036374 -355096.130163
90095.353357 -355096.130163
90204.315060 -355096.130162
90301.341119 -355096.130162
