30004.316306 -355761.619722
30010.280521 -355425.928075
30028.553762 -355348.810429
30065.401155 -355279.747068
30117.311153 -355272.353767
30179.023768 -355271.819224
30229.337896 -355221.329531
30281.461504 -355202.447001
30332.617236 -355193.781240
30376.682207 -355192.000458
30420.273964 -355191.597059
30464.250545 -355189.822033
30509.345733 -355189.639847
30553.901352 -355188.794531
30598.804548 -355185.722341
30644.024978 -355185.662513
30687.397614 -355178.986141
30724.202166 -355178.986134
30791.007214 -355178.986131
30879.742053 -355178.986130
30975.308316 -355178.986130
