22594.850487 -355847.921817
22600.899431 -355503.158058
22622.852158 -355480.413630
22666.328016 -355480.133765
22703.898159 -355277.182220
22735.031657 -355254.559564
22762.685810 -355243.961184
22789.293251 -355241.888476
22815.944159 -355236.952250
22840.975231 -355224.942112
22868.434616 -355202.167887
22893.835158 -355202.091255
22921.874045 -355201.923480
22958.877519 -355201.923467
23021.596861 -355195.702918
23058.555878 -355195.187668
23095.178814 -355190.638010
23132.759603 -355185.314121
23167.784086 -355185.314118
23229.296371 -355185.314117
23314.527980 -355177.177880
23352.212804 -355177.177872
23418.801226 -355177.177868
23504.038466 -355177.177867
23595.210836 -355175.031741
23635.426753 -355171.143233
23672.202832 -355167.484101
23708.151915 -355167.484095
23771.243055 -355164.262127
23809.014760 -355163.220570
23845.171453 -355163.220561
23908.574399 -355160.896143
23946.689840 -355158.911528
23986.336550 -355141.338321
24022.639755 -355139.355146
24058.345827 -355139.355145
24120.883951 -355139.355145
24205.381280 -355139.355145
24307.446315 -355139.355145
