67066.985372 -355893.940473
67072.972125 -355458.249278
67092.481799 -355384.815893
67130.264773 -355371.438012
67186.015335 -355370.359392
67227.993648 -355282.826104
67275.055972 -355208.349997
67316.269228 -355175.683150
67355.234411 -355168.080092
67398.142590 -355162.587746
67436.016177 -355160.713306
67472.285112 -355159.628795
67511.807877 -355159.392104
67555.202753 -355121.227492
67591.474839 -355121.227488
67657.331552 -355121.227486
67747.554801 -355121.227485
67834.780374 -355121.227485
