84770.085559 -355844.351470
84776.111220 -355511.035584
84796.628268 -355426.793914
84833.449109 -355417.108841
84886.620306 -355382.223801
84952.373018 -355381.487394
85009.883517 -355302.312782
85060.014509 -355257.127767
85110.458713 -355244.892649
85159.815978 -355241.419172
85213.818768 -355239.617900
85263.873057 -355237.872116
85316.542452 -355236.290356
85366.061643 -355232.157525
85418.678729 -355221.411829
85468.804824 -355221.003987
85515.328521 -355220.596606
85559.944709 -355220.501868
85606.241447 -355220.272611
85646.287113 -355180.201759
85682.084294 -355179.209683
85718.634708 -355179.209677
85784.376320 -355179.209675
85884.731381 -355179.209675
85978.193487 -355179.209675
