44954.232749 -355932.092185
44960.241523 -355554.604455
44979.295606 -355329.355792
45016.833080 -355291.670603
45070.279782 -355290.327896
45117.842121 -355210.386223
45162.439362 -355180.230847
45208.349693 -355176.038621
45249.720265 -355168.030579
45293.732182 -355151.699267
45339.044206 -355147.560371
45381.827801 -355141.518967
45428.486266 -355135.051617
45470.173929 -355135.000075
45515.577374 -355127.805815
45552.814135 -355127.805806
45625.430957 -355127.805802
45721.493359 -355127.805800
45812.295921 -355127.805800
