59333.531894 -356048.758542
59339.472892 -355635.192097
59358.568004 -355452.887310
59397.607008 -355403.715920
59454.945792 -355403.213439
59503.154523 -355274.243289
59551.235950 -355231.503300
59598.680509 -355210.348574
59640.218468 -355210.124990
59683.050045 -355200.834835
59718.398217 -355200.834829
59787.039652 -355200.834826
59880.712877 -355199.032208
59927.997829 -355136.437019
59966.635028 -355128.514702
60004.085599 -355124.166796
60041.127608 -355120.233461
60076.247843 -355119.478687
60111.043216 -355119.478683
60178.591435 -355119.478681
60276.718083 -355119.478681
60372.120973 -355119.062554
60410.978827 -355119.062547
60487.149289 -355119.041272
60524.174009 -355119.041263
60595.732565 -355118.055143
60632.735137 -355118.055139
60703.993436 -355118.055138
60802.330734 -355118.055137
60896.861701 -355118.055137
