93065.649536 -355808.817904
93071.554221 -355454.843924
93092.711542 -355338.257499
93139.619537 -355336.551628
93177.233729 -355193.108389
93213.544280 -355180.458648
93245.044096 -355173.615591
93276.645823 -355173.335701
93307.699801 -355173.141435
93344.320109 -355170.122822
93380.670516 -355168.865923
93417.179580 -355167.630900
93452.879950 -355167.402880
93488.992987 -355165.202374
93526.846974 -355161.619324
93563.074586 -355161.492584
93599.666187 -355161.492576
93673.216911 -355161.492573
93782.436567 -355161.492572
93879.917601 -355161.492572
