97955.938904 -355816.527477
97961.861098 -355372.011796
97981.014524 -355312.604748
98018.674134 -355301.676906
98075.278156 -355300.141607
98124.047540 -355170.933072
98170.480638 -355164.592865
98209.193829 -355157.671766
98249.162698 -355157.566925
98292.954441 -355107.417463
98329.442701 -355106.620927
98365.099230 -355106.103194
98401.192358 -355106.103194
98471.187326 -355104.679713
98509.712034 -355104.679709
98579.661296 -355103.107586
98616.842586 -355103.107582
98685.262392 -355103.107581
98793.092746 -355103.107580
98895.648643 -355103.107580
