53857.522499 -355835.444915
53863.572843 -355472.943955
53885.549466 -355407.770710
53933.922724 -355407.231478
53973.576223 -355308.157449
54008.303930 -355269.620451
54033.828270 -355268.362609
54059.438613 -355267.515884
54085.659157 -355267.208797
54111.972726 -355266.517731
54138.059348 -355264.555195
54163.871643 -355263.957140
54189.660138 -355263.450485
54218.009572 -355263.348836
54264.526536 -355234.275738
54309.181553 -355230.492350
54345.627869 -355230.492321
54416.592630 -355230.492309
54515.790122 -355230.492305
54611.228228 -355230.492305
