45829.387486 -355988.679548
45835.423981 -355610.737640
45854.555287 -355393.812619
45891.678864 -355371.458009
45943.965113 -355370.936998
45988.198080 -355311.226934
46028.317006 -355273.685124
46068.103798 -355256.009764
46107.451533 -355248.359665
46144.900082 -355245.713037
46180.643282 -355244.036721
46217.050092 -355243.656105
46253.927878 -355243.591162
46293.790813 -355243.461101
46334.792454 -355237.539898
46370.585603 -355234.468241
46409.889183 -355228.031594
46451.534124 -355221.240622
46487.848440 -355221.240617
46556.452906 -355220.955298
46594.335537 -355216.750856
46630.422389 -355216.750852
46699.260175 -355216.750851
46790.009347 -355211.691615
46829.970411 -355208.824043
46865.922014 -355208.824038
46934.586571 -355208.824036
47024.786482 -355208.824035
47119.080939 -355208.824035
