79287.612971 -355648.236188
79294.524760 -355363.572514
79317.090408 -355298.372692
79359.145898 -355297.952122
79401.556377 -355229.636890
79444.593741 -355215.552084
79498.827951 -355186.691218
79535.080005 -355177.338278
79567.575717 -355177.247666
79601.404420 -355173.846197
79635.777213 -355172.915887
79682.288915 -355163.757272
79724.767677 -355156.099073
79757.274879 -355155.775610
79805.888058 -355153.181758
79845.133752 -355153.181750
79923.694083 -355153.181747
80027.647532 -355153.181746
80120.794001 -355153.181746
