17.394286 -355910.367118
23.223161 -355537.716271
41.555424 -355378.894892
77.514260 -355378.357762
115.165638 -355184.907681
152.119555 -355160.004288
183.960130 -355145.537612
210.145763 -355144.356602
237.848580 -355143.703681
266.673317 -355141.278875
293.284744 -355138.783495
328.682461 -355126.832661
359.496644 -355124.054313
387.010600 -355123.892556
415.896959 -355123.746981
459.587605 -355089.290454
498.906442 -355088.638098
536.753730 -355088.056713
572.753031 -355088.016231
609.976029 -355088.016231
677.991612 -355088.016231
772.538085 -355088.016231
870.329648 -355088.016231
