33263.441043 -356048.339138
33269.267539 -355675.953884
33288.630886 -355470.907135
33327.624867 -355424.463025
33383.673368 -355424.204573
33432.936327 -355257.564932
33478.472972 -355214.870141
33524.334808 -355210.609799
33569.736384 -355198.912864
33611.082342 -355196.328384
33655.597843 -355186.280922
33696.644396 -355185.863308
33737.737840 -355182.773373
33789.390308 -355136.211521
33833.448348 -355135.992168
33874.972157 -355130.896125
33910.044215 -355130.896121
33979.551084 -355130.896120
34081.646764 -355130.896119
34177.526992 -355130.896119
