47137.144676 -355881.153202
47143.021160 -355499.574161
47163.752120 -355304.086555
47208.416207 -355303.173610
47243.670389 -355228.440327
47280.481191 -355188.359841
47314.573782 -355181.416682
47346.996906 -355174.111828
47375.370178 -355171.120240
47405.424815 -355170.750531
47446.043714 -355144.731599
47481.669638 -355143.826378
47517.092298 -355143.826372
47588.018726 -355143.826370
47685.429671 -355142.446539
47726.490455 -355135.487927
47771.819943 -355126.632025
47811.747262 -355118.499751
47848.868219 -355114.252667
47884.719660 -355114.252656
47956.336698 -355089.947090
47993.651697 -355089.331640
48031.028972 -355088.670448
48066.775593 -355088.670441
48138.625403 -355088.317224
48175.948484 -355087.596184
48213.774591 -355082.647985
48251.415534 -355082.067909
48287.334474 -355081.486860
48323.438864 -355080.446119
48359.915525 -355080.446106
48430.927888 -355080.446100
48524.503481 -355080.446098
48616.904847 -355080.446098
