	SAMPLE_100008_1	SAMPLE_100008_2	SAMPLE_100008_3	SAMPLE_100137_1	SAMPLE_100137_2	SAMPLE_100137_3	SAMPLE_100177_1	SAMPLE_100177_2	SAMPLE_100177_3	SAMPLE_100200_2	SAMPLE_100200_3	SAMPLE_100206_1	SAMPLE_100206_2	SAMPLE_100206_3	SAMPLE_100217_1	SAMPLE_100217_2	SAMPLE_100217_3	SAMPLE_100248_1	SAMPLE_100248_2	SAMPLE_100248_3	SAMPLE_100255_1	SAMPLE_100255_2	SAMPLE_100255_3	SAMPLE_100256_1	SAMPLE_100256_2	SAMPLE_100256_3	SAMPLE_100257_1	SAMPLE_100257_2	SAMPLE_100257_3	SAMPLE_100261_1	SAMPLE_100261_2	SAMPLE_100261_3	SAMPLE_100267_1	SAMPLE_100267_2	SAMPLE_100267_3	SAMPLE_100306_1	SAMPLE_100306_2	SAMPLE_100306_3	SAMPLE_100337_1	SAMPLE_100337_2	SAMPLE_100337_3	SAMPLE_NTC_1	SAMPLE_NTC_2	SAMPLE_NTC_3	SAMPLE_NTC_4	SAMPLE_NTC_5	SAMPLE_NTC_6	SAMPLE_NTC_7	SAMPLE_NTC_8	SAMPLE_water1_1	SAMPLE_water2_1	SAMPLE_water3_1	SAMPLE_water4_1	SAMPLE_water5_1	SAMPLE_water6_1
Methanobacteriaceae	1322.0	3070.0	15551.5	543.0	7327.0	24446.0	7513.5	535.0	12475.0	2405.0	26408.5	13609.5	139.0	12807.0	2242.5	1693.5	6043.0	13477.0	15655.0	7734.5	5796.0	85.5	8707.0	5615.0	70.0	15046.5	4226.5	3858.5	15400.5	4735.5	4009.5	20116.0	1407.5	13941.5	19026.0	23640.0	9622.5	23691.0	31826.5	28585.5	36205.0	44.0	63.0	37.0	50.0	72.5	49.5	70.0	85.0	4470.0	15259.5	75.5	6450.5	5620.0	98334.0
Methanothermaceae	2.0	7.0	23.5	2.0	5.0	55.0	25.5	1.0	4.5	13.0	69.0	21.0	0.0	23.0	0.0	2.0	22.0	45.0	21.5	15.0	11.0	1.0	30.0	9.0	0.0	40.5	8.5	0.0	19.0	248.0	2.0	40.0	1.0	27.0	32.5	30.0	25.0	81.0	53.5	23.5	180.5	0.0	0.0	0.0	0.0	0.0	0.0	1.0	0.0	2.0	27.0	0.0	0.0	1.0	0.0
Methanococcaceae	932.5	1478.5	9074.0	343.5	1185.0	10852.0	6003.0	935.0	9624.0	1164.0	10747.0	12256.0	70.5	3102.5	1811.5	1639.0	5365.0	3536.5	8886.0	4145.5	3164.0	31.0	6387.0	3581.5	43.0	11491.0	2490.0	4282.5	15123.0	6363.5	3245.5	10741.5	352.5	7496.5	4684.0	9629.5	4216.5	11471.5	10433.5	16478.5	19076.0	19.5	21.5	22.5	21.5	30.5	41.0	46.0	33.0	5585.5	6435.0	34.5	11775.0	4149.5	24754.0
Methanomicrobiaceae	244.0	407.0	1808.5	177.5	110.0	1799.5	1137.0	105.0	2386.0	223.5	2420.5	2693.5	12.5	1242.5	289.5	208.5	583.5	730.5	3168.5	775.0	795.5	11.5	1406.0	804.0	6.5	3489.5	1538.0	659.0	1535.0	286.5	335.5	1237.5	105.0	919.0	868.5	857.5	688.0	1401.0	990.5	3982.5	1915.5	2.5	2.0	7.0	3.5	4.0	3.0	6.5	5.5	387.5	1404.5	3.5	5165.0	482.5	900.5
Methanosarcinaceae	1286.0	2564.5	12674.5	401.5	5018.0	19108.0	7833.5	1144.5	9800.0	1901.0	18482.0	20388.5	61.5	8751.5	1249.0	970.0	4424.5	8249.5	13972.5	6969.5	3667.5	58.0	8242.5	4765.5	49.0	11758.5	3120.0	3160.0	13198.0	5728.0	4684.0	17277.5	841.0	9122.5	8659.0	23891.0	5797.5	15122.5	11380.5	25141.5	21834.0	17.5	32.0	41.5	45.0	41.0	47.5	42.5	57.0	3599.0	13587.0	42.0	5983.5	4225.0	15523.0
Archaeoglobaceae	581.0	1570.5	6825.0	266.5	1178.0	11103.5	3086.5	465.5	4354.5	1032.0	10163.5	5592.0	85.5	5250.5	618.5	738.5	2349.0	5155.5	6805.5	4267.0	4416.0	24.0	4268.5	2490.5	37.5	6287.0	1855.5	2347.0	6701.5	2138.5	2256.5	7464.5	683.0	5715.0	5503.0	7016.5	3884.0	9212.5	7937.5	14085.0	12594.5	28.5	31.5	18.0	18.0	28.0	35.5	20.0	30.0	2061.5	7363.5	37.0	2710.0	2265.5	67385.0
Halobacteriaceae	602.5	1345.5	4590.5	273.5	994.5	7113.5	2798.0	2980.5	3794.0	1086.0	6984.5	5750.5	35.0	2926.5	814.0	848.0	3218.0	2820.0	6572.0	3320.0	2213.5	25.0	3493.5	2038.5	31.0	15718.0	1812.0	2607.5	8544.0	3345.5	1866.5	4610.0	259.0	4386.0	5619.5	4795.5	3091.5	6901.0	7320.5	9633.0	17799.5	16.0	16.0	10.5	18.5	25.5	17.5	22.5	27.0	6791.5	5296.5	20.0	6024.0	2230.0	6424.5
Thermococcaceae	724.0	1121.5	6850.5	308.0	1034.0	9882.0	4844.0	577.0	8771.0	889.0	9617.5	7944.0	49.0	3040.0	885.0	688.0	3181.0	3329.0	6559.5	3434.0	2632.5	21.0	5126.0	2665.5	26.0	7524.0	1991.0	2470.0	7467.0	3880.0	2811.5	5837.5	518.5	6196.0	4055.5	7749.0	3437.5	8204.0	7042.5	13561.5	23361.0	27.0	26.5	28.0	27.5	36.0	31.5	43.5	36.0	3055.0	6569.0	36.0	5893.5	2697.5	19302.0
Thermoproteaceae	3585.0	6281.0	33674.0	1659.0	4948.5	50793.5	27263.0	2049.5	28473.5	5041.0	45329.5	41106.5	236.0	22408.0	5655.0	5022.0	14846.5	20547.5	42277.0	17275.0	10874.0	167.5	23049.0	14675.0	192.5	39227.0	10164.5	12287.5	43348.5	29040.5	10609.0	37398.0	3049.5	33748.5	24497.0	43667.5	18460.5	46838.5	42193.0	77001.0	67310.5	67.0	94.5	83.0	104.0	151.0	135.5	159.5	167.0	16591.0	38615.0	105.0	26681.5	15405.0	64935.0
Desulfurococcaceae	3932.5	7244.5	39327.5	1533.5	6138.0	58787.5	28767.5	2875.5	49122.0	5454.0	58670.5	38317.5	253.0	24723.5	4464.5	4221.0	16667.0	24333.5	48305.0	22135.0	15764.0	218.5	26251.5	18925.0	182.5	42556.5	10379.5	19150.0	45408.5	22271.0	12795.5	41744.5	3824.0	36138.5	29220.5	49046.0	24646.0	51383.5	47861.0	78494.5	80148.0	85.0	107.0	129.5	105.0	142.0	139.0	182.5	175.0	29202.5	41944.5	133.0	27664.0	17048.5	60746.5
Pyrodictiaceae	7328.0	10029.5	91167.0	2781.5	7298.0	130602.5	32304.0	4131.5	135218.5	8478.5	81091.5	86097.0	506.5	26990.5	8106.0	4868.5	28562.0	31633.5	75124.5	36837.0	26918.0	433.5	39315.5	28719.0	294.0	61465.5	18326.0	25858.0	97101.5	33206.5	104190.5	780783.0	3644.0	138728.5	95200.0	93368.5	53623.5	130308.5	136613.0	129333.0	165081.0	180.5	197.0	218.0	193.0	310.0	291.0	436.5	315.0	36653.0	61732.0	272.5	82124.5	52123.0	81514.0
Picrophilaceae	93.0	100.5	1076.5	36.5	60.0	1175.0	488.5	58.5	402.5	169.5	993.0	793.0	5.5	563.0	126.0	128.5	160.0	678.0	696.0	420.5	321.5	2.0	848.0	216.5	1.0	804.5	322.5	235.0	1980.0	888.5	239.5	806.5	75.5	920.5	625.5	525.0	681.5	1243.5	830.0	1210.0	9894.0	1.0	3.5	8.5	11.5	12.0	5.5	8.5	13.5	328.0	811.0	2.5	648.5	391.5	688.0
Thermoplasmataceae	37.0	81.0	523.5	17.0	71.0	1130.0	238.5	10.5	473.0	56.0	566.0	288.5	3.5	419.0	42.0	25.0	129.0	340.5	613.5	189.5	344.5	1.5	246.5	112.0	1.0	293.0	56.0	154.0	450.5	67.5	140.0	1219.5	60.5	412.5	495.0	460.0	230.0	633.0	255.0	729.5	758.5	2.0	1.0	2.0	2.0	1.0	0.0	2.5	4.0	68.0	347.0	3.5	165.5	130.5	269.0
Methanocorpusculaceae	17.0	65.0	233.0	26.5	25.0	285.0	178.0	10.5	102.5	30.0	250.0	741.5	1.0	122.5	4.5	8.5	57.0	128.0	216.0	137.5	84.0	0.0	126.0	63.0	1.0	158.0	70.5	94.5	178.0	20.5	51.0	234.5	12.5	179.0	222.0	183.0	251.5	235.5	142.0	410.5	411.5	1.0	0.0	0.0	0.0	1.0	1.0	0.0	0.0	15.5	191.0	0.0	20.0	46.0	30.5
Ferroplasmaceae	40.0	73.0	220.5	6.0	35.0	591.0	135.0	141.0	163.5	59.0	556.5	197.0	1.0	238.5	28.5	32.0	82.0	207.5	374.5	186.5	46.0	0.0	191.0	115.0	1.0	453.5	57.5	155.0	191.5	93.0	81.5	409.0	33.0	311.0	422.5	251.0	159.5	345.0	279.0	589.0	526.0	0.0	0.0	2.0	3.0	2.5	0.0	2.5	1.5	25.5	283.0	0.0	131.5	124.5	285.0
Thermofilaceae	97.0	136.5	1659.5	35.0	220.5	1757.5	930.0	27.0	1203.5	149.5	1405.5	1130.0	12.0	715.0	156.5	104.0	376.0	658.5	1314.0	671.5	489.5	6.5	670.0	375.5	3.0	848.5	261.5	353.0	1503.5	390.5	347.5	3130.5	102.5	778.5	1033.5	4232.0	673.0	1344.5	1727.5	2119.0	1513.0	2.0	4.0	1.5	3.0	4.0	6.0	3.0	4.0	270.0	1021.0	5.0	643.5	484.0	3299.5
Sulfolobaceae	672.5	1479.5	7658.5	248.5	781.0	10078.0	5491.5	950.5	6749.0	1255.5	8876.5	9123.0	57.0	3524.0	1150.5	1045.5	3780.0	3385.5	7731.5	3620.5	2961.0	23.0	4135.0	2904.5	35.5	6504.0	1980.0	2478.5	8883.5	7370.0	2567.0	6663.0	518.5	6655.5	4338.0	8466.5	3617.0	8684.0	8430.0	13742.5	13718.0	32.5	27.0	21.0	12.0	28.5	29.5	35.0	22.0	6456.5	6743.5	36.0	14422.5	2835.0	19508.0
Methanotrichaceae	343.0	1189.5	5384.0	351.0	650.0	7071.0	2390.0	232.0	4527.5	704.0	7936.0	3720.0	31.0	3552.0	585.5	493.5	1670.5	3313.5	5283.5	2171.0	1271.5	19.0	2681.0	1710.0	17.5	7035.0	1294.0	1400.5	4693.5	1344.0	1326.5	7371.0	364.0	3825.0	5376.5	9340.5	2675.0	6141.0	6103.0	9103.5	7711.0	5.5	7.0	11.5	14.0	15.0	18.0	11.0	22.5	1682.5	5051.0	14.0	3089.0	2065.5	8255.0
Methanopyraceae	580.5	1113.0	4740.5	180.5	703.0	7718.5	2380.0	328.5	6564.0	569.0	6571.5	3973.5	29.0	8520.0	498.0	477.0	2520.0	3617.5	5854.0	2719.5	3710.5	29.0	3284.5	2200.0	19.0	3982.5	1166.0	1177.5	8189.5	1995.0	1595.5	7251.5	350.0	3706.0	3184.0	5659.0	2612.0	6353.5	4662.0	10292.5	6619.5	12.5	12.5	10.0	12.0	21.5	12.0	28.0	21.0	2672.0	4512.5	15.0	7330.5	2240.5	7189.0
Methanocaldococcaceae	4670.5	6262.0	37370.5	1703.5	6535.5	41131.0	23200.5	2982.5	34930.5	4987.5	45087.5	44322.0	242.0	13359.0	6203.0	5466.5	19650.5	14988.5	40758.0	18705.5	14449.5	189.5	30093.0	14660.0	151.0	44476.0	14331.5	16416.5	55464.5	18633.0	12919.5	36335.0	1546.0	32178.5	17755.5	37392.5	18190.5	50416.5	39227.5	65281.5	87474.0	78.5	116.0	99.0	91.0	152.0	122.5	159.0	166.5	17958.0	24914.0	136.5	39072.0	14343.0	97564.0
Methanospirillaceae	0.0	12.5	94.0	4.0	2.0	53.5	27.0	11.5	35.0	7.5	107.0	66.5	0.0	71.0	2.0	5.0	17.0	54.0	122.0	34.0	14.0	0.0	21.0	17.5	1.0	232.5	10.0	19.0	61.0	33.5	2.0	53.0	12.0	39.0	83.5	37.0	36.0	46.5	21.5	112.5	43.5	0.0	0.0	0.0	0.0	0.0	0.0	0.0	0.0	30.0	73.0	0.0	4.0	26.0	29.5
Candidatus Cenarchaeaceae	2.0	14.5	44.0	0.0	7.0	137.0	31.0	3.0	138.5	6.0	81.0	65.5	0.0	86.0	2.0	3.0	3.0	36.0	55.0	22.0	22.0	0.0	25.0	22.5	0.0	31.0	8.0	1.0	28.5	32.0	2.0	76.0	1.0	110.0	70.0	53.0	24.0	40.0	55.0	174.0	104.0	0.0	0.0	0.0	0.0	0.0	1.0	0.5	0.0	18.0	63.0	0.0	17.0	0.0	43.0
Caldisphaeraceae	2.0	4.0	19.0	0.0	0.0	7.0	4.0	0.0	19.0	3.0	14.0	7.0	0.0	17.0	7.0	0.0	0.0	14.0	14.0	23.0	3.0	0.0	7.0	5.0	0.0	0.0	0.0	11.0	3.0	1.0	13.5	37.5	0.0	1.0	4.0	10.0	18.0	4.0	8.0	28.0	20.0	0.0	0.0	0.0	0.0	0.0	0.0	0.0	0.0	0.5	0.0	0.0	0.0	3.0	0.0
Nitrosopumilaceae	4434.0	9311.5	54650.0	1885.5	9591.0	70768.5	24815.0	1947.0	39599.5	6558.0	71574.5	38998.0	342.5	31798.0	5050.5	5117.0	18788.0	33380.0	46074.0	26764.5	20045.0	264.5	30665.0	18509.0	213.0	41824.0	12075.0	16647.0	53751.5	20960.0	15130.5	53063.5	4330.0	48988.5	38475.5	51308.5	30059.5	68000.5	54906.0	98314.0	86705.0	109.5	143.0	128.5	114.0	203.5	158.0	202.0	208.0	12597.5	42938.5	176.5	52862.5	18486.0	109339.0
Methanocellaceae	252.0	700.5	3473.0	116.5	1313.0	6150.0	1552.0	69.0	2390.0	428.5	5461.5	2150.0	19.0	3151.0	147.0	184.0	849.0	2717.0	3205.5	1521.0	1397.5	13.0	2000.5	1746.5	14.0	2583.5	683.5	746.5	2437.5	1195.0	706.5	3891.5	237.5	2652.5	2926.5	4750.0	1842.0	4130.5	3381.5	5501.5	5149.0	3.0	4.5	17.0	13.5	14.0	5.0	14.0	14.5	713.0	3256.5	9.0	869.5	1125.5	1447.0
Methermicoccaceae	0.0	0.0	0.0	0.0	0.0	7.0	0.0	0.0	0.0	0.0	0.0	0.0	0.0	2.0	1.0	0.0	0.0	0.0	10.0	0.0	0.0	0.0	0.0	0.0	0.0	0.0	0.0	0.0	0.0	0.0	0.0	3.0	0.0	0.0	13.0	3.0	1.0	20.0	0.0	9.0	0.0	0.0	0.0	0.0	0.0	0.0	0.0	0.0	0.0	0.0	0.0	0.0	0.0	0.0	0.0
Fervidicoccaceae	123.5	355.0	1749.5	76.5	227.5	2539.0	881.5	39.5	1053.0	215.5	2133.0	1150.5	6.5	1281.5	207.5	121.5	510.5	1462.0	3361.0	769.5	530.5	10.0	809.5	477.0	4.0	1195.0	420.5	354.0	1707.5	475.5	346.5	1746.5	223.0	1284.5	1288.0	2166.0	692.5	2384.5	1692.0	3192.0	2356.5	1.0	1.5	4.0	3.0	4.5	3.5	9.5	9.0	553.0	1562.0	2.0	897.0	576.0	1293.5
Acidilobaceae	1622.5	4409.0	19149.0	486.5	1847.0	14466.0	5941.0	1493.0	18591.0	5979.5	10013.5	30466.5	128.5	3118.5	2574.5	2212.0	4416.5	6784.0	6929.0	8351.5	4348.5	58.0	6276.0	3466.5	51.0	11753.0	3072.5	7255.0	28219.5	7092.5	4928.0	8842.0	381.0	33308.5	10876.0	8038.0	4896.0	20297.5	23066.5	31249.0	31603.5	25.5	39.5	35.0	41.0	56.5	55.5	56.0	47.5	3810.5	19159.5	54.5	19922.5	3149.5	25812.5
Nitrososphaeraceae	26.0	78.0	512.0	26.0	18.0	1645.5	309.5	33.5	361.0	23.5	305.5	279.5	1.5	493.0	79.5	16.0	323.0	154.5	1308.0	169.0	189.5	6.0	215.5	136.0	0.0	731.5	147.0	648.0	410.0	47.0	148.5	274.0	22.0	306.5	232.0	412.5	303.5	256.0	361.0	1338.5	505.5	0.0	2.0	1.0	1.5	1.0	0.0	4.0	3.5	848.5	290.5	1.0	88.5	718.5	906.5
Methanoregulaceae	65.5	264.0	973.0	33.5	305.5	1836.5	546.5	64.5	1261.0	197.0	2873.0	914.5	22.5	879.5	79.0	92.5	369.5	972.5	1516.0	558.5	253.0	4.0	1160.0	390.0	5.0	1908.5	227.0	445.5	1236.0	380.0	472.0	1224.0	99.5	1009.5	1045.0	1185.5	644.5	1319.5	1794.0	2504.5	2342.5	12.0	12.5	1.0	1.5	4.0	4.0	7.0	3.0	308.5	1079.5	13.5	350.0	264.0	31514.5
Methanocalculaceae	56.0	77.0	468.5	33.0	94.5	1055.0	235.5	74.0	374.0	116.0	671.0	1141.5	3.0	479.0	79.5	66.0	229.0	427.0	517.0	263.0	171.5	1.0	260.0	264.0	2.0	319.5	79.5	190.0	780.5	185.5	86.0	921.0	44.5	345.0	479.0	1099.5	1210.5	731.0	725.0	1058.5	723.5	1.0	1.5	4.0	1.0	0.0	1.0	4.5	2.0	82.5	449.0	1.5	159.0	187.0	2492.5
Methanomassiliicoccaceae	738.0	1260.5	6604.0	201.0	511.5	9263.0	4935.0	565.0	5411.5	715.5	8679.5	9154.0	37.0	3001.5	701.0	945.5	2647.0	2900.0	7705.0	2708.0	1612.5	23.0	3835.5	2630.0	14.0	8594.0	1957.0	1551.5	7069.5	4573.0	1618.0	5351.0	427.0	4477.0	4416.0	6167.5	2442.0	7622.5	6809.0	10634.5	7711.0	19.5	9.5	11.5	13.0	24.0	16.5	23.0	22.0	2004.5	5653.5	24.5	6782.0	2274.5	12612.5
Haloferacaceae	2852.5	5346.0	21546.0	1400.5	5062.0	30048.0	12588.5	1270.5	22452.0	2955.0	33328.0	22665.0	166.0	12700.5	3642.0	2663.0	8318.5	13921.0	30906.5	11634.0	7471.5	113.0	16192.5	8007.5	93.0	28240.0	9053.5	8681.5	23070.5	7313.5	7235.0	21670.0	2008.0	16651.0	15850.5	30678.0	10059.0	28544.0	22427.5	37985.0	61359.0	73.0	79.5	61.0	61.5	104.5	75.5	110.5	122.0	6325.0	18704.0	78.0	18104.0	8366.5	72724.0
Natrialbaceae	640.0	1094.0	5204.5	244.5	953.5	7447.0	2689.5	340.0	4408.5	856.5	8208.0	4053.0	26.0	3227.0	618.0	678.0	1941.0	3120.5	6448.0	2988.5	1662.5	20.5	3521.5	2120.5	25.5	7685.5	1509.0	2007.0	5740.5	2031.5	2057.5	5653.5	441.0	5228.0	4355.5	4761.5	3071.0	7667.0	6469.5	12119.5	11775.5	11.0	10.0	9.0	10.5	22.5	20.5	27.0	25.5	3786.0	6266.0	15.0	3064.5	2906.5	5300.5
Cuniculiplasmataceae	27.5	44.5	260.0	5.0	38.0	479.5	116.5	23.5	372.0	28.0	401.5	206.0	1.0	149.5	7.5	24.5	47.0	234.0	167.5	100.5	64.5	1.0	131.0	126.5	1.0	219.5	70.5	62.0	249.5	92.5	33.5	489.5	32.5	191.5	183.5	222.5	120.0	282.0	202.0	531.5	354.5	0.0	0.0	0.0	1.0	0.0	1.5	1.0	0.0	42.5	213.0	0.0	93.0	107.5	137.5
Nanoarchaeaceae	66.5	208.5	641.0	30.0	50.0	1214.5	1017.0	52.5	317.0	112.5	1129.0	350.5	5.5	613.5	52.0	34.0	238.5	471.5	1049.5	283.0	79.5	1.0	375.5	224.0	7.0	537.5	206.5	158.5	595.5	345.5	142.5	683.0	68.0	508.0	590.5	802.5	315.5	769.5	534.0	1206.5	974.5	2.5	1.0	2.0	2.0	4.0	1.0	1.0	2.0	919.0	838.0	1.0	246.5	311.0	315.5
Nanopusillaceae	1.0	0.0	1.0	0.0	1.0	11.0	5.0	0.0	2.0	0.0	5.0	0.0	0.0	3.0	0.0	3.0	1.0	3.0	3.0	8.0	0.0	0.0	0.0	0.0	0.0	2.0	1.0	5.0	0.0	16.0	2.0	48.0	0.0	11.0	3.0	6.5	1.0	23.0	2.0	2.0	0.0	0.0	0.0	0.0	0.0	0.0	0.0	0.0	0.0	0.0	0.0	0.0	0.0	0.0	0.0
Haloarculaceae	2637.0	4447.0	27932.0	750.0	3897.5	32288.5	14950.5	1538.5	19463.5	3391.0	28921.0	22338.5	146.5	13491.0	2177.0	2027.0	8502.0	12446.5	22201.0	9846.5	6605.5	91.5	12607.5	8426.0	106.5	22088.5	6258.5	7147.0	22987.0	6995.5	5373.0	19526.0	1314.5	14251.5	16003.5	19810.5	11268.0	24548.0	21969.5	44793.0	39506.5	46.5	45.0	58.5	51.0	104.0	65.5	99.0	75.0	10091.5	17390.5	64.5	16544.0	7466.0	28374.0
Halococcaceae	351.5	496.0	3575.0	156.5	321.0	6077.0	2166.5	163.0	2269.5	596.5	3976.0	2718.0	23.5	1748.0	220.5	517.5	1103.0	2828.5	5652.0	1717.5	1306.5	20.5	2153.0	1385.5	33.5	7996.5	824.0	1065.0	2768.5	944.0	1889.0	2738.0	252.0	3248.0	1786.0	4657.0	1623.5	4365.0	2846.5	14220.0	18731.0	12.5	16.5	19.0	15.0	36.0	29.5	42.0	36.5	6327.5	2645.0	11.0	5537.5	1877.5	4982.0
Candidatus Nitrosocaldaceae	2.0	7.0	15.0	0.5	6.0	60.0	7.0	2.5	23.5	6.0	25.0	16.0	0.0	9.0	4.0	0.0	7.0	4.0	20.5	40.0	22.0	0.0	38.0	19.0	0.0	82.0	6.0	5.0	37.5	30.0	8.0	36.0	49.0	32.0	34.0	31.0	16.0	57.0	39.0	57.0	79.0	0.0	0.0	0.0	1.0	0.0	0.0	0.0	0.0	14.5	26.0	0.0	1.0	22.0	5.0
Methanonatronarchaeaceae	0.0	0.0	0.0	0.0	0.0	1.0	0.5	0.0	0.0	0.0	0.0	0.5	0.0	0.0	0.0	0.0	0.0	0.0	9.0	0.0	0.0	0.0	0.0	0.0	0.0	0.0	0.0	0.5	0.0	0.0	0.0	0.0	0.0	0.0	0.0	0.0	1.0	0.0	3.0	0.0	2.0	0.0	0.0	0.0	0.0	0.0	0.0	0.0	0.0	0.0	0.0	0.0	0.0	0.0	0.0
Methanomethylophilaceae	3.5	9.5	24.5	1.0	9.0	108.5	38.0	1.5	97.5	6.0	65.0	48.0	0.0	93.0	5.0	3.0	21.5	42.0	72.5	18.0	15.5	0.0	44.0	8.0	0.0	95.5	16.5	35.0	60.5	8.0	52.5	245.0	19.0	20.0	69.0	89.0	45.0	101.5	41.5	125.0	51.0	0.0	0.0	0.0	0.0	0.0	0.0	0.0	0.0	22.5	71.0	0.0	6.5	100.0	89.5
Conexivisphaeraceae	2.0	2.0	0.0	0.0	2.5	0.0	0.0	0.0	6.5	0.0	8.5	0.0	0.0	1.0	13.5	0.0	5.0	0.0	0.0	0.0	0.0	0.0	0.0	0.0	0.0	0.0	0.0	0.5	0.0	0.0	0.0	4.0	0.0	6.0	4.0	1.0	1.0	4.5	8.0	36.0	0.0	0.0	0.0	0.0	0.0	0.0	0.0	0.0	0.0	0.0	5.0	0.0	0.5	13.0	4.0
Candidatus Micrarchaeaceae	0.0	0.0	0.0	0.0	0.0	0.0	0.0	0.0	0.0	0.0	13.0	0.0	0.0	0.0	0.0	0.0	0.0	0.0	0.0	0.0	0.0	0.0	0.0	0.0	0.0	0.0	0.0	0.0	0.0	0.0	0.0	0.0	0.0	0.0	0.0	0.0	0.0	0.0	0.0	0.0	0.0	0.0	0.0	0.0	0.0	0.0	0.0	0.0	0.0	0.0	0.0	0.0	0.0	0.0	0.0
Natronoarchaeaceae	25.5	96.5	393.0	13.5	39.5	530.0	122.5	17.5	295.0	70.0	555.0	201.0	2.0	234.0	37.0	28.5	166.0	206.5	444.0	126.5	85.0	0.0	162.5	96.0	1.0	369.5	123.0	111.0	278.0	55.0	51.5	185.5	11.5	231.5	180.0	372.5	191.0	523.5	326.5	369.5	742.5	0.0	0.0	0.0	1.0	1.0	1.0	1.0	2.5	62.5	414.5	0.0	180.5	74.5	199.0
Haladaptataceae	32.0	156.0	307.5	25.5	52.5	735.0	298.0	26.0	286.5	57.5	589.0	223.0	1.0	286.5	15.5	11.0	92.0	659.5	371.5	157.5	348.0	2.0	238.0	210.5	0.0	837.5	78.0	87.0	428.5	179.0	84.0	505.0	19.0	427.0	442.5	2948.0	207.5	1583.0	1037.5	1245.0	545.0	0.5	1.0	2.0	1.0	1.0	4.0	3.0	1.0	89.5	404.0	1.0	143.0	443.5	188.0
Halorubellaceae	16.0	86.0	629.0	7.5	49.0	534.5	152.5	34.5	291.5	53.0	657.5	247.0	3.0	334.0	69.5	21.0	152.5	372.0	418.0	154.5	232.5	2.0	206.0	126.0	1.0	468.5	73.0	130.5	423.0	239.5	53.0	535.5	33.0	535.5	336.5	366.5	267.5	655.0	381.0	706.5	889.5	1.0	0.5	1.0	0.0	1.0	2.0	3.5	1.0	63.0	292.5	1.5	860.0	60.0	178.0
Candidatus Caldarchaeaceae	0.0	0.0	0.0	0.0	0.0	3.0	0.0	0.0	18.5	0.0	0.0	0.0	0.0	2.0	0.0	0.0	0.0	0.0	4.0	0.0	0.0	0.0	0.0	0.0	0.0	2.0	0.0	0.0	0.0	0.0	7.0	2.0	0.0	0.0	0.0	1.0	2.0	0.0	4.0	12.0	0.5	0.0	0.0	0.0	0.0	0.0	0.0	0.0	0.0	0.0	0.0	0.0	0.0	0.0	0.0
Candidatus Korarchaeaceae	5.0	14.0	109.5	10.0	5.0	104.0	54.5	2.0	313.5	24.5	101.0	38.0	0.0	53.0	22.0	11.0	3.0	33.0	100.5	39.5	12.5	0.0	48.0	23.5	0.0	240.0	16.0	16.5	140.5	36.0	17.0	66.5	20.5	62.0	58.0	131.5	25.0	125.0	75.5	87.0	164.5	0.0	0.0	0.0	1.0	0.0	0.0	0.0	0.0	108.5	127.5	0.0	101.0	1.0	219.5
Nitrosotaleaceae	47.5	184.0	580.0	12.0	17.5	724.0	145.0	2.5	326.0	67.5	634.5	174.5	1.0	340.5	13.0	18.0	152.5	156.0	319.0	107.5	102.0	0.0	146.5	123.0	5.0	210.0	176.5	45.5	166.0	109.0	54.5	487.5	43.0	322.5	276.0	391.0	203.0	536.5	314.5	1044.0	1117.5	0.0	1.0	2.0	2.0	1.0	2.0	0.0	2.0	55.0	640.0	0.0	83.0	279.5	303.5
Natronomonadaceae	54.5	135.0	643.5	12.0	45.0	743.0	217.0	33.5	502.5	342.5	1086.0	293.0	4.5	586.0	33.5	34.5	209.5	565.0	376.5	426.5	124.5	5.0	379.5	211.0	4.0	448.5	85.5	132.5	376.5	171.5	117.0	751.5	41.0	538.5	602.0	678.0	320.0	660.5	596.0	1185.0	1611.5	1.0	0.0	1.0	0.0	3.0	5.0	2.0	1.5	66.0	545.5	0.0	170.0	186.5	234.0
Candidatus Aenigmatarchaeaceae	0.0	0.0	0.0	0.0	0.0	0.0	0.0	0.0	0.0	0.0	0.0	0.0	0.0	3.0	0.0	0.0	0.0	0.0	1.0	0.0	0.0	0.0	2.0	0.0	0.0	0.0	0.0	0.0	0.0	0.0	0.0	0.0	0.0	0.0	0.0	0.0	0.0	0.0	0.0	0.0	0.0	0.0	0.0	0.0	0.0	0.0	0.0	0.0	0.0	0.0	0.0	0.0	0.0	0.0	0.0
