	A	C	G	T
112	0	0	1	0
113	1	0	0	0
114	1	0	0	0
115	0	1	0	0
116	1	0	0	0
117	0	0	1	0
118	0	0	1	0
119	0	0	1	0
120	1	0	0	0
121	0	1	0	0
122	0	1	0	0
123	0	1	0	0
124	0	0	1	0
125	1	0	0	0
126	1	0	0	0
127	1	0	0	0
128	0	0	1	0
129	0	1	0	0
130	0	0	1	0
131	1	0	0	0
132	1	0	0	0
133	1	0	0	0
134	0	0	1	0
135	0	0	0	1
136	1	0	0	0
137	1	0	0	0
138	0	0	1	0
139	1	0	0	0
140	0	1	0	0
141	0	1	0	0
142	1	0	0	0
143	0	0	1	0
144	1	0	0	0
145	0	0	1	0
146	0	0	1	0
147	1	0	0	0
148	0	0	1	0
149	1	0	0	0
150	0	0	0	1
151	0	1	0	0
152	0	0	0	1
153	0	1	0	0
154	0	0	0	1
155	0	1	0	0
156	0	0	1	0
157	1	0	0	0
158	0	1	0	0
159	0	0	2	0
160	0	2	0	0
161	2	0	0	0
162	0	0	2	0
163	0	0	2	0
164	2	0	0	0
165	0	2	0	0
166	0	0	0	2
167	0	2	0	0
168	0	0	2	0
169	0	0	2	0
170	0	2	0	0
171	0	0	0	2
172	0	0	0	2
173	0	0	2	0
174	0	2	0	0
175	0	0	0	2
176	0	0	2	0
177	2	0	0	0
178	2	0	0	0
179	0	0	2	0
180	0	0	0	2
181	0	0	2	0
182	0	1	0	0
183	1	0	0	0
184	0	1	0	0
185	0	0	0	1
186	0	1	0	0
187	0	0	1	0
188	0	0	1	0
189	0	1	0	0
190	1	0	0	0
191	1	0	0	0
192	0	0	1	0
193	1	0	0	0
194	0	0	1	0
195	0	0	1	0
196	0	1	0	0
197	0	0	1	0
198	1	0	0	0
199	0	0	1	0
200	1	0	0	0
201	0	0	1	0
202	0	1	0	0
203	0	0	1	0
204	0	0	1	0
205	0	1	0	0
206	0	0	1	0
207	1	0	0	0
208	0	1	0	0
209	0	0	0	1
210	0	0	1	0
211	0	0	1	0
212	0	0	0	1
213	0	0	1	0
214	1	0	0	0
215	0	0	1	0
216	0	0	0	1
217	1	0	0	0
218	0	1	0	0
219	0	0	1	0
220	0	1	0	0
221	0	1	0	0
222	0	0	1	0
223	1	0	0	0
224	1	0	0	0
225	0	0	0	1
226	0	0	0	1
227	0	0	0	1
228	0	0	0	1
229	1	0	0	0
230	0	0	0	1
231	0	0	0	1
232	0	0	0	1
233	0	0	1	0
234	1	0	0	0
235	0	1	0	0
236	0	0	0	1
237	1	0	0	0
238	0	0	1	0
239	0	1	0	0
240	0	0	1	0
241	0	0	1	0
242	1	0	0	0
243	0	0	1	0
244	0	0	1	0
245	0	1	0	0
246	0	0	0	1
247	1	0	0	0
248	0	0	1	0
249	1	0	0	0
250	1	0	0	0
251	0	0	1	0
252	0	0	1	0
253	1	0	0	0
254	0	0	1	0
255	1	0	0	0
258	0	0	1	0
259	1	0	0	0
260	0	0	0	1
261	0	0	1	0
262	0	0	1	0
263	0	0	1	0
264	0	0	0	1
265	0	0	1	0
266	0	1	0	0
267	0	0	1	0
268	1	0	0	0
269	0	0	1	0
270	1	0	0	0
271	0	0	1	0
272	0	1	0	0
273	0	0	1	0
274	0	0	0	1
275	0	1	0	0
276	1	0	0	0
277	0	0	1	0
278	0	0	0	1
279	1	0	0	0
280	0	0	0	1
281	0	0	0	1
282	1	0	0	0
283	1	0	0	0
284	0	0	1	0
285	1	0	0	0
286	0	0	1	0
287	0	0	1	0
288	0	1	0	0
289	0	0	1	0
290	1	0	0	0
291	1	0	0	0
292	1	0	0	0
293	1	0	0	0
294	0	0	0	1
295	0	0	0	1
296	0	0	0	1
297	0	0	1	0
298	0	0	1	0
299	1	0	0	0
300	0	0	0	1
301	1	0	0	0
302	0	0	1	0
303	0	0	0	0
304	0	0	0	1
305	0	0	1	0
306	0	0	1	0
307	1	0	0	0
308	1	0	0	0
309	1	0	0	0
310	1	0	0	0
311	1	0	0	0
312	1	0	0	0
313	1	0	0	0
314	0	0	0	1
315	0	0	0	1
316	1	0	0	0
317	0	0	1	0
318	0	0	1	0
319	0	0	0	1
320	0	0	0	1
321	0	0	1	0
322	1	0	0	0
323	0	0	1	0
324	0	0	1	0
325	0	1	0	0
326	0	1	0	0
327	1	0	0	0
427	0	0	0	1
428	0	0	2	0
429	0	0	0	1
430	2	0	0	0
431	1	0	1	0
432	2	0	0	0
433	0	2	0	0
434	1	0	0	0
435	2	0	0	0
436	2	0	0	0
437	0	0	0	2
438	2	0	0	0
439	1	1	0	0
440	0	0	0	2
441	0	0	2	0
442	2	0	0	0
443	2	0	0	0
444	1	0	0	1
445	0	2	0	0
446	2	0	0	0
447	0	0	2	0
448	0	2	0	0
449	0	0	0	2
450	2	0	0	0
451	0	2	0	0
452	2	0	0	0
453	2	0	0	0
454	0	2	0	0
455	0	2	0	0
456	2	0	0	0
457	0	0	2	0
458	0	2	0	0
459	0	0	0	2
460	0	2	0	0
461	0	0	0	2
462	0	1	0	1
463	0	2	0	0
464	2	0	0	0
465	0	0	2	0
466	2	0	0	0
467	0	2	0	0
468	2	0	0	0
469	0	0	2	0
470	0	0	3	0
471	3	0	0	0
472	3	0	0	0
473	0	3	0	0
474	3	0	0	0
475	0	0	3	0
476	3	0	0	0
477	0	0	3	0
478	0	0	3	0
479	3	0	0	0
480	3	0	0	0
481	2	1	0	0
482	0	0	0	3
483	0	0	0	3
484	3	0	0	0
485	2	0	1	0
486	2	0	1	0
487	0	0	0	3
488	0	3	0	0
489	3	0	0	0
490	0	0	0	3
491	0	0	0	3
492	1	0	2	0
493	0	0	0	3
494	1	0	0	2
495	0	3	0	0
496	3	0	0	0
497	3	0	0	0
498	0	3	0	0
499	2	0	0	0
500	0	2	0	0
501	2	0	0	0
502	0	0	2	0
503	0	0	0	2
504	2	0	0	0
505	0	0	2	0
506	0	2	0	0
507	2	0	0	0
508	3	0	0	0
509	0	3	0	0
510	0	0	0	3
511	0	3	0	0
512	0	0	0	4
513	0	4	0	0
514	0	0	0	4
515	4	0	0	0
516	0	0	0	4
517	0	0	0	4
518	0	0	4	0
519	0	0	0	4
520	0	0	4	0
521	0	0	0	4
522	4	0	0	0
523	0	4	0	0
524	4	0	0	0
525	0	0	0	4
526	4	0	0	0
527	4	0	0	0
528	3	0	1	0
529	4	0	0	0
530	2	0	2	0
531	0	0	4	0
532	4	0	0	0
533	0	0	0	4
534	4	0	0	0
535	0	0	4	0
536	4	0	0	0
537	0	0	0	4
538	3	0	1	0
539	0	0	0	4
540	4	0	0	0
541	0	4	0	0
542	0	0	4	0
543	5	0	0	0
544	0	0	5	0
545	5	0	0	0
546	0	5	0	0
547	5	0	0	0
548	0	5	0	0
549	0	5	0	0
550	4	1	0	0
551	4	0	0	0
552	0	0	4	0
553	0	0	4	0
554	4	0	0	0
555	3	0	0	0
556	0	0	3	0
557	0	3	0	0
558	0	3	0	0
559	0	0	0	3
560	0	0	0	3
561	3	0	0	0
562	0	0	2	0
563	3	0	0	0
564	0	3	0	0
565	3	0	0	0
566	3	0	0	0
567	0	0	3	0
568	2	0	0	0
569	0	0	0	2
570	2	0	0	0
571	0	0	2	0
572	2	0	0	0
573	1	0	1	0
574	0	0	2	0
575	2	0	0	0
576	2	0	0	0
577	0	0	2	0
578	2	0	0	0
579	2	0	0	0
580	0	2	0	0
581	2	0	0	0
582	2	0	0	0
583	2	0	0	0
584	2	0	0	0
585	0	1	0	0
586	1	0	0	0
587	1	0	0	0
588	1	0	0	0
589	1	0	0	0
590	0	0	1	0
591	0	0	0	1
592	0	1	0	0
593	1	0	0	0
594	0	0	1	0
595	0	1	0	0
596	1	0	0	0
597	0	0	1	0
598	1	0	0	0
599	1	0	0	0
600	1	0	0	0
601	1	0	0	0
602	0	1	0	0
603	1	0	0	0
604	0	1	0	0
605	1	0	0	0
606	0	0	1	0
607	0	1	0	0
608	1	0	0	0
609	0	0	1	0
664	0	1	0	0
665	1	0	0	0
666	1	0	0	0
667	0	0	1	0
668	0	0	1	0
669	0	0	1	0
670	0	1	0	0
671	1	0	0	0
672	1	0	0	0
673	1	0	0	0
674	0	0	0	1
675	0	0	1	0
676	0	0	1	0
677	0	0	0	1
678	1	0	0	0
679	0	1	0	0
680	1	0	0	0
681	0	0	0	1
682	0	1	0	0
683	1	0	0	0
684	1	0	0	0
685	0	1	0	0
686	0	1	0	0
687	0	1	0	0
688	0	0	0	1
689	0	0	0	1
690	0	0	1	0
691	0	0	0	1
692	0	1	0	0
693	1	0	0	0
694	0	1	0	0
695	0	1	0	0
696	0	1	0	0
697	1	0	0	0
698	0	0	1	0
699	1	0	0	0
700	1	0	0	0
701	0	1	0	0
702	0	0	0	1
703	0	0	0	1
704	0	0	0	1
705	0	0	1	0
706	1	0	0	0
707	1	0	0	0
708	0	0	0	1
709	0	0	1	0
710	0	1	0	0
711	1	0	0	0
712	0	0	0	1
713	0	0	1	0
714	0	0	1	0
715	0	0	1	0
716	0	0	0	1
717	1	0	0	0
718	1	0	0	0
719	1	0	0	0
720	1	0	0	0
721	0	0	1	0
722	0	0	0	1
723	1	0	0	0
724	0	0	1	0
725	0	0	0	1
726	1	0	0	0
727	0	0	1	0
728	1	0	0	0
729	0	0	1	0
730	0	0	1	0
731	1	0	0	0
732	0	0	1	0
733	1	0	0	0
773	0	0	0	0
774	3	0	0	0
775	0	0	0	3
776	0	3	0	0
777	3	0	0	0
778	0	0	3	0
779	3	0	0	0
780	3	0	0	0
781	0	0	3	0
782	0	0	3	0
783	3	0	0	0
784	0	0	3	0
785	0	3	0	0
786	0	3	0	0
787	3	0	0	0
788	0	3	0	0
789	0	3	0	0
790	0	3	0	0
791	0	3	0	0
792	3	0	0	0
793	0	3	0	0
794	3	0	0	0
872	1	0	0	0
873	0	0	1	0
874	0	0	2	0
875	0	2	0	0
876	0	0	0	2
877	0	0	2	0
878	0	2	0	0
879	2	0	0	0
880	0	0	2	0
881	2	0	0	0
882	2	0	0	0
883	0	0	0	2
884	0	0	2	0
885	0	0	2	0
886	0	0	2	0
887	2	0	0	0
888	0	0	0	2
889	2	0	0	0
890	0	0	2	0
891	1	0	0	0
892	0	0	0	2
893	0	0	0	2
894	2	0	0	0
895	0	2	0	0
896	2	0	0	0
897	0	0	0	2
898	0	2	0	0
899	0	2	0	0
900	2	0	0	0
901	0	0	2	0
902	0	0	0	2
903	0	0	1	0
904	0	2	0	0
905	2	0	0	0
906	0	0	0	2
907	0	0	2	0
908	0	2	0	0
909	2	0	0	0
910	0	0	2	0
911	0	0	2	0
912	0	0	2	0
913	0	2	0	0
914	0	2	0	0
915	0	0	0	2
916	2	0	0	0
917	0	0	0	1
918	0	0	0	2
919	0	0	1	0
920	0	2	0	0
921	2	0	0	0
922	0	2	0	0
923	0	2	0	0
924	2	0	0	0
925	0	0	2	0
926	0	0	2	0
927	0	3	0	0
928	0	3	0	0
929	3	0	0	0
930	2	0	1	0
931	1	2	0	0
932	0	0	0	3
933	0	0	3	0
934	3	0	0	0
935	0	0	3	0
936	3	0	0	0
937	0	0	3	0
938	3	0	0	0
939	2	0	1	0
940	0	3	0	0
941	0	2	0	0
942	3	0	0	0
943	2	0	0	0
944	0	0	2	0
945	0	0	2	0
946	0	0	1	0
947	0	0	1	0
948	1	0	0	0
949	1	0	0	0
950	0	0	1	0
951	0	0	0	1
952	0	0	1	0
953	1	0	0	0
954	0	1	0	0
955	1	0	0	0
956	0	0	0	1
957	1	0	0	0
958	0	0	1	0
959	0	1	0	0
960	1	0	0	0
961	0	0	1	0
962	0	0	1	0
963	1	0	0	0
1018	0	1	0	0
1019	0	1	0	0
1020	1	0	0	0
1021	0	0	1	0
1022	0	0	0	1
1023	0	0	1	0
1024	0	0	1	0
1025	0	0	1	0
1026	1	0	0	0
1027	0	0	1	0
1028	1	0	0	0
1029	1	0	0	0
1030	1	0	0	0
1031	0	0	0	1
1032	0	1	0	0
1033	0	0	0	1
1034	1	0	0	0
1035	0	0	0	1
1036	1	0	0	0
1037	1	0	0	0
1038	1	0	0	0
1039	1	0	0	0
1040	0	0	1	0
1041	1	0	0	0
1042	0	0	0	1
1043	0	0	0	0
1044	0	0	1	0
1045	1	0	0	0
1046	0	0	0	1
1047	1	0	0	0
1048	1	0	0	0
1049	0	0	0	1
1050	0	0	0	1
1051	0	1	0	0
1052	0	0	0	2
1053	0	0	2	0
1054	0	0	2	0
1055	0	0	2	0
1056	0	0	2	0
1057	0	0	0	2
1058	0	0	0	2
1059	2	0	0	0
1060	2	0	0	0
1061	2	0	0	0
1062	0	0	0	2
1063	2	0	0	0
1064	2	0	0	0
1065	1	0	1	0
1066	2	0	0	0
1067	0	0	0	2
1068	2	0	0	0
1069	0	0	2	0
1070	0	0	0	2
1071	1	0	1	0
1072	2	0	0	0
1073	0	0	2	0
1074	2	0	0	0
1075	2	0	0	0
1076	0	0	0	2
1077	0	0	2	0
1078	0	0	0	2
1079	2	0	0	0
1080	0	0	0	2
1081	2	0	0	0
1082	0	0	2	0
1083	0	1	0	0
1084	0	2	0	0
1085	0	2	0	0
1086	0	0	0	2
1087	0	0	2	0
1088	0	0	0	1
1089	0	1	0	0
1090	1	0	0	0
1091	0	0	2	0
1092	0	2	0	0
1093	2	0	0	0
1094	0	0	0	2
1095	0	0	0	2
1096	0	0	0	2
1097	0	0	0	2
1098	0	0	1	0
1099	0	0	1	0
1100	3	0	0	0
1101	0	3	0	0
1102	3	0	0	0
1103	0	0	0	3
1104	3	0	0	0
1105	3	0	0	0
1106	0	0	2	0
1107	3	0	0	0
1108	0	3	0	0
1109	3	0	0	0
1110	3	0	0	0
1111	0	0	2	0
1112	0	0	4	0
1113	1	0	3	0
1114	0	5	0	0
1115	0	5	0	0
1116	5	0	0	0
1117	5	0	0	0
1118	5	0	0	0
1119	0	0	4	0
1120	0	0	4	0
1121	5	0	0	0
1122	5	0	0	0
1123	0	5	0	0
1124	0	5	0	0
1125	0	3	0	0
1126	0	0	0	3
1127	0	0	0	4
1128	0	0	0	4
1129	4	0	0	0
1130	0	0	3	0
1131	4	0	0	0
1132	0	0	4	0
1133	4	0	0	0
1134	0	4	0	0
1135	0	0	0	4
1136	4	0	0	0
1137	0	0	0	4
1138	0	0	3	0
1139	0	0	0	3
1140	4	0	0	0
1141	0	0	3	0
1142	4	0	0	0
1143	0	1	0	2
1144	0	3	0	0
1145	0	0	3	0
1146	0	0	4	0
1147	0	0	0	4
1148	0	0	0	3
1149	0	3	0	0
1150	0	0	0	3
1151	0	0	0	4
1152	0	0	0	4
1153	4	0	0	0
1154	4	0	0	0
1155	4	0	0	0
1156	4	0	0	0
1157	0	4	0	0
1158	0	0	0	4
1159	0	0	0	4
1160	0	0	0	3
1161	3	0	0	0
1162	3	0	0	0
1163	0	0	3	0
1164	3	0	0	0
1165	0	0	3	0
1166	0	4	0	0
1167	0	0	0	4
1168	0	0	4	0
1169	4	0	0	0
1170	4	0	0	0
1171	0	4	0	0
1172	3	0	0	0
1173	3	0	0	0
1174	0	0	3	0
1175	0	3	0	0
1176	0	0	0	3
1177	3	0	0	0
1178	0	3	0	0
1179	3	0	0	0
1180	0	3	0	0
1181	3	0	0	0
1182	3	0	0	0
1183	0	0	3	0
1184	2	0	0	0
1185	0	0	0	2
1186	0	0	2	0
1187	0	0	0	2
1188	2	0	0	0
1189	2	0	0	0
1190	2	0	0	0
1191	2	0	0	0
1192	2	0	0	0
1193	2	0	0	0
1194	0	0	0	2
1195	0	0	0	2
1196	0	0	2	0
1197	0	0	2	0
1198	2	0	0	0
1199	0	0	0	2
1200	0	0	2	0
1201	2	0	0	0
1202	0	2	0	0
1203	2	0	0	0
1204	0	0	2	0
1205	2	0	0	0
1206	0	2	0	0
1207	2	0	0	0
1208	0	2	0	0
1209	0	2	0	0
1210	0	0	0	2
1211	0	0	0	2
1212	0	0	2	0
1213	0	0	0	2
1214	0	0	0	2
1215	0	0	2	0
1216	1	0	1	0
1217	0	0	0	2
1218	0	2	0	0
1219	0	2	0	0
1220	2	0	0	0
1221	2	0	0	0
1222	2	0	0	0
1223	2	0	0	0
1224	0	0	0	2
1225	0	0	2	0
1226	0	2	0	0
1227	0	0	2	0
1228	2	0	0	0
1229	2	0	0	0
1230	0	2	0	0
1231	0	2	0	0
1232	0	2	0	0
1233	2	0	0	0
1234	0	0	2	0
1235	1	0	0	0
1236	0	0	0	1
1237	0	0	0	1
1249	0	0	0	1
1250	0	0	0	1
1251	1	0	0	0
1252	1	0	0	0
1253	0	0	1	0
1254	1	0	0	0
1255	0	0	1	0
1256	0	1	0	0
1257	2	0	0	0
1258	0	0	0	2
1259	0	0	0	2
1260	1	0	0	0
1261	0	0	2	0
1262	0	0	2	0
1263	1	0	1	0
1264	0	1	0	0
1265	0	2	0	0
1266	1	0	0	0
1267	0	0	1	0
1268	0	0	1	0
1269	0	0	2	0
1270	0	0	2	0
1271	0	2	0	0
1272	0	0	0	2
1273	1	0	0	1
1274	0	2	0	0
1275	2	0	0	0
1276	0	1	0	1
1277	0	0	0	2
1278	2	0	0	0
1279	0	0	2	0
1280	1	0	0	0
1281	2	0	0	0
1282	0	0	1	0
1283	1	0	0	0
1284	2	0	0	0
1285	1	0	0	0
1286	0	0	0	2
1287	0	0	2	0
1288	2	0	0	0
1289	0	0	0	2
1290	0	0	2	0
1291	2	0	0	0
1292	0	2	0	0
1293	3	0	0	0
1294	0	0	3	0
1295	0	3	0	0
1296	3	0	0	0
1297	0	0	0	4
1298	0	0	4	0
1299	0	0	0	4
1300	0	4	0	0
1301	4	0	0	0
1302	1	0	2	0
1303	0	0	3	0
1304	0	0	4	0
1305	4	0	0	0
1306	0	0	4	0
1307	0	0	0	4
1308	0	0	4	0
1309	0	0	3	0
1310	0	0	4	0
1311	4	0	0	0
1312	0	0	4	0
1313	0	0	4	0
1314	4	0	0	0
1315	0	4	0	0
1316	0	4	0	0
1317	0	0	0	4
1318	1	0	2	0
1319	0	0	4	0
1320	0	3	0	0
1321	0	4	0	0
1322	4	0	0	0
1323	0	2	0	1
1324	3	0	0	0
1325	3	0	0	0
1326	3	0	0	0
1327	0	0	3	0
1328	0	3	0	0
1329	3	0	0	0
1330	3	0	0	0
1331	0	0	3	0
1332	2	0	0	0
1333	0	0	2	0
1334	0	0	0	2
1335	0	0	2	0
1336	0	0	0	2
1337	0	0	0	2
1338	0	0	2	0
1339	0	0	2	0
1340	0	2	0	0
1341	0	0	0	2
1342	0	0	2	0
1343	2	0	0	0
1344	0	0	2	0
1345	0	0	2	0
1346	0	2	0	0
1347	2	0	0	0
1348	2	0	0	0
1349	0	0	0	2
1350	0	0	2	0
1351	3	0	0	0
1352	0	0	3	0
1353	0	3	0	0
1354	0	3	0	0
1355	3	0	0	0
1356	3	0	0	0
1357	0	0	3	0
1358	0	2	0	0
1359	0	0	0	3
1360	3	0	0	0
1361	3	0	0	0
1362	0	3	0	0
1363	3	0	0	0
1364	2	0	0	0
1365	0	0	0	2
1366	2	0	0	0
1367	0	0	0	1
1368	1	0	0	0
1369	1	0	0	0
1370	1	0	0	0
1371	0	1	0	0
1372	1	0	0	0
1373	0	0	0	1
1374	1	0	0	0
1375	1	0	0	0
1376	0	0	0	1
1377	0	0	1	0
1378	1	0	0	0
1379	0	0	0	1
1380	0	0	1	0
1381	0	1	0	0
1382	1	0	0	0
1383	0	0	1	0
1384	1	0	0	0
1385	1	0	0	0
1386	1	0	0	0
1387	1	0	0	0
1388	0	0	1	0
1389	0	1	0	0
1390	1	0	0	0
1391	1	0	0	0
1392	0	0	0	1
1393	0	0	0	1
1394	0	0	0	1
1395	0	0	0	1
1396	1	0	0	0
1397	1	0	0	0
1398	1	0	0	0
1399	0	0	1	0
1400	0	0	1	0
1401	0	1	0	0
1402	0	2	0	0
1403	0	2	0	0
1404	0	0	0	2
1405	2	0	0	0
1406	1	0	1	0
1407	2	0	0	0
1408	2	0	0	0
1409	0	0	2	0
1410	2	0	0	0
1411	2	0	0	0
1412	0	1	0	1
1413	0	0	0	2
1414	2	0	0	0
1415	0	0	0	2
1416	0	0	0	2
1417	2	0	0	0
1418	2	0	0	0
1419	2	0	0	0
1420	0	0	0	4
1421	0	0	4	0
1422	0	0	0	4
1423	0	0	0	4
1424	0	0	0	3
1425	0	0	0	3
1426	4	0	0	0
1427	4	0	0	0
1428	0	4	0	0
1429	0	0	0	4
1430	0	0	4	0
1431	0	0	0	4
1432	0	0	4	0
1433	0	0	3	0
1434	0	4	0	0
1435	4	0	0	0
1436	4	0	0	0
1437	0	0	4	0
1438	0	0	4	0
1439	4	0	0	0
1440	4	0	0	0
1441	0	0	4	0
1442	0	0	3	0
1443	0	0	4	0
1444	0	4	0	0
1445	4	0	0	0
1446	0	4	0	0
1447	0	4	0	0
1448	0	0	0	4
1449	4	0	0	0
1450	0	0	3	0
1451	0	3	0	0
1452	0	4	0	0
1453	4	0	0	0
1454	0	0	4	0
1455	4	0	0	0
1456	4	0	0	0
1457	4	0	0	0
1458	0	1	0	3
1459	0	0	0	4
1460	0	0	4	0
1461	0	4	0	0
1462	4	0	0	0
1463	0	0	3	0
1464	4	0	0	0
1465	0	0	2	0
1466	0	4	0	0
1467	0	4	0	0
1468	0	4	0	0
1469	0	4	0	0
1470	0	0	0	3
1471	4	0	0	0
1472	0	0	4	0
1473	0	0	4	0
1474	4	0	0	0
1475	4	0	0	0
1476	3	0	0	0
1477	4	0	0	0
1478	0	0	4	0
1479	0	0	4	0
1480	0	0	4	0
1481	0	0	4	0
1482	0	4	0	0
1483	0	0	0	4
1484	0	0	3	0
1485	0	0	0	4
1486	0	0	0	4
1487	0	0	4	0
1488	0	0	4	0
1489	3	0	0	1
1490	3	1	0	0
1491	4	0	0	0
1492	0	0	0	4
1493	0	0	4	0
1494	1	0	0	3
1495	0	0	2	0
1496	0	0	2	0
1497	2	0	0	0
1498	1	0	0	0
1499	1	0	0	0
1500	0	0	1	0
1501	0	0	1	0
1502	1	0	0	0
1503	1	0	0	0
1504	0	0	1	0
1505	0	0	1	0
1506	1	0	0	0
1507	0	1	0	0
1508	1	0	0	0
1509	0	1	0	0
1510	0	2	0	0
1511	2	0	0	0
1512	2	0	0	0
1513	2	0	0	0
1514	0	0	0	2
1515	0	0	2	0
1516	2	0	0	0
1517	2	0	0	0
1518	2	0	0	0
1519	0	0	2	0
1520	2	0	0	0
1521	0	2	0	0
1522	0	0	0	2
1523	0	0	2	0
1524	0	0	0	2
1525	2	0	0	0
1526	0	0	2	0
1527	0	0	0	3
1528	0	0	3	0
1529	3	0	0	0
1530	0	0	3	0
1531	3	0	0	0
1532	0	0	3	0
1533	0	0	3	0
1534	0	3	0	0
1535	3	0	0	0
1536	0	0	3	0
1537	0	0	2	0
1538	0	2	0	0
1539	0	0	0	2
1540	2	0	0	0
1541	2	0	0	0
1542	0	0	0	2
1543	0	0	0	2
1544	0	0	0	2
1545	0	0	0	2
1546	0	0	0	2
1547	0	0	0	2
1548	2	0	0	0
1549	0	0	2	0
1550	0	0	2	0
1551	0	0	2	0
1552	2	0	0	0
1553	2	0	0	0
1554	2	0	0	0
1555	2	0	0	0
1556	0	0	0	2
1557	0	0	0	2
1558	0	0	0	2
1559	0	0	2	0
1560	0	0	2	0
1561	0	2	0	0
1562	0	2	0	0
1563	0	0	0	2
1564	0	0	0	2
1565	0	2	0	0
1566	0	2	0	0
1567	2	0	0	0
1568	2	0	0	0
1569	0	2	0	0
1570	2	0	0	0
1571	2	0	0	0
1572	0	0	2	0
1573	0	0	2	0
1574	0	0	2	0
1575	0	0	2	0
1576	2	0	0	0
1577	0	0	2	0
1578	0	0	2	0
1579	0	1	0	0
1580	0	1	0	0
1581	0	0	1	0
1582	0	0	1	0
1583	0	0	1	0
1584	1	0	0	0
1585	1	0	0	0
1586	1	0	0	0
1587	0	0	0	1
1588	0	0	0	1
1589	0	0	0	1
1590	0	1	0	0
1591	0	1	0	0
1592	0	0	0	1
1593	0	0	0	1
1594	0	1	0	0
1595	1	0	0	0
1596	0	0	1	0
1597	1	0	0	0
1705	0	0	0	0
1706	0	1	0	0
1707	2	0	0	0
1708	0	2	0	0
1709	0	0	0	2
1710	0	2	0	0
1711	0	0	0	2
1712	0	0	0	2
1713	0	0	0	2
1714	0	0	2	0
1715	0	0	2	0
1716	0	2	0	0
1717	2	0	0	0
1718	2	0	0	0
1719	0	2	0	0
1720	0	0	2	0
1721	2	0	0	0
1722	0	2	0	0
1723	0	2	0	0
1724	0	2	0	0
1725	0	0	0	2
1726	0	0	0	2
1727	2	0	0	0
1728	0	0	2	0
1729	0	0	0	2
1730	0	2	0	0
1731	2	0	0	0
1732	0	2	0	0
1733	2	0	0	0
1734	2	0	0	0
1735	0	0	0	2
1736	2	0	0	0
1737	2	0	0	0
1738	2	0	0	0
1739	2	0	0	0
1740	0	0	2	0
1741	0	0	0	2
1742	2	0	0	0
1743	0	0	2	0
1744	0	0	2	0
1745	0	0	2	0
1746	0	0	2	0
1747	0	0	2	0
1748	0	2	0	0
1749	0	2	0	0
1750	3	0	0	0
1751	0	0	2	0
1752	3	0	0	0
1753	0	2	0	1
1754	3	0	0	0
1755	3	0	0	0
1756	3	0	0	0
1757	0	0	3	0
1758	0	0	3	0
1759	3	0	0	0
1760	0	0	3	0
1761	0	0	3	0
1762	0	3	0	0
1763	0	0	0	3
1764	0	3	0	0
1765	0	0	0	3
1766	0	3	0	0
1767	0	0	0	3
1768	0	0	0	2
1769	3	0	0	0
1770	0	0	3	0
1771	3	0	0	0
1772	0	1	0	2
1773	3	0	0	0
1774	0	3	0	0
1775	3	0	0	0
1776	0	0	3	0
1777	0	0	3	0
1778	2	0	0	0
1779	0	0	2	0
1780	0	2	0	0
1781	2	0	0	0
1782	0	0	1	0
1783	1	0	0	0
1784	0	0	0	1
1785	0	0	1	0
1786	1	0	0	0
1787	0	0	0	1
1788	1	0	0	0
1789	0	0	0	0
1790	1	0	0	0
1791	0	0	1	0
1792	0	0	0	1
1793	1	0	0	0
1794	0	0	0	1
1795	0	0	0	1
1796	1	0	0	0
1797	0	0	1	0
1798	1	0	0	0
1799	1	0	0	0
1800	0	0	1	0
1801	1	0	0	0
1802	1	0	0	0
1803	1	0	0	0
1804	0	0	0	1
1805	1	0	0	0
1806	1	0	0	0
1807	1	0	0	0
1808	0	0	0	1
1809	0	0	0	1
1810	0	0	0	1
1811	0	0	1	0
1812	0	1	0	0
1813	0	1	0	0
1814	1	0	0	0
1815	0	0	1	0
1816	0	0	1	0
1817	1	0	0	0
1818	1	0	0	0
1819	1	0	0	0
1820	1	0	0	0
1821	0	0	0	1
1822	0	0	1	0
1823	0	0	1	0
1824	1	0	0	0
1825	1	0	0	0
1826	0	0	0	0
1827	0	1	0	0
1828	0	1	0	0
1829	0	0	0	0
1830	1	0	0	0
1831	0	0	0	0
1832	0	0	0	0
1833	1	0	0	0
1834	0	0	0	1
1835	0	0	1	0
1836	1	0	0	0
1837	0	0	0	1
1838	1	0	0	0
1839	0	0	1	0
1840	0	0	0	0
1841	1	0	0	0
1873	1	0	0	0
1874	0	0	0	1
1875	0	0	1	0
1876	1	0	0	0
1877	0	0	0	1
1878	0	1	0	0
1879	1	0	0	0
1880	1	0	0	0
1881	1	0	0	0
1882	0	0	0	1
1883	1	0	0	0
1884	1	0	0	0
1885	1	0	0	0
1886	0	0	0	1
1887	1	0	0	0
1888	0	0	0	1
1889	1	0	0	0
1890	0	0	1	0
1891	1	0	0	0
1892	1	0	0	0
1893	1	0	0	0
1894	0	0	0	1
1895	0	0	0	1
1896	0	0	0	1
1897	0	0	1	0
1898	0	0	0	1
1899	0	0	1	0
1900	0	0	1	0
1901	1	0	0	0
1902	1	0	0	0
1903	1	0	0	0
1904	1	0	0	0
1905	1	0	0	0
1906	1	0	0	0
1907	0	0	1	0
1908	0	0	1	0
1909	0	1	0	0
1910	0	0	0	1
1911	1	0	0	0
1912	0	0	0	1
1913	1	0	0	0
1914	0	0	1	0
1915	0	0	1	0
1916	0	0	0	1
1917	1	0	0	0
1918	0	1	0	0
1919	1	0	0	0
1920	0	0	1	0
1921	0	0	0	1
1922	1	0	0	0
1923	0	0	0	1
1924	0	0	0	1
1925	1	0	0	0
1926	0	0	1	0
1927	0	0	0	1
1928	0	0	1	0
1929	0	0	1	0
1930	0	0	1	0
1931	1	0	0	0
1932	0	1	0	0
1933	0	1	0	0
1934	0	0	0	1
1935	1	0	0	0
1936	0	1	0	0
1937	1	0	0	0
1938	0	1	0	0
1939	0	1	0	0
1940	0	0	0	1
1941	0	0	1	0
1942	0	0	0	1
1943	0	1	0	0
1944	1	0	0	0
2005	0	1	0	0
2006	0	1	0	0
2007	1	0	0	0
2008	0	0	0	1
2009	0	0	0	1
2010	0	0	1	0
2011	1	0	0	0
2012	0	0	1	0
2013	1	0	0	0
2014	0	1	0	0
2015	0	0	0	1
2016	0	0	1	0
2017	0	0	0	1
2018	1	0	0	0
2019	0	1	0	0
2020	0	1	0	0
2021	1	0	0	0
2022	0	0	1	0
2023	0	0	0	1
2024	1	0	0	0
2025	1	0	0	0
2026	1	0	0	0
2027	1	0	0	0
2028	0	0	0	1
2029	0	0	0	0
2030	1	0	0	0
2031	1	0	0	0
2032	1	0	0	0
2033	0	0	1	0
2034	0	1	0	0
2035	0	0	0	1
2036	1	0	0	0
2037	0	0	1	0
2038	0	0	1	0
2039	1	0	0	0
2040	1	0	0	0
2041	0	0	0	1
2042	0	0	1	0
2043	0	0	1	0
2044	1	0	0	0
2045	0	0	0	1
2046	0	0	1	0
2047	0	0	2	0
2048	0	2	0	0
2049	0	2	0	0
2050	0	2	0	0
2051	2	0	0	0
2052	2	0	0	0
2053	2	0	0	0
2054	0	0	2	0
2055	0	0	2	0
2056	0	0	0	2
2057	0	0	0	2
2058	2	0	0	0
2059	2	0	0	0
2060	2	0	0	0
2061	0	2	0	0
2062	2	0	0	0
2063	2	0	0	0
2064	0	0	0	2
2065	0	0	2	0
2066	0	0	2	0
2067	0	2	0	0
2068	0	2	0	0
2069	2	0	0	0
2070	0	0	0	2
2071	0	0	0	2
2072	0	0	2	0
2073	2	0	0	0
2074	0	2	0	0
2075	1	0	0	0
2076	0	0	1	0
2077	1	0	0	0
2078	1	0	0	0
2079	0	0	1	0
2080	1	0	0	0
2081	1	0	0	0
2082	1	0	0	0
2083	1	0	0	0
2084	1	0	0	0
2085	1	0	0	0
2086	0	0	0	1
2087	1	0	0	0
2088	1	0	0	0
2089	1	0	0	0
2090	0	0	1	0
2091	0	0	1	0
2092	0	1	0	0
2093	1	0	0	0
2094	0	0	0	1
2095	0	0	0	0
2096	1	0	0	0
2097	1	0	0	0
2098	0	1	0	0
2099	1	0	0	0
2100	0	0	1	0
2101	0	1	0	0
2102	1	0	0	0
2103	1	0	0	0
2104	0	0	0	1
2105	0	0	0	1
2106	0	0	0	1
2107	0	0	1	0
2108	0	0	0	1
2109	0	0	1	0
2110	1	0	0	0
2111	0	0	1	0
2112	0	0	1	0
2113	0	0	1	0
2114	1	0	0	0
2115	1	0	0	0
2116	0	0	0	1
2117	0	0	1	0
2118	0	0	1	0
2214	0	0	0	1
2215	0	0	0	1
2216	1	0	0	0
2217	0	0	1	0
2218	0	0	0	1
2219	0	0	1	0
2220	0	0	1	0
2221	1	0	0	0
2222	0	0	0	1
2223	0	0	0	1
2224	0	0	0	1
2225	0	1	0	0
2226	1	0	0	0
2227	0	0	1	0
2228	0	0	1	0
2229	0	0	1	0
2230	1	0	0	0
2231	0	0	1	0
2232	0	2	0	0
2233	0	0	0	2
2234	0	2	0	0
2235	2	0	0	0
2236	2	0	0	0
2237	0	0	0	2
2238	2	0	0	0
2239	2	0	0	0
2240	2	0	0	0
2241	2	0	0	0
2242	0	0	2	0
2243	2	0	0	0
2244	2	0	0	0
2245	0	2	0	0
2246	0	0	0	2
2247	0	2	0	0
2248	2	0	0	0
2249	2	0	0	0
2250	0	0	2	0
2251	2	0	0	0
2252	0	2	0	0
2253	0	0	0	2
2254	0	0	0	2
2255	0	0	0	2
2256	0	0	0	2
2257	0	0	2	0
2258	0	0	2	0
2259	0	0	2	0
2260	2	0	0	0
2261	2	0	0	0
2262	0	0	2	0
2263	0	0	0	2
2264	0	0	0	2
2265	0	2	0	0
2266	2	0	0	0
2267	2	0	0	0
2268	0	0	0	2
2269	0	0	0	2
2270	2	0	0	0
2271	0	0	2	0
2272	0	0	2	0
2273	1	0	1	0
2274	2	0	0	0
2275	0	0	0	2
2276	2	0	0	0
2277	0	2	0	0
2278	0	2	0	0
2279	2	0	0	0
2280	0	2	0	0
2281	2	0	0	0
2282	0	2	0	0
2283	0	2	0	0
2284	0	2	0	0
2285	2	0	0	0
2286	0	0	2	0
2287	0	2	0	0
2288	1	0	0	0
2289	0	0	1	0
2290	0	0	1	0
2291	0	0	1	0
2292	0	0	0	1
2293	0	0	0	1
2294	1	0	0	0
2295	1	0	0	0
2296	1	0	0	0
2297	1	0	0	0
2298	1	0	0	0
2299	1	0	0	0
2300	0	0	1	0
2342	0	0	0	1
2343	0	0	0	1
2344	0	1	0	0
2345	1	0	0	0
2346	0	0	2	0
2347	0	0	0	2
2348	0	1	0	1
2349	0	2	0	0
2350	0	2	0	0
2351	0	0	0	2
2352	0	0	0	2
2353	0	0	0	2
2354	1	0	1	0
2355	0	0	2	0
2356	2	0	0	0
2357	0	0	0	2
2358	0	0	2	0
2359	2	0	0	0
2360	2	0	0	0
2361	0	0	2	0
2362	0	0	2	0
2363	0	3	0	0
2364	0	0	0	3
2365	0	0	0	3
2366	0	3	0	0
2367	3	0	0	0
2368	0	0	2	0
2369	0	0	3	0
2370	3	0	0	0
2371	3	0	0	0
2372	3	0	0	0
2373	0	0	0	3
2374	3	0	0	0
2375	0	0	0	3
2376	3	0	0	0
2377	0	3	0	0
2378	0	0	0	3
2379	0	0	3	0
2380	0	3	0	0
2381	3	0	0	0
2382	0	0	0	2
2383	0	0	0	3
2384	0	3	0	0
2385	3	0	0	0
2386	0	3	0	0
2387	0	3	0	0
2388	3	0	0	0
2389	0	0	0	3
2390	3	0	0	0
2391	0	3	0	0
2392	0	3	0	0
2393	0	0	0	3
2394	3	0	0	0
2395	0	0	3	0
2396	0	0	0	3
2397	3	0	0	0
2398	0	0	0	3
2399	3	0	0	0
2400	3	0	0	0
2401	3	0	0	0
2402	0	3	0	0
2403	3	0	0	0
2404	3	0	0	0
2405	0	0	0	3
2406	0	0	3	0
2407	3	0	0	0
2408	4	0	0	0
2409	4	0	0	0
2410	0	4	0	0
2411	4	0	0	0
2412	0	4	0	0
2413	0	4	0	0
2414	3	0	0	0
2415	0	0	3	0
2416	0	0	3	0
2417	2	0	1	0
2418	1	0	2	0
2419	0	0	0	2
2420	0	0	0	2
2421	2	0	0	0
2422	0	0	2	0
2423	2	0	0	0
2424	0	0	0	2
2425	2	0	0	0
2426	0	0	0	2
2427	0	2	0	0
2428	2	0	0	0
2429	2	0	0	0
2430	0	0	0	2
2431	2	0	0	0
2432	0	0	0	2
2433	2	0	0	0
2434	2	0	0	0
2435	0	0	0	2
2436	0	0	2	0
2437	0	0	0	2
2438	0	0	2	0
2439	0	1	0	0
2440	0	0	0	1
2441	0	0	0	1
2442	0	1	0	0
2443	0	1	0	0
2444	1	0	0	0
2445	0	1	0	0
2446	1	0	0	0
2447	0	0	1	0
2448	0	0	1	0
2449	0	0	1	0
2450	1	0	0	0
2451	0	0	0	1
2452	0	0	1	0
2453	0	0	1	0
2454	1	0	0	0
2455	1	0	0	0
2456	1	0	0	0
2457	0	0	1	0
2458	0	0	1	0
2459	1	0	0	0
2460	0	0	0	1
2461	0	1	0	0
2462	1	0	0	0
2463	0	1	0	0
2464	0	1	0	0
2465	1	0	0	0
2466	0	0	1	0
2467	0	1	0	0
2468	1	0	0	0
2469	1	0	0	0
2470	0	0	0	1
2471	1	0	0	0
2472	0	0	0	1
2473	0	0	0	1
2474	0	1	0	0
2475	0	1	0	0
2476	1	0	0	0
2477	0	0	1	0
2478	1	0	0	0
2479	0	0	1	0
2526	1	0	0	0
2527	0	0	0	1
2528	1	0	0	0
2529	0	0	1	0
2530	0	0	0	1
2531	0	0	0	1
2532	1	0	0	0
2533	0	0	0	1
2534	0	1	0	0
2535	0	0	0	1
2536	1	0	0	0
2537	0	0	0	1
2538	0	1	0	0
2539	1	0	0	0
2540	1	0	0	0
2541	0	0	0	1
2542	1	0	0	0
2543	0	0	0	1
2544	1	0	0	0
2545	0	0	0	1
2546	0	0	1	0
2547	0	0	1	0
2548	1	0	0	0
2549	0	0	0	1
2550	0	0	1	0
2551	1	0	0	0
2552	0	1	0	0
2553	0	0	0	1
2554	0	0	0	1
2555	0	0	1	0
2556	0	0	0	1
2557	1	0	0	0
2558	0	0	0	1
2559	0	0	1	0
2560	0	0	0	1
2561	1	0	0	0
2562	0	0	1	0
2563	0	0	1	0
2564	1	0	0	0
2565	0	0	0	1
2566	0	2	0	0
2567	1	0	0	1
2568	0	0	2	0
2569	2	0	0	0
2570	0	2	0	0
2571	0	0	0	2
2572	0	0	0	3
2573	3	0	0	0
2574	0	0	3	0
2575	3	0	0	0
2576	3	0	0	0
2577	3	0	0	0
2578	0	0	0	3
2579	3	0	0	0
2580	0	0	3	0
2581	0	0	3	0
2582	1	0	2	0
2583	0	3	0	0
2584	3	0	0	0
2585	3	0	0	0
2586	0	3	0	0
2587	3	0	0	0
2588	0	0	0	3
2589	3	0	0	0
2590	0	0	3	0
2591	3	0	0	0
2592	1	0	2	0
2593	0	3	0	0
2594	3	0	0	0
2595	3	0	0	0
2596	3	0	0	0
2597	0	0	2	0
2598	2	0	0	0
2599	0	0	0	2
2600	2	0	0	0
2601	0	0	2	0
2602	2	0	0	0
2603	2	0	0	0
2604	0	0	2	0
2605	2	0	0	0
2606	2	0	0	0
2607	0	0	0	2
2608	0	0	0	2
2609	2	0	0	0
2610	2	0	0	0
2611	0	0	2	0
2612	2	0	0	0
2613	0	0	2	0
2614	2	0	0	0
2615	2	0	0	0
2616	0	2	0	0
2617	2	0	0	0
2618	0	0	0	2
2619	0	2	0	0
2620	0	0	0	2
2621	2	0	0	0
2622	0	0	0	2
2623	0	0	0	2
2624	2	0	0	0
2625	2	0	0	0
2626	0	0	2	0
2627	0	0	2	0
2628	0	0	0	2
2629	0	0	2	0
2630	0	0	1	0
2631	0	0	2	0
2632	0	0	2	0
2633	2	0	0	0
2634	0	0	0	2
2635	0	0	0	2
2636	0	0	0	1
2637	1	0	0	0
2638	0	1	0	0
2639	0	0	0	1
2640	1	0	0	0
2641	0	1	0	0
2642	1	0	0	0
2643	0	1	0	0
2646	0	0	1	0
2647	1	0	0	0
2648	0	1	0	0
2649	1	0	0	0
2650	1	0	0	0
2651	1	0	0	0
2652	1	0	0	0
2653	1	0	0	0
2654	0	0	0	0
2655	0	1	0	0
2656	1	0	0	0
2657	0	0	0	1
2658	0	1	0	0
2659	1	0	0	0
2660	0	0	1	0
2661	1	0	0	0
2662	1	0	0	0
2663	0	0	1	0
2664	0	0	1	0
2665	1	0	0	0
2666	1	0	0	0
2667	0	1	0	0
2668	0	1	0	0
2669	0	1	0	0
2670	0	1	0	0
2671	0	1	0	0
2672	1	0	0	0
2673	0	0	0	1
2674	0	0	0	1
2675	0	0	0	1
2676	0	1	0	0
2677	0	0	0	1
2678	1	0	0	0
2679	0	0	0	1
2680	0	0	1	0
2681	0	0	1	0
2682	1	0	0	0
2683	0	0	0	1
2684	0	0	1	0
2685	0	0	1	0
2686	0	0	1	0
2687	0	0	1	0
2688	0	0	0	1
2689	1	0	0	0
2690	0	0	0	1
2691	0	0	1	0
2692	1	0	0	0
2693	1	0	0	0
2694	0	1	0	0
2695	0	0	0	1
2696	0	1	0	0
2697	0	1	0	0
2698	1	0	0	0
2699	0	0	0	1
2700	0	1	0	0
2701	0	1	0	0
2702	0	0	0	1
2703	0	0	1	0
2704	1	0	0	0
2705	0	1	0	0
2706	1	0	0	0
2707	1	0	0	0
2708	1	0	0	0
2709	0	0	0	1
2710	0	0	1	0
2711	0	0	1	0
2712	1	0	0	0
2713	0	1	0	0
2714	1	0	0	0
2715	0	0	1	0
2716	0	0	0	1
2717	1	0	0	0
2718	0	1	0	0
2719	1	0	0	0
2735	1	0	0	0
2736	0	0	1	0
2737	1	0	0	0
2738	1	0	0	0
2739	1	0	0	0
2740	1	0	0	0
2741	0	0	1	0
2742	0	0	1	0
2743	1	0	0	0
2744	0	0	0	1
2745	1	0	0	0
2746	0	0	1	0
2747	0	1	0	0
2748	0	0	0	1
2749	0	0	1	0
2750	0	0	1	0
2751	1	0	0	0
2752	0	1	0	0
2753	0	0	0	1
2754	0	0	1	0
2755	0	0	0	1
2756	0	1	0	0
2757	1	0	0	0
2758	1	0	0	0
2759	0	0	0	1
2760	0	0	1	0
2761	1	0	0	0
2762	0	0	0	1
2763	1	0	0	0
2764	0	0	0	1
2765	1	0	0	0
2766	0	1	0	0
2767	1	0	0	0
2768	0	0	1	0
2769	1	0	0	0
2770	1	0	0	0
2771	0	0	1	0
2772	0	0	0	1
2773	0	0	0	1
2774	1	0	0	0
2775	0	0	1	0
2776	0	0	0	2
2777	0	0	2	0
2778	0	0	2	0
2779	0	0	2	0
2780	2	0	0	0
2781	2	0	0	0
2782	2	0	0	0
2783	2	0	0	0
2784	0	2	0	0
2785	0	0	0	2
2786	2	0	0	0
2787	2	0	0	0
2788	2	0	0	0
2789	0	2	0	0
2790	0	0	0	2
2791	0	0	2	0
2792	0	0	2	0
2793	0	0	2	0
2794	0	2	0	0
2795	0	2	0	0
2796	2	0	0	0
2797	0	0	2	0
2798	0	0	0	2
2799	0	2	0	0
2800	2	0	0	0
2801	0	0	2	0
2802	2	0	0	0
2803	0	0	0	2
2804	0	0	0	2
2805	0	0	0	2
2806	2	0	0	0
2807	0	1	0	0
2808	0	1	0	0
2809	0	1	0	0
2810	1	0	0	0
2811	0	0	1	0
2812	0	0	2	0
2813	0	0	2	0
2814	2	0	0	0
2815	0	0	0	2
2816	0	0	0	2
2817	2	0	0	0
2818	2	0	0	0
2819	0	0	2	0
2820	0	0	2	0
2821	0	0	0	2
2822	2	0	0	0
2823	2	0	0	0
2824	0	2	0	0
2825	2	0	0	0
2826	0	3	0	0
2827	3	0	0	0
2828	3	0	0	0
2829	0	3	0	0
2830	0	0	0	3
2831	0	0	0	3
2832	0	0	0	3
2833	0	0	3	0
2834	0	3	0	0
2835	3	0	0	0
2836	3	0	0	0
2837	3	0	0	0
2838	0	3	0	0
2839	0	0	0	3
2840	0	3	0	0
2841	0	3	0	0
2842	0	0	0	3
2843	0	0	0	3
2844	3	0	0	0
2845	0	0	3	0
2846	0	0	3	0
2847	0	0	3	0
2848	0	0	3	0
2849	0	0	2	0
2850	0	0	2	0
2851	0	2	0	0
2852	0	2	0	0
2853	2	0	0	0
2854	2	0	0	0
2855	2	0	0	0
2856	0	0	2	0
2857	0	2	0	0
2858	2	0	0	0
2859	0	2	0	0
2860	0	0	0	2
2861	3	0	0	0
2862	3	0	0	0
2863	0	3	0	0
2864	3	0	0	0
2865	0	0	3	0
2866	3	0	0	0
2867	0	3	0	0
2868	3	0	0	0
2869	0	0	0	3
2870	0	3	0	0
2871	0	0	3	0
2872	0	0	0	3
2873	3	0	0	0
2874	0	3	0	0
2875	0	3	0	0
2876	4	0	0	0
2877	0	4	0	0
2878	0	0	0	4
2879	4	0	0	0
2880	4	0	0	0
2881	0	4	0	0
2882	0	0	0	4
2883	0	0	4	0
2884	4	0	0	0
2885	4	0	0	0
2886	0	0	4	0
2887	4	0	0	0
2888	4	0	0	0
2889	0	0	5	0
2890	0	5	0	0
2891	5	0	0	0
2892	0	0	5	0
2893	5	0	0	0
2894	4	0	0	0
2895	0	0	0	4
2896	0	0	0	4
2897	4	0	0	0
2898	0	0	4	0
2899	4	0	0	0
2900	4	0	0	0
2901	0	0	0	4
2902	0	0	0	4
2903	0	0	4	0
2904	0	0	4	0
2905	0	4	0	0
2906	4	0	0	0
2907	0	0	4	0
2908	4	0	0	0
2909	0	0	4	0
2910	4	0	0	0
2911	4	0	0	0
2912	0	4	0	1
2913	5	0	0	0
2914	0	0	5	0
2915	0	0	5	0
2916	0	0	5	0
2917	5	0	0	0
2918	5	0	0	0
2919	6	0	0	0
2920	0	0	0	6
2921	0	0	0	6
2922	0	6	0	0
2923	0	0	0	6
2924	6	0	0	0
2925	6	0	0	0
2926	6	0	0	0
2927	5	0	1	0
2928	0	0	6	0
2929	6	0	0	0
2930	5	0	1	0
2931	0	6	0	0
2932	0	6	0	0
2933	5	0	0	0
2934	0	0	5	0
2935	0	0	0	4
2936	4	0	0	0
2937	0	4	0	0
2938	4	0	0	0
2939	0	0	3	0
2940	0	0	3	0
2941	0	0	3	0
2942	3	0	0	0
2943	0	0	3	0
2944	0	0	0	3
2945	3	0	0	0
2946	0	0	0	3
2947	3	0	0	0
2948	0	0	0	3
2949	0	0	0	3
2950	3	0	0	0
2951	0	0	0	3
2952	0	0	3	0
2953	3	0	0	0
2954	0	3	0	0
2955	0	3	0	0
2956	0	3	0	0
2957	3	0	0	0
2958	0	0	0	3
2959	0	3	0	0
2960	3	0	0	0
2961	3	0	0	0
2962	3	0	0	0
2963	3	0	0	0
2964	0	0	3	0
2965	3	0	0	0
2966	0	3	0	0
2967	0	0	0	3
2968	0	0	0	3
2969	0	0	3	0
2970	3	0	0	0
2971	0	0	0	3
2972	3	0	0	0
2973	0	0	3	0
2974	0	3	0	0
2975	0	0	0	3
2976	0	0	3	0
2977	3	0	0	0
2978	3	0	0	0
2979	3	0	0	0
2980	0	0	0	3
2981	4	0	0	0
2982	0	4	0	0
2983	4	0	0	0
2984	0	0	4	0
2985	3	0	0	0
2986	3	0	0	0
2987	3	0	0	0
2988	0	3	0	0
2989	3	0	0	0
2990	0	0	4	0
2991	0	0	4	0
2992	0	0	3	0
2993	0	0	4	0
2994	2	0	0	0
2995	2	0	0	0
2996	0	0	0	2
2997	0	0	2	0
2998	2	0	0	0
2999	0	1	0	0
3000	0	2	0	0
3001	2	0	0	0
3002	2	0	0	0
3003	0	0	0	2
3004	0	0	2	0
3005	0	0	2	0
3006	2	0	0	0
3007	0	2	0	0
3008	2	0	0	0
3009	0	0	0	2
3010	2	0	0	0
3011	0	0	0	2
3012	0	2	0	0
3013	2	0	0	0
3014	2	0	0	0
3015	2	0	0	0
3016	0	0	0	2
3017	0	0	0	1
3018	0	0	0	3
3019	3	0	0	0
3020	0	3	0	0
3021	0	3	0	0
3022	2	0	0	0
3023	3	0	0	0
3024	0	0	3	0
3025	4	0	0	0
3026	4	0	0	0
3027	0	4	0	0
3028	0	5	0	0
3029	5	0	0	0
3030	0	0	0	5
3031	0	0	0	5
3032	0	5	0	0
3033	5	0	0	0
3034	5	0	0	0
3035	5	0	0	0
3036	5	0	0	0
3037	5	0	0	0
3038	0	0	0	5
3039	0	1	0	4
3040	0	0	0	5
3041	0	0	5	0
3042	5	0	0	0
3043	5	0	0	0
3044	0	0	5	0
3045	5	0	0	0
3046	0	5	0	0
3047	4	0	0	0
3048	0	0	5	0
3049	0	0	5	0
3050	4	0	0	0
3051	4	0	0	0
3052	4	0	0	0
3053	1	0	3	0
3054	0	0	0	4
3055	5	0	0	0
3056	0	0	0	5
3057	0	0	5	0
3058	0	5	0	0
3059	5	0	0	0
3060	5	0	0	0
3061	5	0	0	0
3062	4	0	0	0
3063	4	0	0	0
3064	1	0	2	0
3065	0	0	4	0
3066	4	0	0	0
3067	0	0	4	0
3068	0	0	4	0
3069	4	0	0	0
3070	0	4	0	0
3071	0	0	0	4
3072	0	0	4	0
3073	0	4	0	0
3074	0	4	0	0
3075	0	4	0	0
3076	4	0	0	0
3077	0	4	0	0
3078	4	0	0	0
3079	0	4	0	0
3080	0	0	0	4
3081	4	0	0	0
3082	4	0	0	0
3083	0	0	0	4
3084	0	0	4	0
3085	4	0	0	0
3086	0	1	0	3
3087	0	0	4	0
3088	0	0	0	4
3089	4	0	0	0
3090	3	0	0	0
3091	3	0	0	0
3092	3	0	0	0
3093	0	3	0	0
3094	3	0	0	0
3095	0	0	3	0
3096	0	0	0	3
3097	0	0	0	3
3098	3	0	0	0
3099	3	0	0	0
3100	0	3	0	0
3101	3	0	0	0
3102	0	0	3	0
3103	2	0	0	0
3104	0	0	2	0
3105	0	0	2	0
3106	0	2	0	0
3107	2	0	0	0
3108	0	0	2	0
3109	0	0	0	2
3110	0	0	2	0
3111	0	2	0	0
3112	2	0	0	0
3113	1	0	1	0
3114	2	0	0	0
3115	2	0	0	0
3116	2	0	0	0
3117	2	0	0	0
3118	0	0	0	2
3119	2	0	0	0
3120	0	0	2	0
3121	0	2	0	0
3122	0	1	0	0
3123	1	0	0	0
3128	1	0	0	0
3129	1	0	0	0
3130	0	0	1	0
3131	0	0	0	1
3132	1	0	0	0
3133	0	0	0	1
3134	1	0	0	0
3135	0	0	1	0
3136	0	0	0	1
3137	1	0	0	0
3138	1	0	0	0
3139	0	0	0	1
3140	1	0	0	0
3141	0	0	0	1
3142	0	0	0	0
3143	0	0	1	0
3144	0	0	1	0
3145	0	0	1	0
3146	1	0	0	0
3147	1	0	0	0
3148	1	0	0	0
3149	0	0	1	0
3150	1	0	0	0
3151	0	1	0	0
3152	0	0	0	1
3153	0	1	0	0
3154	0	1	0	0
3155	0	0	0	1
3156	1	0	0	0
3157	1	0	0	0
3158	1	0	0	0
3159	0	0	0	1
3160	0	0	0	1
3161	0	0	0	1
3162	1	0	0	0
3163	0	0	1	0
3164	1	0	0	0
3165	0	1	0	0
3166	0	0	0	0
3167	0	0	0	0
3168	0	1	0	0
3169	0	1	0	0
3170	0	1	0	0
3171	1	0	0	0
3172	0	0	0	1
3173	0	0	0	1
3174	0	1	0	0
3175	1	0	0	0
3176	1	0	0	0
3177	1	0	0	0
3178	1	0	0	0
3179	0	0	1	0
3180	0	0	1	0
3181	1	0	0	0
3182	1	0	0	0
3183	1	0	0	0
3184	0	1	0	0
3185	1	0	0	0
3186	0	0	0	1
3187	0	0	1	0
3188	0	0	0	0
3189	0	0	1	0
3190	1	0	0	0
3191	1	0	0	0
3192	1	0	0	0
3193	0	1	0	0
3194	1	0	0	0
3195	0	0	0	1
3196	0	0	1	0
3197	0	0	1	0
3198	0	0	0	1
3199	0	0	1	0
3200	0	0	1	0
3201	0	0	0	0
3202	0	1	0	0
3252	0	1	0	0
3253	0	1	0	0
3254	0	0	0	1
3255	0	1	0	0
3256	0	1	0	0
3257	0	1	0	0
3258	0	1	0	0
3259	0	0	0	1
3260	1	0	0	0
3261	0	0	1	0
3262	0	0	0	1
3263	1	0	0	0
3264	1	0	0	0
3265	1	0	0	0
3266	1	0	0	0
3267	0	0	0	1
3268	0	0	0	1
3269	1	0	0	0
3270	0	0	0	1
3271	0	0	2	0
3272	0	0	2	0
3273	0	0	0	2
3274	2	0	0	0
3275	0	2	0	0
3276	0	2	0	0
3277	2	0	0	0
3278	2	0	0	0
3279	0	2	0	0
3280	0	0	0	2
3281	0	0	2	0
3282	0	0	2	0
3283	2	0	0	0
3284	2	0	0	0
3285	2	0	0	0
3286	2	0	0	0
3287	1	0	1	0
3288	0	0	2	0
3289	2	0	0	0
3290	2	0	0	0
3291	0	2	0	0
3292	0	2	0	0
3293	0	1	0	1
3294	2	0	0	0
3295	0	0	0	2
3296	2	0	0	0
3297	0	0	2	0
3298	0	2	0	0
3299	2	0	0	0
3300	0	0	2	0
3301	0	0	2	0
3302	2	0	0	0
3303	0	0	2	0
3304	0	2	0	0
3305	2	0	0	0
3306	0	0	2	0
3307	2	0	0	0
3308	2	0	0	0
3309	2	0	0	0
3310	0	2	0	0
3311	0	0	0	2
3312	0	0	0	2
3313	0	0	0	2
3314	0	2	0	0
3315	0	0	0	2
3316	2	0	0	0
3317	0	0	0	1
3318	0	0	1	0
3319	0	0	0	1
3320	1	0	0	0
3321	0	0	1	0
3322	1	0	0	0
3323	0	0	0	1
3324	0	0	1	0
3325	0	0	1	0
3326	1	0	0	0
3327	0	0	1	0
3328	0	1	0	0
3329	1	0	0	0
3330	0	0	1	0
3331	0	1	0	0
3332	0	0	0	1
3333	1	0	0	0
3334	1	0	0	0
3335	0	0	0	1
3336	1	0	0	0
3337	0	0	1	0
3338	0	0	1	0
3339	0	0	1	0
3340	1	0	0	0
3341	1	0	0	0
3342	1	0	0	0
3363	0	0	0	1
3364	1	0	0	0
3365	0	0	0	1
3366	0	0	1	0
3367	0	0	0	1
3368	0	0	0	2
3369	2	0	0	0
3370	0	2	0	0
3371	0	0	0	2
3372	0	0	2	0
3373	2	0	0	0
3374	0	2	0	0
3375	2	0	0	0
3376	2	0	0	0
3377	0	0	2	0
3378	0	0	2	0
3379	0	0	2	0
3380	1	1	0	0
3381	2	0	0	0
3382	0	0	2	0
3383	0	0	2	0
3384	0	3	0	0
3385	3	0	0	0
3386	0	0	3	0
3387	3	0	0	0
3388	3	0	0	0
3389	3	0	0	0
3390	3	0	0	0
3391	0	0	0	3
3392	0	0	0	3
3393	0	0	3	0
3394	0	0	0	3
3395	0	0	0	3
3396	1	0	0	2
3397	0	3	0	0
3398	0	0	0	3
3399	0	3	0	0
3400	0	0	0	3
3401	3	0	0	0
3402	3	0	0	0
3403	1	3	0	0
3404	0	0	0	4
3405	0	0	4	0
3406	4	0	0	0
3407	5	0	0	0
3408	4	0	0	0
3409	0	5	0	0
3410	5	0	0	0
3411	5	0	0	0
3412	0	4	0	0
3413	5	0	0	0
3414	5	0	0	0
3415	5	0	0	0
3416	0	0	0	5
3417	0	5	0	0
3418	5	0	0	0
3419	0	0	5	0
3420	4	0	0	0
3421	5	0	0	0
3422	0	0	5	0
3423	0	0	5	0
3424	0	5	0	0
3425	0	0	0	5
3426	0	0	5	0
3427	5	0	0	0
3428	0	0	5	0
3429	0	0	0	4
3430	0	0	0	4
3431	5	0	0	0
3432	0	5	0	0
3433	5	0	0	0
3434	5	0	0	0
3435	0	0	4	0
3436	0	4	0	0
3437	4	0	0	0
3438	4	0	0	0
3439	0	0	0	4
3440	0	0	0	3
3441	0	3	0	0
3442	3	0	0	0
3443	0	0	2	0
3444	0	2	0	1
3445	0	0	0	3
3446	3	0	0	0
3447	0	0	3	0
3448	0	3	0	0
3449	0	0	0	4
3450	0	0	0	4
3451	0	0	0	5
3452	0	0	5	0
3453	0	4	0	0
3454	5	0	0	0
3455	1	0	3	0
3456	0	0	4	0
3457	4	0	0	0
3458	0	0	0	4
3459	0	0	0	4
3460	0	4	0	0
3461	4	0	0	0
3462	0	0	4	0
3463	0	0	4	0
3464	4	0	0	0
3465	0	0	0	4
3466	0	3	0	1
3467	4	0	0	0
3468	0	0	4	0
3469	4	0	0	0
3470	4	0	0	0
3471	0	0	4	0
3472	0	0	0	4
3473	4	0	0	0
3474	3	0	0	0
3475	4	0	0	0
3476	0	4	0	0
3477	4	0	0	0
3478	0	0	0	4
3479	4	0	0	0
3480	0	0	4	0
3481	0	0	0	4
3482	3	0	0	0
3483	4	0	0	0
3484	0	4	0	0
3485	4	0	0	0
3486	0	0	4	0
3487	3	0	0	0
3488	0	3	0	0
3489	0	0	0	4
3490	0	4	0	0
3491	4	0	0	0
3492	0	4	0	0
3493	4	0	0	0
3494	0	0	4	0
3495	0	0	0	4
3496	4	0	0	0
3497	0	0	0	4
3498	0	0	4	0
3499	0	4	0	0
3500	4	0	0	0
3501	0	0	0	4
3502	0	0	0	4
3503	0	0	4	0
3504	0	0	5	0
3505	0	0	5	0
3506	5	0	0	0
3507	5	0	0	0
3508	0	0	0	5
3509	0	4	0	1
3510	5	0	0	0
3511	0	0	0	5
3512	0	0	0	5
3513	0	4	0	0
3514	4	0	0	0
3515	5	0	0	0
3516	0	0	5	0
3517	0	5	0	0
3518	4	1	0	0
3519	0	4	0	0
3520	5	0	0	0
3521	5	0	0	0
3522	0	5	0	0
3523	0	4	0	0
3524	1	0	0	0
3525	0	0	1	0
3526	1	0	0	0
3527	0	0	0	1
3528	1	0	0	0
3529	1	0	0	0
3530	0	0	1	0
3531	1	0	0	0
3532	0	0	0	0
3533	0	0	0	1
3534	0	0	1	0
3535	1	0	0	0
3536	1	0	0	0
3537	0	0	0	1
3538	0	1	0	0
3539	1	0	0	0
3540	0	0	1	0
3541	1	0	0	0
3542	1	0	0	0
3543	0	0	0	1
3544	0	0	0	1
3545	1	0	0	0
3546	0	0	1	0
3547	0	0	0	1
3548	0	0	0	1
3549	1	0	0	0
3550	1	0	0	0
3551	0	1	0	0
3552	0	0	0	0
3553	1	0	0	0
3554	1	0	0	0
3555	1	0	0	0
3556	0	0	0	1
3557	1	0	0	0
3558	1	0	0	0
3559	0	0	0	1
3560	1	0	0	0
3561	0	0	1	0
3562	1	0	0	0
3563	1	0	0	0
3564	0	1	0	0
3565	1	0	0	0
3566	1	0	0	0
3567	0	0	0	1
3568	0	0	0	1
3569	1	0	0	0
3570	1	0	0	0
3571	0	0	0	1
3572	1	0	0	0
3573	1	0	0	0
3574	1	0	0	0
3625	0	0	1	0
3626	1	0	0	0
3627	1	0	0	0
3628	1	0	0	0
3629	0	0	0	1
3630	0	0	1	0
3631	1	0	0	0
3632	1	0	0	0
3633	0	1	0	0
3634	1	0	0	0
3635	1	0	0	0
3636	0	0	1	0
3637	0	0	0	1
3638	1	0	0	0
3639	0	0	1	0
3640	1	0	0	0
3641	0	1	0	0
3642	1	0	0	0
3643	1	0	0	0
3644	1	0	0	0
3645	0	0	0	1
3646	0	0	0	1
3647	1	0	0	0
3648	0	0	1	0
3649	0	0	0	1
3650	1	0	0	0
3651	1	0	0	0
3652	0	0	1	0
3653	0	0	0	1
3654	1	0	0	0
3655	1	0	0	0
3656	1	0	0	0
3657	0	0	1	0
3658	0	0	1	0
3659	1	0	0	0
3660	1	0	0	0
3661	0	0	0	2
3662	0	2	0	0
3663	2	0	0	0
3664	0	0	2	0
3665	0	0	2	0
3666	2	0	0	0
3667	0	0	2	0
3668	2	0	0	0
3669	0	0	2	0
3670	0	0	0	2
3671	0	0	2	0
3672	0	2	0	0
3673	0	0	0	2
3674	0	0	2	0
3675	0	0	0	2
3676	0	0	0	2
3677	0	0	0	2
3678	0	2	0	0
3679	0	0	0	2
3680	2	0	0	0
3681	0	0	2	0
3682	2	0	0	0
3683	0	0	0	3
3684	0	0	3	0
3685	0	0	3	0
3686	3	0	0	0
3687	3	0	0	0
3688	0	0	0	3
3689	3	0	0	0
3690	0	0	3	0
3691	3	0	0	0
3692	3	0	0	0
3693	3	0	0	0
3694	3	0	0	0
3695	0	0	2	0
3696	0	0	3	0
3697	0	2	0	0
3698	0	0	0	2
3699	0	2	0	0
3700	2	0	0	0
3701	2	0	0	0
3702	0	0	2	0
3703	2	0	0	0
3704	0	0	2	0
3705	0	0	2	0
3706	2	0	0	0
3707	0	0	2	0
3708	0	2	0	0
3709	2	0	0	0
3710	0	0	0	2
3711	0	0	2	0
3712	2	0	0	0
3713	2	0	0	0
3714	2	0	0	0
3715	0	0	2	0
3716	2	0	0	0
3717	0	0	0	2
3718	2	0	0	0
3719	0	0	0	2
3720	0	2	0	0
3721	2	0	0	0
3722	0	2	0	0
3723	2	0	0	0
3724	0	0	2	0
3725	0	1	0	0
3726	1	0	0	0
3727	1	0	0	0
3728	0	0	0	1
3729	0	0	0	1
3730	0	0	1	0
3731	0	0	1	0
3732	1	0	0	0
3733	0	0	1	0
3734	1	0	0	0
3735	0	0	1	0
3736	0	1	0	0
3737	1	0	0	0
3738	1	0	0	0
3739	0	0	0	1
3740	0	0	1	0
3741	0	0	1	0
3742	0	2	0	0
3743	0	0	0	2
3744	2	0	0	0
3745	0	0	2	0
3746	0	0	0	2
3747	0	0	2	0
3748	2	0	0	0
3749	2	0	0	0
3750	0	0	0	2
3751	0	0	0	2
3752	1	0	0	1
3753	2	0	0	0
3754	2	0	0	0
3755	0	0	0	2
3756	0	1	0	0
3757	0	0	0	2
3758	0	0	2	0
3759	0	1	0	0
3760	0	2	0	0
3761	2	0	0	0
3762	0	2	0	0
3763	0	2	0	0
3764	0	1	0	1
3765	0	0	2	0
3766	0	0	0	2
3767	2	0	0	0
3768	0	0	2	0
3769	0	0	0	2
3770	2	0	0	0
3771	0	0	2	0
3772	0	2	0	0
3773	2	0	0	0
3774	1	0	0	0
3775	2	0	0	0
3776	1	0	0	0
3777	0	0	2	0
3778	2	0	0	0
3779	1	0	1	0
3780	2	0	0	0
3781	0	0	0	2
3782	2	0	0	0
3783	0	0	2	0
3784	0	0	0	2
3785	2	0	0	0
3786	0	0	2	0
3787	0	1	0	0
3788	0	0	0	1
3789	1	0	0	0
3790	0	0	1	0
3791	0	1	0	0
3792	0	0	0	1
3793	0	0	1	0
3794	0	0	0	1
3795	0	0	0	0
3796	1	0	0	0
3797	0	0	0	1
3798	0	0	0	0
3799	1	0	0	0
3800	1	0	0	0
3801	0	0	0	1
3802	0	0	1	0
3803	0	0	0	1
3804	0	1	0	0
3805	1	0	0	0
3806	0	0	1	0
3807	0	1	0	0
3808	0	0	0	1
3809	0	0	0	0
3810	1	0	0	0
3811	0	0	0	0
3812	1	0	0	0
3813	0	0	1	0
3814	0	0	1	0
3815	0	0	1	0
3816	0	0	0	0
3817	1	0	0	0
3821	0	1	0	0
3822	1	0	0	0
3823	0	0	0	1
3824	1	0	0	0
3825	0	1	0	0
3826	1	0	0	0
3827	0	0	0	1
3828	0	0	1	0
3829	0	0	1	0
3830	1	0	0	0
3831	0	1	0	0
3832	1	0	0	0
3833	1	0	0	0
3834	0	0	1	0
3835	0	0	0	1
3836	1	0	0	0
3837	0	0	1	0
3838	1	0	0	0
3839	0	1	0	0
3840	0	0	0	1
3841	0	0	1	0
3842	0	0	0	1
3843	1	0	0	0
3844	0	0	1	0
3845	0	0	0	1
3846	0	1	0	0
3847	0	1	0	0
3848	1	0	0	0
3849	0	0	1	0
3850	0	0	1	0
3851	0	0	1	0
3852	1	0	0	0
3853	0	0	0	1
3854	0	0	0	1
3855	0	0	0	1
3856	0	0	1	0
3857	0	0	1	0
3858	0	1	0	0
3859	1	0	0	0
3860	1	0	0	0
3861	0	0	0	1
3862	0	0	0	1
3863	1	0	0	0
3864	0	0	1	0
3865	1	0	0	0
3866	0	1	0	0
3867	0	0	0	1
3868	0	0	1	0
3869	0	0	0	1
3870	1	0	0	0
3871	0	1	0	0
3872	1	0	0	0
3873	0	1	0	0
3874	1	0	0	0
3875	0	0	0	1
3876	0	0	0	1
3877	0	0	0	1
3878	1	0	0	0
3879	0	0	1	0
3880	1	0	0	0
3881	1	0	0	0
3882	0	0	1	0
3883	0	0	1	0
3884	0	0	1	0
3885	1	0	0	0
3886	1	0	0	0
3887	1	0	0	0
3888	0	0	1	0
3889	0	0	0	1
3890	0	1	0	0
3891	1	0	0	0
3892	0	0	0	1
3917	0	0	0	1
3918	0	0	1	0
3919	0	0	1	0
3920	0	1	0	0
3921	0	0	0	1
3922	1	0	0	0
3923	0	1	0	0
3924	1	0	0	0
3925	0	0	0	1
3926	1	0	0	0
3927	0	0	1	0
3928	1	0	0	0
3929	1	0	0	0
3930	0	0	0	1
3931	0	1	0	0
3932	1	0	0	0
3933	0	0	1	0
3934	1	0	0	0
3935	0	0	1	0
3936	0	0	1	0
3937	0	0	0	1
3938	0	0	0	1
3939	1	0	0	0
3940	0	0	0	1
3941	0	1	0	0
3942	0	1	0	0
3943	0	1	0	0
3944	1	0	0	0
3945	0	0	1	0
3946	0	1	0	0
3947	1	0	0	0
3948	0	0	1	0
3949	1	0	0	0
3950	1	0	0	0
3951	1	0	0	0
3952	0	1	0	0
3953	1	0	0	0
3954	0	0	1	0
3955	0	0	1	0
3956	1	0	0	0
3957	0	1	0	0
3958	1	0	0	0
3959	1	0	0	0
3960	0	0	1	0
3961	1	0	0	0
3962	1	0	0	0
3963	1	0	0	0
3964	0	1	0	0
3965	1	0	0	0
3966	0	0	1	0
3967	0	1	0	0
3968	1	0	0	0
3969	0	0	0	1
3970	1	0	0	0
3971	0	1	0	0
3972	0	0	0	1
3973	0	0	0	1
3974	0	0	0	1
3975	1	0	0	0
3976	0	0	0	1
3977	1	0	0	0
3978	0	1	0	0
3979	0	0	0	1
3980	1	0	0	0
3981	1	0	0	0
3982	1	0	0	0
3983	0	0	1	0
3984	0	0	0	1
3985	0	0	0	1
3986	1	0	0	0
3987	0	0	1	0
3988	0	1	0	0
3989	1	0	0	0
4009	0	0	0	0
4010	1	0	0	0
4011	1	0	0	0
4012	0	0	0	1
4013	1	0	0	0
4014	0	1	0	0
4015	1	0	0	0
4016	0	0	0	1
4017	1	0	0	0
4018	0	1	0	0
4019	1	0	0	0
4020	0	0	1	0
4021	1	0	0	0
4022	0	1	0	0
4023	1	0	0	0
4024	1	0	0	0
4025	0	0	0	1
4026	0	0	1	0
4027	0	0	1	0
4028	0	1	0	0
4029	1	0	0	0
4030	0	0	1	0
4171	0	0	1	0
4172	1	0	0	0
4173	0	0	1	0
4174	0	0	0	0
4175	0	0	0	1
4176	0	1	0	0
4177	1	0	0	0
4178	0	0	0	0
4179	0	0	0	0
4180	0	0	0	0
4181	0	0	0	1
4182	0	0	1	0
4183	1	0	0	0
4184	0	0	1	0
4185	0	1	0	0
4186	0	0	0	0
4187	0	0	0	0
4188	0	1	0	0
4189	0	0	0	1
4190	0	0	0	1
4191	0	0	0	0
4192	1	0	0	0
4193	0	0	1	0
4194	1	0	0	0
4195	0	0	0	0
4196	0	0	0	0
4197	0	0	1	0
4198	0	0	0	0
4199	1	0	0	0
4200	0	0	1	0
4201	0	0	0	1
4202	1	0	0	0
4203	0	1	0	0
4204	1	0	0	0
4205	1	0	0	0
4206	1	0	0	0
4207	0	0	0	1
4208	0	0	0	0
4209	0	0	1	0
4210	0	0	0	0
4211	1	0	0	0
4212	0	0	1	0
4213	0	0	0	1
4214	1	0	0	0
4215	0	0	0	1
4216	0	0	0	1
4217	0	1	0	0
4218	0	0	0	0
4219	0	0	0	1
4220	0	0	0	1
4221	0	0	0	0
4222	0	0	0	0
4223	0	1	0	0
4224	1	0	0	0
4225	1	0	0	0
4226	0	0	0	0
4227	0	0	0	1
4228	0	0	0	1
4229	0	0	0	1
4230	1	0	0	0
4231	1	0	0	0
4232	1	0	0	0
4233	1	0	0	0
4234	0	0	0	0
4235	0	0	0	0
4236	1	0	0	0
4237	0	0	0	0
4238	0	0	0	0
4239	0	0	2	0
4240	0	0	1	0
4241	0	0	1	0
4242	0	0	2	0
4243	0	0	1	0
4244	0	0	1	0
4245	1	0	0	0
4246	0	0	0	1
4247	0	0	0	1
4248	0	0	1	0
4249	0	0	1	0
4250	0	0	1	0
4251	0	0	1	0
4252	0	0	1	0
4253	0	0	1	0
4254	0	0	0	1
4255	1	0	0	0
4256	0	1	0	0
4257	1	0	0	0
4258	0	0	1	0
4259	0	0	0	1
4260	0	0	1	0
4261	0	1	0	0
4262	1	0	0	0
4263	0	0	1	0
4264	0	0	1	0
4265	0	0	1	0
4266	0	0	1	0
4267	1	0	0	0
4268	0	0	1	0
4269	1	0	0	0
4270	0	0	1	0
4271	1	0	0	0
4272	1	0	0	0
4273	0	0	0	1
4274	1	0	0	0
4275	1	0	0	0
4276	0	0	0	1
4277	1	0	0	0
4278	0	0	1	0
4279	1	0	0	0
4280	0	2	0	0
4281	2	0	0	0
4282	0	0	0	2
4283	2	0	0	0
4284	2	0	0	0
4285	0	0	0	2
4286	2	0	0	0
4287	0	0	2	0
4288	0	2	0	0
4289	2	0	0	0
4290	2	0	0	0
4291	0	2	0	0
4292	2	0	0	0
4293	0	0	2	0
4294	2	0	0	0
4295	0	2	0	0
4296	2	0	0	0
4297	0	0	0	2
4298	2	0	0	0
4299	0	2	0	0
4300	2	0	0	0
4301	2	0	0	0
4302	2	0	0	0
4303	0	2	0	0
4304	0	0	0	2
4305	2	0	0	0
4306	2	0	0	0
4307	2	0	0	0
4308	0	0	2	0
4309	2	0	0	0
4310	2	0	0	0
4311	0	0	0	1
4312	0	0	0	1
4313	1	0	0	0
4314	0	1	0	0
4315	1	0	0	0
4316	1	0	0	0
4317	1	0	0	0
4318	1	0	0	0
4319	1	0	0	0
4320	0	1	0	0
4321	1	0	0	0
4322	1	0	0	0
4323	1	0	0	0
4324	0	0	0	1
4325	0	0	0	1
4326	1	0	0	0
4327	0	0	0	1
4328	1	0	0	0
4329	1	0	0	0
4330	1	0	0	0
4331	1	0	0	0
4332	1	0	0	0
4333	0	0	0	1
4334	0	0	0	1
4335	0	1	0	0
4336	1	0	0	0
4337	1	0	0	0
4338	1	0	0	0
4339	1	0	0	0
4340	0	0	0	1
4341	0	0	0	1
4342	0	0	0	1
4343	0	0	0	1
4344	0	2	0	0
4345	0	0	2	0
4346	0	0	1	0
4347	0	0	2	0
4348	0	0	0	2
4349	0	0	0	2
4350	0	0	0	2
4351	2	0	0	0
4352	0	0	0	1
4353	0	0	0	1
4354	1	0	0	0
4355	0	1	0	0
4356	1	0	0	0
4357	0	0	1	0
4358	1	0	0	0
4359	0	0	3	0
4360	3	0	0	0
4361	0	4	0	0
4362	4	0	0	0
4363	0	0	4	0
4364	0	4	0	0
4365	4	0	0	0
4366	0	0	4	0
4367	4	0	0	0
4368	0	0	4	0
4369	4	0	0	0
4370	0	3	0	1
4371	0	3	0	0
4372	0	4	0	0
4373	0	0	0	4
4374	4	0	0	0
4375	0	0	0	4
4376	0	0	0	4
4377	0	0	0	4
4378	0	0	4	0
4379	0	0	4	0
4380	4	0	0	0
4381	4	0	0	0
4382	5	0	0	0
4383	0	0	5	0
4384	0	0	5	0
4385	5	0	0	0
4386	0	5	0	0
4387	0	5	0	0
4388	5	0	0	0
4389	0	0	5	0
4390	0	5	0	0
4391	0	5	0	0
4392	5	0	0	0
4393	5	0	0	0
4394	5	0	0	0
4395	0	5	0	0
4396	0	0	0	5
4397	3	0	2	0
4398	0	5	0	0
4399	0	0	0	5
4400	0	5	0	0
4401	0	0	0	5
4402	0	0	5	0
4403	0	0	5	0
4404	5	0	0	0
4405	5	0	0	0
4406	5	0	0	0
4407	0	0	5	0
4408	0	0	5	0
4409	0	0	0	5
4410	0	0	5	0
4411	5	0	0	0
4412	5	0	0	0
4413	0	0	5	0
4414	0	0	5	0
4415	0	0	5	0
4416	0	0	5	0
4417	0	5	0	0
4418	5	0	0	0
4419	0	0	4	0
4420	0	0	0	4
4421	4	0	0	0
4422	0	0	4	0
4423	0	0	0	4
4424	4	0	0	0
4425	4	0	0	0
4426	0	0	0	4
4427	4	0	0	0
4428	0	4	0	0
4429	4	0	0	0
4430	4	0	0	0
4431	0	0	4	0
4432	4	0	0	0
4433	0	0	0	4
4434	4	0	0	0
4435	4	0	0	0
4436	0	4	0	0
4437	4	0	0	0
4438	0	0	4	0
4439	0	0	0	4
4440	0	0	4	0
4441	4	0	0	0
4442	0	4	0	0
4443	4	0	0	0
4444	0	0	0	2
4445	2	0	0	0
4446	2	0	0	0
4447	2	0	0	0
4448	0	0	2	0
4449	0	0	2	0
4450	0	0	0	2
4451	2	0	0	0
4452	1	0	1	0
4453	0	0	0	2
4454	2	0	0	0
4455	0	2	0	0
4456	0	2	0	0
4457	1	0	0	0
4497	1	0	0	0
4498	0	0	0	1
4499	0	0	1	0
4500	0	0	1	0
4501	0	1	0	0
4502	1	0	0	0
4503	0	0	1	0
4504	0	0	1	0
4505	0	0	0	1
4506	0	0	1	0
4507	0	1	0	0
4508	0	0	0	1
4509	0	0	1	0
4510	1	0	0	0
4511	0	0	0	1
4512	0	0	0	1
4513	0	0	1	0
4514	0	0	0	1
4515	0	0	1	0
4516	0	0	0	1
4517	0	0	1	0
4518	0	0	1	0
4519	0	2	0	0
4520	2	0	0	0
4521	0	0	2	0
4522	0	0	1	0
4523	0	0	0	2
4524	2	0	0	0
4525	0	0	2	0
4526	2	0	0	0
4527	0	1	0	0
4528	2	0	0	0
4529	0	0	1	0
4530	0	0	1	0
4531	2	0	0	0
4532	0	0	0	2
4533	0	0	2	0
4534	2	0	0	0
4535	0	0	2	0
4536	0	0	2	0
4537	2	0	0	0
4538	0	0	0	2
4539	0	0	0	2
4540	2	0	0	0
4541	0	0	2	0
4542	2	0	0	0
4543	2	0	0	0
4544	0	2	0	0
4545	2	0	0	0
4546	0	0	0	2
4547	0	0	2	0
4548	0	0	2	0
4549	1	0	0	0
4550	2	0	0	0
4551	0	0	0	2
4552	2	0	0	0
4553	0	0	2	0
4554	0	0	0	2
4555	0	2	0	0
4556	0	0	0	2
4557	2	0	0	0
4558	0	0	2	0
4559	0	0	0	2
4560	2	0	0	0
4561	2	0	0	0
4562	2	0	0	0
4563	2	0	0	0
4564	0	2	0	0
4565	2	0	0	0
4566	0	2	0	0
4567	0	2	0	0
4568	2	0	0	0
4569	0	0	0	1
4570	1	0	0	0
4571	0	0	0	1
4572	0	0	1	0
4573	0	0	0	1
4574	1	0	0	0
4575	0	1	0	0
4576	1	0	0	0
4577	0	0	0	1
4578	0	0	0	1
4579	0	0	0	1
4580	0	1	0	0
4581	1	0	0	0
4582	1	0	0	0
4583	1	0	0	0
4584	0	0	1	0
4585	1	0	0	0
4586	1	0	0	0
4587	1	0	0	0
4588	0	0	1	0
4589	0	1	0	0
4722	0	0	1	0
4723	0	1	0	0
4724	1	0	0	0
4725	0	0	0	1
4726	0	0	0	1
4727	0	0	0	1
4728	0	0	1	0
4729	0	0	1	0
4730	0	0	1	0
4731	0	0	0	1
4732	0	1	0	0
4733	1	0	0	0
4734	0	0	0	1
4735	0	0	1	0
4736	0	0	1	0
4737	1	0	0	0
4738	0	0	1	0
4739	0	0	0	1
4740	0	1	0	0
4741	0	0	0	1
4742	0	1	0	0
4743	0	1	0	0
4744	1	0	0	0
4745	0	0	0	1
4746	1	0	0	0
4747	0	0	1	0
4748	1	0	0	0
4749	1	0	0	0
4750	0	0	0	1
4751	0	0	1	0
4752	0	0	1	0
4753	1	0	0	0
4754	0	0	1	0
4755	1	0	0	0
4756	0	0	0	1
4757	0	0	0	1
4758	0	0	1	0
4759	1	0	0	0
4760	0	0	1	0
4761	1	0	0	0
4762	1	0	0	0
4763	0	0	1	0
4764	1	0	0	0
4765	0	0	0	1
4766	1	0	0	0
4767	0	0	0	1
4768	1	0	0	0
4769	0	0	0	0
4770	0	1	0	0
4771	1	0	0	0
4772	0	1	0	0
4773	1	0	0	0
4774	0	1	0	0
4775	1	0	0	0
4776	1	0	0	0
4777	0	0	1	0
4778	0	0	0	1
4779	1	0	0	0
4780	0	0	1	0
4781	1	0	0	0
4782	0	1	0	0
4783	0	1	0	0
4784	0	1	0	0
4785	0	0	0	1
4786	0	0	1	0
4787	1	0	0	0
4788	0	1	0	0
4789	0	1	0	0
4790	0	0	0	1
4791	0	0	1	0
4792	0	0	1	0
4793	0	1	0	0
4794	1	0	0	0
4822	0	0	1	0
4823	1	0	0	0
4824	0	0	0	2
4825	0	0	0	2
4826	0	0	2	0
4827	0	0	0	2
4828	0	0	0	2
4829	0	0	0	2
4830	0	0	0	3
4831	0	0	3	0
4832	0	4	0	0
4833	4	0	0	0
4834	0	0	4	0
4835	4	0	0	0
4836	0	4	0	0
4837	0	0	0	4
4838	0	4	0	0
4839	0	0	0	4
4840	0	0	4	0
4841	0	4	0	0
4842	0	4	0	0
4843	4	0	0	0
4844	0	0	0	4
4845	4	0	0	0
4846	4	0	0	0
4847	0	0	3	0
4848	4	0	0	0
4849	4	0	0	0
4850	4	0	0	0
4851	4	0	0	0
4852	0	0	4	0
4853	0	4	0	0
4854	0	4	0	0
4855	4	0	0	0
4856	0	0	0	4
4857	4	0	0	0
4858	0	0	0	4
4859	0	0	0	4
4860	4	0	0	0
4861	0	0	4	0
4862	0	0	4	0
4863	4	0	0	0
4864	0	0	4	0
4865	4	0	0	0
4866	4	0	0	0
4867	4	0	0	0
4868	0	0	0	4
4869	4	0	0	0
4870	0	0	4	0
4871	0	0	0	4
4872	0	0	0	4
4873	4	0	0	0
4874	0	0	4	0
4875	0	4	0	0
4876	1	3	0	0
4877	0	4	0	0
4878	0	0	0	4
4879	4	0	0	0
4880	0	0	4	0
4881	0	0	3	1
4882	0	0	0	4
4883	0	0	4	0
4884	0	4	0	0
4885	0	0	4	0
4886	4	0	0	0
4887	0	0	4	0
4888	0	0	0	4
4889	4	0	0	0
4890	0	0	0	4
4891	0	4	0	0
4892	0	0	3	0
4893	3	0	0	0
4894	0	0	3	0
4895	0	3	0	0
4896	3	0	0	0
4897	0	0	3	0
4898	0	0	3	0
4899	2	0	0	0
4900	0	2	0	0
4901	2	0	0	0
4902	0	0	0	1
4903	1	0	0	0
4904	1	0	0	0
4905	0	1	0	0
4906	1	0	0	0
4907	1	0	0	0
4908	0	0	1	0
4909	0	0	1	0
4910	0	0	0	1
4911	1	0	0	0
4912	0	0	1	0
4913	0	0	1	0
4914	1	0	0	0
4915	0	0	0	1
4916	0	1	0	0
4917	0	0	0	1
4918	0	1	0	0
4919	0	0	0	1
4920	1	0	0	0
4921	0	1	0	0
4922	1	0	0	0
4923	1	0	0	0
4924	0	0	0	1
4925	1	0	0	0
4926	0	1	0	0
4927	0	0	0	1
4928	0	0	0	1
4929	1	0	0	0
4930	0	0	1	0
4931	0	1	0	0
4932	1	0	0	0
4933	0	0	0	1
4934	0	0	0	1
4935	0	0	1	0
4936	1	0	0	0
4937	0	1	0	0
4973	0	0	0	1
4974	0	0	1	0
4975	0	1	0	0
4976	0	1	0	0
4977	0	0	0	1
4978	1	0	0	0
4979	0	0	1	0
4980	0	0	0	1
4981	0	0	1	0
4982	0	0	0	1
4983	0	0	0	1
4984	1	0	0	0
4985	0	0	1	0
4986	0	0	1	0
4987	1	0	0	0
4988	1	0	0	0
4989	1	0	0	0
4990	0	0	0	1
4991	0	0	0	1
4992	1	0	0	0
4993	0	0	1	0
4994	0	0	0	1
4995	2	0	0	0
4996	0	0	2	0
4997	2	0	0	0
4998	0	0	2	0
4999	0	0	2	0
5000	2	0	0	0
5001	0	0	0	2
5002	2	0	0	0
5003	0	0	2	0
5004	2	0	0	0
5005	0	0	0	2
5006	0	0	2	0
5007	0	0	2	0
5008	2	0	0	0
5009	2	0	0	0
5010	0	2	0	0
5011	2	0	0	0
5012	2	0	0	0
5013	0	2	0	0
5014	0	2	0	0
5015	0	2	0	0
5016	0	2	0	0
5017	0	2	0	0
5018	2	0	0	0
5019	0	0	2	0
5020	2	0	0	0
5021	2	0	0	0
5022	0	0	2	0
5023	2	0	0	0
5024	0	2	0	0
5025	0	2	0	0
5026	2	0	0	0
5027	0	0	2	0
5028	0	0	2	0
5029	0	0	2	0
5030	2	0	0	0
5031	0	2	0	0
5032	0	2	0	0
5033	0	0	2	0
5034	0	2	0	0
5035	2	0	0	0
5036	0	0	2	0
5037	2	0	0	0
5038	0	0	2	0
5039	0	0	2	0
5040	0	0	2	0
5041	2	0	0	0
5042	2	0	0	0
5043	0	2	0	0
5044	0	2	0	0
5045	2	0	0	0
5046	0	0	0	2
5047	2	0	0	0
5048	0	1	0	0
5049	1	0	0	0
5050	1	0	0	0
5051	0	0	0	1
5052	0	0	1	0
5053	1	0	0	0
5054	1	0	0	0
5055	0	0	0	1
5056	0	0	1	0
5057	0	0	2	0
5058	2	0	0	0
5059	0	2	0	0
5060	2	0	0	0
5061	0	2	0	0
5062	0	0	0	2
5063	2	0	0	0
5064	0	0	2	0
5065	2	0	0	0
5066	0	0	2	0
5067	0	2	0	0
5068	0	0	0	1
5069	0	0	0	1
5070	0	0	0	1
5071	0	0	0	1
5072	1	0	0	0
5073	0	0	1	0
5074	1	0	0	0
5075	1	0	0	0
5076	0	0	1	0
5077	1	0	0	0
5078	1	0	0	0
5079	0	1	0	0
5080	0	0	0	1
5081	0	0	0	1
5082	1	0	0	0
5083	1	0	0	0
5084	0	0	1	0
5085	0	1	0	0
5086	1	0	0	0
5087	0	0	1	0
5088	0	0	1	0
5089	1	0	0	0
5090	1	0	0	0
5091	0	0	1	0
5092	0	1	0	0
5093	0	0	0	1
5094	0	0	1	0
5095	0	0	0	1
5096	0	0	0	1
5097	1	0	0	0
5098	0	0	1	0
5099	1	0	0	0
5100	0	1	0	0
5101	1	0	0	0
5102	0	1	0	0
5103	0	0	0	1
5104	0	0	0	1
5105	0	1	0	0
5106	0	1	0	0
5107	0	1	0	0
5108	0	0	1	0
5109	1	0	0	0
5110	0	0	1	0
5111	1	0	0	0
5112	0	1	0	0
5113	0	1	0	0
5114	1	0	0	0
5115	0	0	0	1
5116	0	0	1	0
5117	0	0	1	0
5118	0	1	0	0
5119	0	0	0	1
5120	0	0	0	1
5121	0	1	0	0
5122	1	0	0	0
5123	0	0	0	1
5170	0	0	1	0
5171	1	0	0	0
5172	0	0	1	0
5173	0	0	0	1
5174	0	0	0	1
5175	0	0	1	0
5176	1	0	0	0
5177	0	0	1	0
5178	1	0	0	0
5179	0	3	0	0
5180	0	0	0	3
5181	3	0	0	0
5182	0	0	0	3
5183	3	0	0	0
5184	3	0	0	0
5185	0	0	0	3
5186	3	0	0	0
5187	3	0	0	0
5188	0	0	3	0
5189	3	0	0	0
5190	3	0	0	0
5191	0	0	0	4
5192	5	0	0	0
5193	0	5	0	0
5194	0	0	0	5
5195	0	0	5	0
5196	0	5	0	0
5197	6	0	0	0
5198	6	0	0	0
5199	0	6	0	0
5200	6	0	0	0
5201	6	0	0	0
5202	0	6	0	0
5203	0	0	0	6
5204	6	0	0	0
5205	0	6	0	0
5206	0	0	0	6
5207	0	0	6	0
5208	0	0	0	6
5209	0	0	0	6
5210	0	0	0	6
5211	6	0	0	0
5212	0	0	0	6
5213	0	0	0	6
5214	0	6	0	0
5215	6	0	0	0
5216	0	0	0	6
5217	0	0	0	6
5218	0	0	0	6
5219	0	6	0	0
5220	6	0	0	0
5221	0	0	6	0
5222	6	0	0	0
5223	6	0	0	0
5224	0	0	0	6
5225	0	0	0	6
5226	0	0	6	0
5227	0	0	6	0
5228	0	0	6	0
5229	0	0	0	6
5230	0	0	6	0
5231	0	6	0	0
5232	0	6	0	0
5233	6	0	0	0
5234	6	0	0	0
5235	0	6	0	0
5236	6	0	0	0
5237	0	0	0	6
5238	6	0	0	0
5239	0	0	6	0
5240	0	6	0	0
5241	6	0	0	0
5242	0	0	6	0
5243	6	0	0	0
5244	4	0	0	0
5245	0	0	0	4
5246	4	0	0	0
5247	0	0	4	0
5248	0	0	4	0
5249	1	3	0	0
5250	4	0	0	0
5251	0	0	0	4
5252	0	1	0	3
5253	1	0	0	3
5254	0	0	0	4
5255	0	0	4	0
5256	0	4	0	0
5257	0	3	1	0
5258	4	0	0	0
5259	0	4	0	0
5260	4	0	0	0
5261	0	0	4	0
5262	3	0	0	0
5263	0	0	1	0
5264	1	0	0	0
5265	1	0	0	0
5266	0	0	1	0
5267	1	0	0	0
5268	0	0	1	0
5269	0	1	0	0
5270	1	0	0	0
5271	1	0	0	0
5272	0	0	1	0
5273	1	0	0	0
5274	1	0	0	0
5275	1	0	0	0
5276	0	0	0	1
5277	0	0	1	0
5278	0	0	1	0
5279	1	0	0	0
5297	0	0	0	1
5298	0	0	0	0
5299	0	0	1	0
5300	1	0	0	0
5301	0	0	1	0
5302	0	1	0	0
5303	0	1	0	0
5304	0	1	0	0
5305	0	0	0	1
5306	0	0	1	0
5307	0	0	1	0
5308	1	0	0	0
5309	1	0	0	0
5310	0	1	0	0
5311	0	1	0	0
5312	1	0	0	0
5313	0	0	0	1
5314	0	1	0	0
5315	0	1	0	0
5316	1	0	0	0
5317	0	0	1	0
5318	0	0	1	0
5319	1	0	0	0
5320	1	0	0	0
5321	0	0	1	0
5322	0	0	0	1
5323	0	1	0	0
5324	1	0	0	0
5325	0	0	1	0
5326	0	1	0	0
5327	0	0	0	0
5328	0	0	0	1
5329	1	0	0	0
5330	1	0	0	0
5331	1	0	0	0
5332	1	0	0	0
5333	0	1	0	0
5334	0	0	0	1
5335	0	0	1	0
5336	0	1	0	0
5337	0	0	0	1
5338	0	0	0	1
5339	0	0	1	0
5340	0	0	0	1
5341	1	0	0	0
5342	1	0	0	0
5343	0	0	0	1
5344	1	0	0	0
5345	0	1	0	0
5346	0	1	0	0
5347	0	0	0	1
5348	0	0	3	0
5349	0	0	0	3
5350	0	0	0	3
5351	3	0	0	0
5352	0	0	0	3
5353	0	0	0	3
5354	0	0	3	0
5355	0	0	0	3
5356	3	0	0	0
5357	3	0	0	0
5358	3	0	0	0
5359	0	3	0	0
5360	3	0	0	0
5361	0	0	0	1
5362	0	0	0	3
5363	0	0	3	0
5364	0	0	0	3
5365	3	0	0	0
5366	0	0	3	0
5367	0	3	0	0
5368	0	0	0	2
5369	2	0	0	0
5370	0	2	0	0
5371	0	2	0	0
5372	2	0	0	0
5373	0	0	0	1
5374	0	0	0	2
5375	0	0	2	0
5376	0	0	0	2
5377	0	2	0	0
5378	0	0	0	2
5379	2	0	0	0
5380	0	0	2	0
5381	0	0	0	2
5382	0	0	0	2
5383	0	0	0	2
5384	0	0	2	0
5385	0	2	0	0
5386	0	0	0	2
5387	0	0	0	2
5388	0	0	0	2
5389	0	2	0	0
5390	2	0	0	0
5391	0	0	2	0
5392	2	0	0	0
5393	0	2	0	0
5394	2	0	0	0
5395	2	0	0	0
5396	2	0	0	0
5397	2	0	0	0
5398	0	0	2	0
5399	0	0	2	0
5400	0	2	0	0
5401	0	0	0	2
5402	0	0	0	2
5403	2	0	0	0
5404	0	0	2	0
5405	0	0	2	0
5406	0	2	0	0
5407	2	0	0	0
5408	0	0	0	2
5409	0	0	0	2
5410	0	0	0	2
5411	0	2	0	0
5412	0	2	0	0
5413	0	0	0	2
5414	2	0	0	0
5415	0	0	0	2
5416	0	0	3	0
5417	0	0	3	0
5418	2	4	0	0
5419	6	0	0	0
5420	0	0	6	0
5421	0	0	6	0
5422	6	0	0	0
5423	4	0	0	0
5424	0	0	4	0
5425	5	0	0	0
5426	5	0	0	0
5427	0	0	5	0
5428	0	5	0	0
5429	0	0	5	0
5430	0	0	5	0
5431	5	0	0	0
5432	0	0	5	0
5433	5	0	0	0
5434	0	4	0	0
5435	5	0	0	0
5436	0	0	5	0
5437	0	4	0	0
5438	0	0	5	0
5439	5	0	0	0
5440	0	4	0	0
5441	0	0	5	0
5442	5	0	0	0
5443	4	0	0	0
5444	0	0	5	0
5445	0	5	0	0
5446	2	0	3	0
5447	0	5	0	0
5448	0	0	0	5
5449	0	5	0	0
5450	0	5	0	0
5451	0	0	0	5
5452	0	4	0	0
5453	0	5	0	0
5454	5	0	0	0
5455	5	0	0	0
5456	0	0	5	0
5457	0	5	0	0
5458	5	0	0	0
5459	0	0	4	0
5460	0	0	0	5
5461	1	0	4	0
5462	5	0	0	0
5463	0	0	5	0
5464	0	0	5	0
5465	5	0	0	0
5466	0	0	0	5
5467	0	5	0	0
5468	5	0	0	0
5469	0	0	0	5
5470	0	5	0	0
5471	5	0	0	0
5472	5	0	0	0
5473	4	0	1	0
5474	5	0	0	0
5475	0	0	0	5
5476	0	5	0	0
5477	0	1	0	4
5478	0	0	0	5
5479	5	0	0	0
5480	0	0	0	5
5481	5	0	0	0
5482	0	0	0	5
5483	0	5	0	0
5484	4	0	1	0
5485	5	0	0	0
5486	5	0	0	0
5487	0	0	5	0
5488	0	4	0	0
5489	4	0	0	0
5490	0	0	2	0
5491	0	0	0	2
5492	1	0	0	0
5493	1	0	0	0
5494	0	0	1	0
5495	0	0	0	1
5496	1	0	0	0
5497	0	0	0	1
5522	0	0	1	0
5523	1	0	0	0
5524	0	0	1	0
5525	0	0	0	1
5526	1	0	0	0
5527	0	0	1	0
5528	1	0	0	0
5529	0	0	0	1
5530	0	0	0	1
5531	1	0	0	0
5532	0	0	0	1
5533	1	0	0	0
5534	0	0	2	0
5535	2	0	0	0
5536	0	0	0	2
5537	0	0	0	2
5538	2	0	0	0
5539	0	0	2	0
5540	0	0	2	0
5541	2	0	0	0
5542	0	0	2	0
5543	0	0	0	2
5544	2	0	0	0
5545	0	0	2	0
5546	0	0	2	0
5547	2	0	0	0
5548	0	0	2	0
5549	0	2	0	0
5550	2	0	0	0
5551	0	0	0	2
5552	0	0	0	2
5553	0	0	2	0
5554	2	0	0	0
5555	0	0	0	2
5556	2	0	0	0
5557	0	0	2	0
5558	0	0	0	4
5559	4	0	0	0
5560	0	0	4	0
5561	0	4	0	0
5562	4	0	0	0
5563	0	3	0	0
5564	0	0	0	4
5565	4	0	0	0
5566	4	0	0	0
5567	0	0	0	4
5568	0	4	0	0
5569	0	0	0	4
5570	0	0	0	4
5571	4	0	0	0
5572	4	0	0	0
5573	0	4	0	0
5574	4	0	0	0
5575	4	0	0	0
5576	0	0	0	4
5577	4	0	0	0
5578	0	0	3	0
5579	0	0	0	4
5580	0	0	0	4
5581	0	0	4	0
5582	0	0	0	4
5583	0	0	3	0
5584	0	0	0	4
5585	0	0	4	0
5586	0	0	4	0
5587	4	0	0	0
5588	0	0	0	4
5589	0	4	0	0
5590	4	0	0	0
5591	0	0	0	4
5592	4	0	0	0
5593	0	0	5	0
5594	0	5	0	0
5595	5	0	0	0
5596	0	0	0	5
5597	5	0	0	0
5598	0	0	0	5
5599	2	3	0	0
5600	0	0	0	5
5601	5	0	0	0
5602	0	0	5	0
5603	5	0	0	0
5604	5	0	0	0
5605	0	0	0	5
5606	4	0	0	0
5607	0	0	0	4
5608	4	0	0	0
5609	0	0	4	0
5610	1	0	3	0
5611	4	0	0	0
5612	4	0	0	0
5613	4	0	0	0
5614	0	3	0	1
5615	0	0	0	5
5616	1	0	4	0
5617	0	0	1	4
5618	0	0	0	5
5619	5	0	0	0
5620	5	0	0	0
5621	1	0	4	0
5622	5	0	0	0
5623	0	5	0	0
5624	5	0	0	0
5625	5	0	0	0
5626	5	0	0	0
5627	0	0	5	0
5628	1	0	1	0
5629	2	0	0	0
5630	1	0	1	0
5631	2	0	0	0
5632	2	0	0	0
5633	0	0	0	2
5634	2	0	0	0
5635	0	0	2	0
5636	2	0	0	0
5637	0	1	0	1
5638	1	0	0	1
5639	0	0	1	1
5640	0	0	1	1
5641	0	0	0	2
5642	0	0	0	2
5643	2	0	0	0
5644	2	0	0	0
5645	0	0	0	2
5646	0	0	0	2
5647	1	1	0	0
5648	2	0	0	0
5649	2	0	0	0
5650	2	0	0	0
5651	0	0	2	0
5652	2	0	0	0
5653	2	0	0	0
5654	0	0	0	2
5655	0	0	0	2
5656	2	0	0	0
5657	0	0	2	0
5658	0	0	2	0
5659	0	0	2	0
5660	2	0	0	0
5661	2	0	0	0
5662	2	0	0	0
5663	0	0	2	0
5664	1	0	0	1
5665	0	0	2	0
5666	0	2	0	0
5667	2	0	0	0
5668	0	0	1	0
5669	1	0	0	0
5670	1	0	0	0
5671	0	0	1	0
5672	1	0	0	0
5673	0	1	0	0
5674	1	0	0	0
5675	0	0	1	0
5676	0	0	0	1
5677	0	0	1	0
5678	0	0	1	0
5679	0	1	0	0
5680	1	0	0	0
5681	1	0	0	0
5682	0	0	0	1
5683	0	0	1	0
5684	1	0	0	0
5685	0	0	1	0
5686	1	0	0	0
5693	0	0	1	0
5694	0	0	1	0
5695	0	0	1	0
5696	1	0	0	0
5697	0	0	0	1
5698	1	0	0	0
5699	0	1	0	0
5700	0	0	0	1
5701	0	0	1	0
5702	1	0	0	0
5703	0	0	1	0
5704	0	0	1	0
5705	1	0	0	0
5706	1	0	0	0
5707	0	0	0	1
5708	0	0	0	1
5709	0	0	1	0
5710	0	0	0	1
5711	0	1	0	0
5712	1	0	0	0
5713	1	0	0	0
5714	0	1	0	0
5715	1	0	0	0
5716	1	0	0	0
5717	0	0	0	1
5718	0	0	1	0
5719	0	0	1	0
5720	0	0	0	1
5721	0	0	1	0
5722	0	0	1	0
5723	1	0	0	0
5724	0	0	0	1
5725	1	0	0	0
5726	0	0	0	1
5727	0	0	1	0
5728	0	0	1	0
5729	0	0	1	0
5730	0	0	1	0
5731	1	0	0	0
5732	0	1	0	0
5733	0	0	0	2
5734	0	2	0	0
5735	0	0	0	2
5736	0	0	0	2
5737	2	0	0	0
5738	0	0	2	0
5739	0	0	2	0
5740	0	1	0	0
5741	0	0	0	2
5742	0	0	0	2
5743	0	0	0	2
5744	0	0	0	2
5745	0	0	2	0
5746	0	0	2	0
5747	2	0	0	0
5748	0	0	0	2
5749	0	0	2	0
5750	0	2	0	0
5751	0	0	0	2
5752	2	0	0	0
5753	2	0	0	0
5754	0	0	0	2
5755	0	0	2	0
5756	2	0	0	0
5757	0	0	0	2
5758	0	0	0	2
5759	0	0	0	2
5760	2	0	0	0
5761	0	0	0	2
5762	2	0	0	0
5763	2	0	0	0
5764	0	0	0	2
5765	0	0	1	0
5766	0	0	0	1
5767	0	0	1	0
5768	0	0	1	0
5769	0	1	0	0
5770	0	0	1	0
5771	0	0	1	0
5772	0	0	1	0
5773	1	0	0	0
5774	1	0	0	0
5775	1	0	0	0
5776	0	1	0	0
5777	0	0	0	1
5778	0	0	0	1
5779	0	0	1	0
5780	0	0	0	1
5781	0	0	1	0
5782	0	0	1	0
5783	0	0	1	0
5784	0	0	0	1
5785	0	1	0	0
5786	1	0	0	0
5787	0	2	0	0
5788	2	0	0	0
5789	0	0	2	0
5790	0	0	0	2
5791	0	2	0	0
5792	0	0	0	2
5793	2	0	0	0
5794	0	0	0	2
5795	0	0	0	2
5796	2	0	0	0
5797	0	0	0	2
5798	0	0	2	0
5799	0	0	2	0
5800	0	0	1	0
5801	0	0	1	0
5802	0	0	0	1
5803	1	0	0	0
5804	0	1	0	0
5805	0	1	0	0
5806	0	0	0	1
5807	0	0	1	0
5808	0	0	0	1
5809	0	0	1	0
5810	0	0	0	1
5811	0	0	1	0
5812	0	0	1	0
5813	1	0	0	0
5814	1	0	0	0
5815	1	0	0	0
5816	0	0	1	0
5817	1	0	0	0
5818	1	0	0	0
5819	0	0	1	0
5820	0	1	0	0
5821	0	0	0	1
5822	1	0	0	0
5823	1	0	0	0
5824	1	0	0	0
5825	1	0	0	0
5826	0	1	0	0
5827	0	1	0	0
5828	1	0	0	0
5829	0	1	0	0
5830	0	0	0	1
5831	0	1	0	0
5832	0	0	0	1
5833	1	0	0	0
5834	0	0	0	1
5835	0	0	0	1
5836	0	1	0	0
5837	0	0	0	1
5838	0	0	1	0
5839	0	0	0	1
5840	0	0	1	0
5841	0	1	0	0
5842	1	0	0	0
5843	0	0	0	1
5844	0	1	0	0
5845	1	0	0	0
5846	0	0	1	0
5847	1	0	0	0
5848	0	0	0	1
5849	0	0	1	0
5850	0	1	0	0
5851	0	0	0	1
5852	1	0	0	0
5853	1	0	0	0
5854	1	0	0	0
5855	0	0	1	0
5856	0	1	0	0
5857	1	0	0	0
5943	0	0	0	1
5944	1	0	0	0
5945	1	0	0	0
5946	0	1	0	0
5947	1	0	0	0
5948	0	0	1	0
5949	1	0	0	0
5950	1	0	0	0
5951	1	0	0	0
5952	1	0	0	0
5953	0	0	0	1
5954	0	0	0	1
5955	0	0	0	1
5956	0	0	0	1
5957	1	0	0	0
5958	1	0	0	0
5959	0	0	0	1
5960	1	0	0	0
5961	0	0	0	1
5962	0	0	1	0
5963	0	0	0	1
5964	0	0	1	0
5965	0	0	1	0
5966	1	0	0	0
5967	1	0	0	0
5968	1	0	0	0
5969	1	0	0	0
5970	1	0	0	0
5971	0	0	0	1
5972	0	0	1	0
5973	1	0	0	0
5974	0	1	0	0
5975	1	0	0	0
5976	0	0	0	1
5977	0	0	1	0
5978	0	0	1	0
5979	0	0	0	1
5980	0	0	1	0
5981	0	0	1	0
5982	1	0	0	0
5983	0	0	0	1
5984	0	1	0	0
5985	1	0	0	0
5986	0	0	1	0
5987	1	0	0	0
5988	0	0	0	1
5989	0	0	1	0
5990	0	1	0	0
5991	1	0	0	0
5992	0	0	0	1
5993	0	0	1	0
5994	1	0	0	0
5995	0	0	1	0
5996	0	0	1	0
5997	1	0	0	0
5998	0	0	0	1
5999	1	0	0	0
6000	0	0	0	1
6001	1	0	0	0
6002	1	0	0	0
6003	0	0	0	1
6004	0	1	0	0
6005	1	0	0	0
6006	0	0	1	0
6007	0	0	0	1
6008	0	0	0	1
6009	0	0	0	1
6010	1	0	0	0
6011	0	0	0	1
6012	0	0	1	0
6013	0	0	1	0
6014	0	0	0	0
6015	1	0	0	0
6117	0	0	0	1
6118	0	0	1	0
6119	1	0	0	0
6120	1	0	0	0
6121	0	0	1	0
6122	1	0	0	0
6123	1	0	0	0
6124	0	1	0	0
6125	0	0	0	1
6126	1	0	0	0
6127	1	0	0	0
6128	1	0	0	0
6129	1	0	0	0
6130	1	0	0	0
6131	1	0	0	0
6132	0	0	0	1
6133	0	0	0	1
6134	0	0	1	0
6135	0	1	0	0
6136	0	0	0	1
6137	0	1	0	0
6138	0	0	0	1
6139	0	0	0	1
6140	0	0	0	1
6141	0	1	0	0
6142	1	0	0	0
6143	1	0	0	0
6144	0	0	0	1
6145	1	0	0	0
6146	0	1	0	0
6147	1	0	0	0
6148	1	0	0	0
6149	0	1	0	0
6158	0	0	0	1
6159	1	0	0	0
6160	1	0	0	0
6161	0	0	1	0
6162	1	0	0	0
6163	0	0	1	0
6164	1	0	0	0
6165	0	0	0	1
6166	1	0	0	0
6167	1	0	0	0
6168	0	0	1	0
6169	1	0	0	0
6170	1	0	0	0
6171	1	0	0	0
6172	0	1	0	0
6173	1	0	0	0
6174	0	0	1	0
6175	0	1	0	0
6176	1	0	0	0
6177	2	0	0	0
6178	0	0	2	0
6179	0	0	0	2
6180	0	0	2	0
6181	0	0	0	2
6182	2	0	0	0
6183	0	0	0	2
6184	0	0	2	0
6185	0	2	0	0
6186	2	0	0	0
6187	0	2	0	0
6188	0	0	0	2
6189	0	0	0	2
6190	0	0	0	2
6191	0	0	0	2
6192	0	0	0	2
6193	0	0	0	2
6194	2	0	0	0
6195	0	0	0	2
6196	2	0	0	0
6197	2	0	0	0
6198	2	0	0	0
6199	0	0	0	2
6200	0	2	0	0
6201	0	0	0	2
6202	0	0	2	0
6203	2	0	0	0
6204	0	0	0	2
6205	0	0	2	0
6206	0	0	0	2
6207	2	0	0	0
6208	2	0	0	0
6209	0	0	0	2
6210	2	0	0	0
6211	0	2	0	0
6212	0	2	0	0
6213	2	0	0	0
6214	0	2	0	0
6215	0	0	0	2
6216	0	0	0	2
6217	0	0	2	0
6218	2	0	0	0
6219	0	0	0	2
6220	2	0	0	0
6221	2	0	0	0
6222	2	0	0	0
6223	2	0	0	0
6224	2	0	0	0
6225	0	0	0	2
6226	2	0	0	0
6227	2	0	0	0
6287	0	1	0	0
6288	1	0	0	0
6289	1	0	0	0
6290	1	0	0	0
6291	0	0	1	0
6292	0	0	1	0
6293	0	0	0	1
6294	0	1	0	0
6295	0	0	0	1
6296	0	1	0	0
6297	0	0	0	1
6298	0	0	0	1
6299	0	0	0	1
6300	0	0	0	1
6301	0	0	1	0
6302	1	0	0	0
6303	0	1	0	0
6304	0	1	0	0
6305	0	1	0	0
6306	1	0	0	0
6307	1	0	0	0
6308	0	0	0	1
6309	0	0	0	1
6310	0	1	0	0
6311	0	1	0	0
6312	0	0	0	1
6313	1	0	0	0
6314	0	0	0	1
6315	1	0	0	0
6316	0	1	0	0
6317	1	0	0	0
6318	0	0	0	1
6319	0	0	0	1
6320	1	0	0	0
6321	0	0	0	1
6322	0	0	0	1
6323	0	0	1	0
6324	0	0	0	1
6325	0	0	1	0
6326	0	1	0	0
6327	0	0	0	1
6328	0	1	0	0
6329	0	1	0	0
6330	1	0	0	0
6331	0	0	1	0
6332	0	1	0	0
6333	0	0	0	1
6334	0	0	1	0
6335	0	0	1	0
6336	0	0	0	1
6337	0	0	0	1
6338	1	0	0	0
6339	0	0	0	1
6340	0	0	1	0
6341	0	1	0	0
6342	0	0	1	0
6343	1	0	0	0
6344	0	0	0	1
6345	0	0	0	1
6346	0	1	0	0
6347	0	0	0	1
6348	1	0	0	0
6349	1	0	0	0
6350	1	0	0	0
6351	0	0	1	0
6352	0	0	0	1
6353	0	0	1	0
6354	0	0	0	1
6355	1	0	0	0
6356	1	0	0	0
6357	0	0	0	1
6509	1	0	0	0
6510	0	0	0	1
6511	0	0	1	0
6512	0	1	0	0
6513	0	1	0	0
6514	1	0	0	0
6515	1	0	0	0
6516	1	0	0	0
6517	1	0	0	0
6518	0	1	0	0
6519	1	0	0	0
6520	1	0	0	0
6521	0	0	0	1
6522	1	0	0	0
6523	1	0	0	0
6524	0	0	0	1
6525	1	0	0	0
6526	0	0	1	0
6527	0	0	0	1
6528	1	0	0	0
6529	0	1	0	0
6530	1	0	0	0
6531	0	0	0	1
6532	0	1	0	0
6533	0	0	0	1
6534	0	0	0	1
6535	1	0	0	0
6536	1	0	0	0
6537	0	0	0	1
6538	1	0	0	0
6539	1	0	0	0
6540	1	0	0	0
6541	0	0	0	1
6542	0	1	0	0
6543	0	0	0	1
6544	0	0	1	0
6545	0	0	0	1
6546	1	0	0	0
6547	0	0	1	0
6548	1	0	0	0
6549	1	0	0	0
6550	1	0	0	0
6551	0	0	0	1
6552	0	0	0	1
6553	0	0	1	0
6554	0	0	0	1
6555	0	0	1	0
6556	0	0	0	1
6557	0	0	1	0
6558	0	0	0	1
6559	1	0	0	0
6560	0	0	0	1
6561	1	0	0	0
6562	1	0	0	0
6563	0	0	0	0
6564	1	0	0	0
6565	0	1	0	0
6566	0	1	0	0
6567	0	1	0	0
6568	1	0	0	0
6569	1	0	0	0
6570	0	1	0	0
6571	1	0	0	0
6572	1	0	0	0
6573	0	0	0	1
6574	1	0	0	0
6575	1	0	0	0
6576	0	0	0	1
6577	1	0	0	0
6578	0	1	0	0
6579	1	0	0	0
6580	1	0	0	0
6581	0	0	1	0
6582	0	0	1	0
6583	1	0	0	0
6584	1	0	0	0
6585	1	0	0	0
6586	1	0	0	0
6587	0	0	1	0
6588	0	1	0	0
6589	1	0	0	0
6590	0	0	0	1
6591	1	0	0	0
6592	1	0	0	0
6593	0	0	1	0
6594	0	0	1	0
6595	1	0	0	0
6596	0	0	0	1
6597	1	0	0	0
6598	0	0	1	0
6599	0	0	1	0
6600	1	0	0	0
6601	0	1	0	0
6602	0	1	0	0
6603	1	0	0	0
6604	0	0	1	0
6605	0	0	1	0
6606	1	0	0	0
6607	0	1	0	0
6608	1	0	0	0
6609	1	0	0	0
6610	0	0	1	0
6611	0	1	0	0
6612	1	0	0	0
6613	0	0	0	1
6614	0	0	0	1
6615	0	1	0	0
6616	0	0	0	1
6617	1	0	0	0
6618	0	0	0	1
6619	0	0	1	0
6620	0	1	0	0
6621	1	0	0	0
6622	1	0	0	0
6623	0	1	0	0
6624	1	0	0	0
6707	1	0	0	0
6708	1	0	0	0
6709	1	0	0	0
6710	1	0	0	0
6711	1	0	0	0
6712	0	0	0	1
6713	0	0	0	1
6714	1	0	0	0
6715	1	0	0	0
6716	1	0	0	0
6717	1	0	0	0
6718	0	0	1	0
6719	0	0	1	0
6720	1	0	0	0
6721	0	1	0	0
6722	1	0	0	0
6723	0	1	0	0
6724	0	0	0	1
6725	1	0	0	0
6726	0	1	0	0
6727	0	0	0	0
6728	0	0	0	0
6729	0	0	0	0
6730	1	0	0	0
6731	1	0	0	0
6732	0	0	0	1
6733	1	0	0	0
6734	0	1	0	0
6735	1	0	0	0
6736	1	0	0	0
6737	0	1	0	0
6738	1	0	0	0
6739	1	0	0	0
6740	0	0	0	1
6741	1	0	0	0
6742	1	0	0	0
6743	1	0	0	0
6744	1	0	0	0
6745	0	0	0	1
6746	0	0	0	1
6747	0	0	0	1
6748	0	1	0	0
6749	1	0	0	0
6750	1	0	0	0
6751	0	1	0	0
6752	0	1	0	0
6753	1	0	0	0
6754	0	0	0	1
6755	0	1	0	0
6756	0	1	0	0
6757	0	0	0	1
6758	0	1	0	0
6759	1	0	0	0
6760	0	0	1	0
6761	0	0	1	0
6762	1	0	0	0
6763	0	0	3	0
6764	0	0	3	0
6765	0	0	3	0
6766	0	0	4	0
6767	4	0	0	0
6768	0	0	0	3
6769	0	4	0	0
6770	0	0	0	4
6771	4	0	0	0
6772	0	0	4	0
6773	4	0	0	0
6774	4	0	0	0
6775	0	0	3	0
6776	0	0	0	4
6777	0	0	0	3
6778	4	0	0	0
6779	0	5	0	0
6780	5	0	0	0
6781	6	0	0	0
6782	0	6	0	0
6783	6	0	0	0
6784	0	6	0	0
6785	6	0	0	0
6786	0	0	0	6
6787	6	0	0	0
6788	0	0	6	0
6789	0	0	0	6
6790	0	0	0	6
6791	0	0	1	5
6792	0	0	0	6
6793	7	0	0	0
6794	7	0	0	0
6795	0	0	0	6
6796	0	0	0	7
6797	0	0	6	0
6798	0	4	0	3
6799	7	0	0	0
6800	0	0	7	0
6801	8	0	0	0
6802	0	0	8	0
6803	0	0	8	0
6804	8	0	0	0
6805	0	0	8	0
6806	8	0	0	0
6807	8	0	0	0
6808	0	0	0	8
6809	0	0	0	8
6810	0	0	0	8
6811	0	0	0	8
6812	0	0	0	8
6813	0	8	0	0
6814	0	0	0	8
6815	8	0	0	0
6816	0	0	0	8
6817	0	0	0	8
6818	0	0	8	0
6819	0	8	0	0
6820	4	0	3	0
6821	8	0	0	0
6822	0	0	0	8
6823	8	0	0	0
6824	0	8	0	0
6825	8	0	0	0
6826	3	0	0	0
6827	0	3	0	0
6828	3	0	0	0
6829	2	0	0	0
6830	0	0	2	0
6831	0	0	2	0
6832	0	2	0	0
6833	0	0	0	2
6834	0	0	2	0
6835	0	0	0	2
6836	0	0	0	2
6837	0	2	0	0
6838	2	0	0	0
6839	2	0	0	0
6840	0	0	0	2
6841	0	0	0	0
6842	0	0	1	0
6843	0	0	0	0
6844	1	0	0	0
6845	0	1	0	0
6846	1	0	0	0
6847	0	0	1	0
6848	0	0	0	1
6849	0	0	1	0
6850	1	0	0	0
6851	1	0	0	0
6852	0	0	0	0
6853	1	0	0	0
6854	0	1	0	0
6855	0	1	0	0
6856	1	0	0	0
6857	1	0	0	0
6858	0	0	1	0
6859	1	0	0	0
6860	0	1	0	0
6861	0	1	0	0
6862	1	0	0	0
6863	1	0	0	0
6864	0	0	0	1
6865	0	0	1	0
6866	0	0	1	0
6867	0	0	0	1
6868	0	0	0	1
6869	0	1	0	0
6870	1	0	0	0
6871	1	0	0	0
6872	0	1	0	0
6873	0	1	0	0
6874	1	0	0	0
6875	1	0	0	0
6876	0	0	0	1
6877	0	0	1	0
6878	1	0	0	0
6879	0	0	1	0
6880	1	0	0	0
6881	0	1	0	0
6882	1	0	0	0
6883	2	0	0	0
6884	0	0	0	2
6885	0	1	0	0
6886	2	0	0	0
6887	0	1	0	1
6888	2	0	0	0
6889	0	2	0	0
6890	0	0	0	2
6891	0	2	0	0
6892	0	1	0	0
6893	0	2	0	0
6894	2	0	0	0
6895	0	0	0	2
6896	0	0	2	0
6897	0	2	0	0
6898	2	0	0	0
6899	2	0	0	0
6900	2	0	0	0
6901	2	0	0	0
6902	0	0	0	2
6903	2	0	0	0
6904	2	0	0	0
6905	2	0	0	0
6906	0	0	2	0
6907	0	2	0	0
6908	2	0	0	0
6909	2	0	0	0
6910	2	0	0	0
6911	0	0	0	2
6912	0	0	0	2
6913	2	0	0	0
6914	0	0	0	2
6915	2	0	0	0
6916	2	0	0	0
6917	1	0	0	0
6918	0	1	0	0
6919	2	0	0	0
6920	0	0	0	2
6921	0	0	2	0
6922	0	0	0	2
6923	1	0	1	0
6924	0	0	2	0
6925	0	2	0	0
6926	2	0	0	0
6927	0	0	1	0
6930	0	0	1	0
6931	0	0	1	0
6932	0	0	0	1
6933	1	0	0	0
6934	0	0	1	0
6935	0	0	1	0
6936	1	0	0	0
6937	0	1	0	0
6938	0	0	1	0
6939	1	0	0	0
6940	0	0	1	0
6941	0	1	0	0
6942	1	0	0	0
6943	1	0	0	0
6944	0	0	0	1
6945	0	0	1	0
6946	0	0	0	1
6947	1	0	0	0
6948	0	0	0	1
6949	0	0	1	0
6950	0	2	0	0
6951	0	4	0	0
6952	0	3	0	0
6953	0	4	0	0
6954	0	0	0	4
6955	0	4	0	0
6956	0	5	0	0
6957	0	5	0	0
6958	6	0	0	0
6959	0	0	0	6
6960	0	0	0	5
6961	0	0	6	0
6962	0	6	0	0
6963	6	0	0	0
6964	0	0	6	0
6965	0	0	6	0
6966	6	0	0	0
6967	6	0	0	0
6968	6	0	0	0
6969	0	5	0	0
6970	6	0	0	0
6971	0	0	0	6
6972	6	0	0	0
6973	6	0	0	0
6974	4	2	0	0
6975	6	0	0	0
6976	0	0	0	6
6977	0	0	6	0
6978	0	5	0	0
6979	6	0	0	0
6980	6	0	0	0
6981	0	0	0	6
6982	0	0	0	6
6983	0	6	0	0
6984	9	0	0	0
6985	9	0	0	0
6986	9	0	0	0
6987	0	0	0	10
6988	10	0	0	0
6989	0	0	0	9
6990	0	9	0	0
6991	10	0	0	0
6992	0	9	0	0
6993	10	0	0	0
6994	0	0	9	0
6995	0	0	10	0
6996	10	0	0	0
6997	0	10	0	0
6998	0	0	0	10
6999	10	0	0	0
7000	0	0	0	9
7001	0	0	0	8
7002	9	0	0	0
7003	0	0	0	10
7004	0	0	0	10
7005	2	0	7	0
7006	0	0	10	0
7007	0	0	0	10
7008	10	0	0	0
7009	0	10	0	0
7010	0	0	10	0
7011	0	0	0	9
7012	0	0	9	0
7013	10	0	0	0
7014	0	0	0	10
7015	0	0	10	0
7016	0	0	9	0
7017	10	0	0	0
7018	0	0	10	0
7019	0	0	10	0
7020	8	0	0	0
7021	5	0	0	0
7022	6	0	0	0
7038	1	0	0	0
7039	0	0	1	0
7040	1	0	0	0
7041	0	0	1	0
7042	1	0	0	0
7043	0	1	0	0
7044	1	0	0	0
7045	0	0	0	1
7046	0	0	0	1
7047	0	1	0	0
7048	1	0	0	0
7049	0	0	1	0
7050	1	0	0	0
7051	0	1	0	0
7052	0	1	0	0
7053	0	0	0	1
7054	0	0	1	0
7055	0	0	1	0
7056	1	0	0	0
7057	0	0	1	0
7058	0	0	1	0
7059	1	0	0	0
7060	0	0	1	0
7061	0	0	1	0
7062	1	0	0	0
7063	1	0	0	0
7064	1	0	0	0
7065	0	0	0	1
7066	1	0	0	0
7067	0	0	0	1
7068	0	0	1	0
7069	1	0	0	0
7070	1	0	0	0
7071	0	0	1	0
7072	0	0	1	0
7073	1	0	0	0
7074	0	0	0	1
7075	1	0	0	0
7076	1	0	0	0
7077	0	0	0	1
7078	0	0	0	1
7079	0	0	1	0
7080	0	0	1	0
7081	1	0	0	0
7090	0	0	0	1
7091	0	0	0	1
7092	2	0	0	0
7093	0	0	0	2
7094	2	0	0	0
7095	0	2	0	0
7096	2	0	0	0
7097	2	0	0	0
7098	2	0	0	0
7099	0	0	0	2
7100	2	0	0	0
7101	0	0	0	2
7102	2	0	0	0
7103	2	0	0	0
7104	2	0	0	0
7105	0	0	2	0
7106	0	0	0	2
7107	0	0	2	0
7108	0	0	2	0
7109	0	0	0	2
7110	2	0	0	0
7111	0	0	2	0
7112	2	0	0	0
7113	2	0	0	0
7114	2	0	0	0
7115	0	0	0	2
7116	0	0	0	2
7117	2	0	0	0
7118	2	0	0	0
7119	0	0	2	0
7120	0	2	0	0
7121	0	2	0	0
7122	2	0	0	0
7123	0	0	0	2
7124	0	0	0	2
7125	0	0	2	0
7126	0	0	2	0
7127	0	0	2	0
7128	2	0	0	0
7129	2	0	0	0
7130	0	0	0	2
7131	2	0	0	0
7132	0	0	2	0
7133	0	2	0	0
7134	2	0	0	0
7135	0	2	0	0
7136	0	2	0	0
7137	0	2	0	0
7138	2	0	0	0
7139	0	1	0	0
7140	0	2	0	0
7141	0	0	2	0
7142	2	0	0	0
7143	0	0	2	0
7144	0	0	2	0
7145	0	2	0	0
7146	2	0	0	0
7147	2	0	0	0
7148	2	0	0	0
7149	2	0	0	0
7150	2	0	0	0
7151	0	0	2	0
7152	0	0	2	0
7153	2	0	0	0
7154	0	0	2	0
7155	2	0	0	0
7156	0	0	2	0
7157	0	0	0	2
7158	0	0	2	0
7159	1	0	1	0
7160	0	0	0	2
7161	1	0	1	0
7162	0	0	2	0
7163	2	0	0	0
7164	0	0	2	0
7165	1	0	0	0
7232	0	0	0	1
7233	0	0	1	0
7234	0	0	1	0
7235	0	0	1	0
7236	0	1	0	0
7237	0	0	1	0
7238	0	1	0	0
7239	0	0	1	0
7240	0	0	1	0
7241	0	1	0	0
7242	0	0	1	0
7243	0	0	0	1
7244	0	1	0	0
7245	1	0	0	0
7246	1	0	0	0
7247	0	0	0	1
7248	1	0	0	0
7249	1	0	0	0
7250	0	1	0	0
7251	0	0	1	0
7252	0	1	0	0
7253	0	0	0	1
7254	0	0	1	0
7255	1	0	0	0
7256	0	1	0	0
7257	0	0	1	0
7258	0	0	1	0
7259	0	0	0	1
7260	1	0	0	0
7261	0	1	0	0
7262	1	0	0	0
7263	0	0	1	0
7264	0	0	1	0
7265	0	1	0	0
7266	0	1	0	0
7267	1	0	0	0
7268	0	0	1	0
7269	1	0	0	0
7270	0	1	0	0
7271	1	0	0	0
7272	1	0	0	0
7273	0	1	0	0
7274	0	0	0	1
7275	0	0	1	0
7276	0	0	0	1
7277	0	0	0	1
7278	0	0	1	0
7279	0	0	0	1
7280	0	1	0	0
7281	0	0	0	1
7282	0	0	1	0
7283	0	0	1	0
7284	0	0	0	1
7285	1	0	0	0
7286	0	0	0	1
7287	1	0	0	0
7288	0	0	1	0
7289	0	0	0	1
7290	0	0	1	0
7291	0	1	0	0
7292	1	0	0	0
7293	1	0	0	0
7294	0	1	0	0
7295	1	0	0	0
7296	0	0	1	0
7297	0	1	0	0
7298	1	0	0	0
7299	1	0	0	0
7300	1	0	0	0
7301	0	0	1	0
7302	0	1	0	0
7303	1	0	0	0
7304	1	0	0	0
7503	1	0	0	0
7504	0	0	1	0
7505	1	0	0	0
7506	0	0	1	0
7507	1	0	0	0
7508	0	0	0	0
7509	0	0	0	1
7510	0	0	0	1
7511	0	0	1	0
7512	0	0	1	0
7513	0	0	1	0
7514	1	0	0	0
7515	0	0	0	1
7516	1	0	0	0
7517	1	0	0	0
7518	0	1	0	0
7519	1	0	0	0
7520	0	0	0	1
7521	0	0	1	0
7522	1	0	0	0
7523	0	1	0	0
7524	0	1	0	0
7525	0	0	0	1
7526	0	0	2	0
7527	0	0	2	0
7528	2	0	0	0
7529	0	0	0	2
7530	0	0	2	0
7531	0	2	0	0
7532	2	0	0	0
7533	0	0	2	0
7534	0	0	0	2
7535	0	0	2	0
7536	0	0	2	0
7537	0	0	2	0
7538	2	0	0	0
7539	0	0	0	2
7540	2	0	0	0
7541	0	0	2	0
7542	0	0	2	0
7543	0	0	2	0
7544	2	0	0	0
7545	2	0	0	0
7546	2	0	0	0
7547	0	0	0	2
7548	0	0	0	2
7549	2	0	0	0
7550	0	0	2	0
7551	0	0	0	2
7552	2	0	0	0
7553	2	0	0	0
7554	0	0	0	2
7555	0	0	0	2
7556	2	0	0	0
7557	0	0	0	2
7558	2	0	0	0
7559	0	2	0	0
7560	2	0	0	0
7561	0	0	0	2
7562	2	0	0	0
7563	0	2	0	0
7564	2	0	0	0
7565	0	2	0	0
7566	2	0	0	0
7567	2	0	0	0
7568	0	0	0	2
7569	2	0	0	0
7570	0	0	0	2
7571	1	0	0	0
7572	0	1	0	0
7573	1	0	0	0
7574	0	0	1	0
7575	0	1	0	0
7576	0	0	0	1
7577	0	0	0	1
7578	0	0	1	0
7579	0	1	0	0
7580	0	0	0	1
7581	0	0	0	0
7582	0	0	1	0
7583	1	0	0	0
7584	1	0	0	0
7585	1	0	0	0
7586	1	0	0	0
7587	1	0	0	0
7588	0	0	0	1
7589	0	1	0	0
7590	0	0	1	0
7591	0	1	0	0
7592	1	0	0	0
7593	0	0	1	0
7594	1	0	0	0
7595	1	0	0	0
7596	0	1	0	0
7597	0	1	0	0
7598	1	0	0	0
7599	0	0	1	0
7600	0	1	0	0
7621	0	0	0	1
7622	0	0	0	1
7623	1	0	0	0
7624	0	0	0	1
7625	0	0	0	1
7626	1	0	0	0
7627	0	0	1	0
7628	0	1	0	0
7629	1	0	0	0
7630	0	1	0	0
7631	0	0	0	1
7632	0	0	1	0
7633	0	0	1	0
7634	1	0	0	0
7635	0	1	0	0
7636	1	0	0	0
7637	1	0	0	0
7638	0	0	1	0
7639	0	0	0	1
7640	0	0	2	0
7641	0	0	2	0
7642	2	0	0	0
7643	2	0	0	0
7644	2	0	0	0
7645	2	0	0	0
7646	2	0	0	0
7647	0	0	0	2
7648	0	2	0	0
7649	0	0	0	2
7650	0	0	2	0
7651	0	0	0	2
7652	0	0	2	0
7653	0	0	2	0
7654	2	0	0	0
7655	1	0	1	0
7656	0	0	0	2
7657	0	0	0	2
7658	0	0	2	0
7659	0	0	2	0
7660	0	0	0	2
7661	0	0	0	2
7662	0	0	0	2
7663	0	0	2	0
7664	2	0	0	0
7665	0	2	0	0
7666	2	0	0	0
7667	0	0	0	2
7668	2	0	0	0
7669	0	0	0	2
7670	0	2	0	0
7671	2	0	0	0
7672	2	0	0	0
7673	2	0	0	0
7674	0	1	0	1
7675	0	0	0	2
7676	0	0	2	0
7677	0	0	2	0
7678	0	2	0	0
7679	0	0	0	1
7680	0	0	1	0
7681	0	0	0	1
7682	0	0	1	0
7683	0	0	1	0
7684	0	0	0	1
7685	1	0	0	0
7686	0	0	0	1
7687	1	0	0	0
7688	0	0	0	1
7689	1	0	0	0
7690	1	0	0	0
7691	0	0	1	0
7692	1	0	0	0
7693	1	0	0	0
7694	0	0	0	1
7695	1	0	0	0
7696	0	0	0	1
7697	0	0	0	1
7698	0	1	0	0
7699	1	0	0	0
7700	0	0	0	1
7701	1	0	0	0
7702	1	0	0	0
7703	0	0	0	1
7704	0	0	1	0
7705	1	0	0	0
7706	0	0	0	1
7707	1	0	0	0
7708	0	0	1	0
7709	0	0	0	1
7710	1	0	0	0
7711	0	0	1	0
7761	0	0	0	1
7762	1	0	0	0
7763	0	0	1	0
7764	1	0	0	0
7765	0	0	1	0
7766	0	0	0	1
7767	0	0	0	1
7768	1	0	0	0
7769	0	0	1	0
7770	0	0	1	0
7771	0	1	0	0
7772	1	0	0	0
7773	0	0	1	0
7774	0	0	1	0
7775	0	0	1	0
7776	1	0	0	0
7777	0	0	0	1
7778	1	0	0	0
7779	0	1	0	0
7780	0	0	0	1
7781	0	1	0	0
7782	1	0	0	0
7783	0	1	0	0
7784	0	1	0	0
7785	0	0	0	0
7786	0	0	0	1
7787	0	0	0	1
7788	0	0	1	0
7789	0	0	0	1
7790	0	1	0	0
7791	0	0	1	0
7792	0	0	0	1
7793	0	0	0	1
7794	0	0	0	1
7795	0	1	0	0
7796	1	0	0	0
7797	0	0	1	0
7798	1	0	0	0
7799	0	1	0	0
7800	0	1	0	0
7801	0	1	0	0
7802	0	0	0	1
7803	0	0	0	1
7804	1	0	0	0
7805	0	1	0	0
7806	0	1	0	0
7807	0	1	0	0
7808	0	1	0	0
7809	1	0	0	0
7810	1	0	0	0
7811	1	0	0	0
7812	0	1	0	0
7813	0	1	0	0
7814	0	1	0	0
7815	0	0	1	0
7816	1	0	0	0
7817	0	0	1	0
7818	0	0	1	0
7819	0	0	1	0
7820	0	0	1	0
7821	1	0	0	0
7822	0	1	0	0
7823	0	1	0	0
7824	0	1	0	0
7825	0	0	1	0
7826	1	0	0	0
7827	0	1	0	0
7828	1	0	0	0
7829	0	0	1	0
7830	0	0	1	0
7831	0	1	0	0
7844	1	0	0	0
7845	1	0	0	0
7846	0	0	1	0
7847	1	0	0	0
7848	1	0	0	0
7849	0	0	1	0
7850	1	0	0	0
7851	1	0	0	0
7852	0	0	1	0
7853	0	0	1	0
7854	0	0	0	1
7855	0	0	1	0
7856	0	0	1	0
7857	1	0	0	0
7858	0	0	1	0
7859	1	0	0	0
7860	0	0	1	0
7861	0	1	0	0
7862	1	0	0	0
7863	1	0	0	0
7864	0	0	1	0
7865	1	0	0	0
7866	0	1	0	0
7867	1	0	0	0
7868	0	0	1	0
7869	1	0	0	0
7870	1	0	0	0
7871	0	0	1	0
7872	0	1	0	0
7873	1	0	0	0
7874	0	0	2	0
7875	2	0	0	0
7876	0	0	0	2
7877	0	2	0	0
7878	1	1	0	0
7879	0	0	2	0
7880	0	0	0	2
7881	1	0	1	0
7882	0	2	0	0
7883	0	0	2	0
7884	1	1	0	0
7885	0	0	0	2
7886	0	0	0	2
7887	2	0	0	0
7888	0	0	2	0
7889	0	0	0	1
7890	0	0	2	0
7891	2	0	0	0
7892	1	0	1	0
7893	0	2	0	0
7894	0	0	1	0
7895	0	0	2	0
7896	2	0	0	0
7897	0	0	0	2
7898	0	0	0	1
7899	0	2	0	0
7900	0	0	0	2
7901	0	0	0	2
7902	2	0	0	0
7903	0	0	1	0
7904	0	2	0	0
7905	2	0	0	0
7906	0	3	0	0
7907	0	0	0	3
7908	1	0	0	1
7909	0	0	3	0
7910	0	3	0	0
7911	0	3	0	0
7912	0	0	0	2
7913	0	0	3	0
7914	0	0	3	0
7915	0	0	3	0
7916	2	0	0	0
7917	0	2	0	0
7918	0	0	2	0
7919	2	0	0	0
7920	0	0	0	2
7921	0	2	0	0
7922	0	0	0	2
7923	1	0	1	0
7924	0	2	0	0
7925	0	0	2	0
7926	0	0	3	0
7927	3	0	0	0
7928	1	0	2	0
7929	0	3	0	0
7930	0	2	0	0
7931	0	0	0	3
7932	0	0	3	0
7933	0	0	0	2
7934	0	0	3	0
7935	0	3	0	0
7936	0	2	0	0
7937	0	0	0	3
7938	0	3	0	0
7939	0	0	0	3
7940	1	0	0	2
7941	0	3	0	0
7942	3	0	0	0
7943	0	0	3	0
7944	0	3	0	0
7945	0	0	0	3
7946	2	0	0	0
7947	0	2	0	0
7948	0	2	0	0
7949	2	0	0	0
7950	0	2	0	0
7951	0	2	0	0
7952	0	0	1	0
7953	2	0	0	0
7954	0	0	0	2
7955	0	0	0	2
7956	0	0	2	0
7957	2	0	0	0
7958	0	0	2	0
7959	2	0	0	0
7960	0	0	2	0
7961	2	0	0	0
7962	0	2	0	0
7963	0	0	0	2
7964	0	0	0	2
7965	0	2	0	0
7966	2	0	0	0
7967	0	0	0	2
7968	2	0	0	0
7969	0	0	0	2
7970	0	0	0	2
7971	2	0	0	0
7972	2	0	0	0
7973	0	0	0	3
7974	0	0	0	3
7975	0	0	3	0
7976	0	3	0	0
7977	3	0	0	0
7978	0	0	3	0
7979	0	1	0	2
7980	0	0	3	0
7981	2	0	0	0
7982	0	0	2	0
7983	1	0	1	0
7984	0	0	2	0
7985	0	2	0	0
7986	2	0	0	0
7987	0	0	2	0
7988	0	1	0	1
7989	0	0	2	0
7990	0	0	2	0
7991	2	0	0	0
7992	2	0	0	0
7993	0	2	0	0
7994	0	0	0	2
7995	0	0	0	2
7996	0	2	0	0
7997	0	0	0	2
7998	0	0	1	0
7999	0	0	1	0
8000	0	0	1	0
8001	1	0	0	0
8002	0	1	0	0
8003	0	0	1	0
8004	0	1	0	0
8005	1	0	0	0
8006	0	0	1	0
8007	0	1	0	0
8008	1	0	0	0
8009	0	0	1	0
8010	0	0	0	1
8011	0	1	0	0
8012	0	0	0	1
8013	0	1	0	0
8014	1	0	0	0
8015	0	0	1	0
8016	0	0	0	0
8017	0	0	1	0
8018	0	0	1	0
8019	1	0	0	0
8020	0	1	0	0
8021	0	0	0	1
8022	1	0	0	0
8023	0	1	0	0
8024	1	0	0	0
8025	0	0	1	0
8026	1	0	0	0
8027	0	0	1	0
8028	1	0	0	0
8029	0	0	1	0
8030	0	0	1	0
8031	0	0	1	0
8032	0	0	0	1
8033	0	0	1	0
8034	0	0	1	0
8035	0	0	1	0
8036	1	0	0	0
8037	2	0	0	0
8038	0	0	2	0
8039	0	2	0	0
8040	0	2	0	0
8041	0	2	0	0
8042	0	0	0	2
8043	0	0	0	2
8044	2	0	0	0
8045	2	0	0	0
8046	0	0	1	0
8047	0	0	0	1
8048	1	0	0	0
8049	0	0	0	1
8050	0	0	0	1
8051	0	0	0	1
8052	0	0	1	0
8053	0	0	1	0
8054	0	0	1	0
8055	1	0	0	0
8056	1	0	0	0
8057	0	0	1	0
8058	0	1	0	0
8059	0	1	0	0
8060	0	0	0	1
8061	0	0	0	1
8062	0	0	1	0
8063	0	0	0	1
8064	0	0	1	0
8065	0	1	0	0
8066	1	0	0	0
8067	0	0	1	0
8068	0	0	0	1
8069	1	0	0	0
8070	0	0	0	1
8071	0	0	0	1
8072	0	0	1	0
8073	0	0	1	0
8074	0	0	1	0
8075	0	0	1	0
8076	0	0	1	0
8077	0	1	0	0
8078	0	0	0	1
8079	0	0	1	0
8080	0	0	1	0
8081	1	0	0	0
8082	1	0	0	0
8083	0	1	0	0
8084	0	0	0	1
8085	1	0	0	0
8086	1	0	0	0
8087	1	0	0	0
8088	0	0	0	0
8089	2	0	0	0
8090	2	0	0	0
8091	0	0	1	0
8092	2	0	0	0
8093	0	0	2	0
8094	0	0	0	2
8095	0	0	2	0
8096	0	2	0	0
8097	0	0	0	2
8098	2	0	0	0
8099	0	0	0	2
8100	0	0	0	1
8101	2	0	0	0
8102	2	0	0	0
8103	0	0	0	2
8104	0	2	0	0
8105	0	0	0	2
8106	0	0	2	0
8107	0	2	0	0
8108	0	0	0	2
8109	0	0	0	1
8110	0	0	1	0
8111	1	0	0	0
8112	0	0	0	1
8113	1	0	0	0
8114	0	1	0	0
8115	0	1	0	0
8116	0	0	0	1
8117	0	1	0	0
8118	1	0	0	0
8119	0	0	1	0
8120	0	1	0	0
8121	1	0	0	0
8122	1	0	0	0
8123	0	0	0	1
8124	1	0	0	0
8125	0	0	1	0
8126	0	0	0	1
8127	1	0	0	0
8128	0	0	1	0
8129	0	0	0	1
8130	0	0	1	0
8131	0	0	1	0
8132	0	1	0	0
8133	0	0	0	1
8134	0	0	1	0
8135	1	0	0	0
8136	1	0	0	0
8137	0	0	1	0
8138	0	0	1	0
8139	0	0	0	1
8140	1	0	0	0
8141	0	1	0	0
8142	1	0	0	0
8143	0	0	1	0
8144	1	0	0	0
8145	0	0	0	1
8146	1	0	0	0
8147	0	0	1	0
8148	1	0	0	0
8149	0	0	0	0
8150	0	0	0	1
8151	0	0	0	0
8152	1	0	0	0
8153	0	0	0	1
8154	0	0	0	1
8155	0	0	1	0
8156	1	0	0	0
8157	1	0	0	0
8169	1	0	0	0
8170	1	0	0	0
8171	0	0	0	2
8172	0	0	0	2
8173	0	0	0	2
8174	0	0	2	0
8175	0	0	0	2
8176	2	0	0	0
8177	0	0	2	0
8178	2	0	0	0
8179	0	0	2	0
8180	0	2	0	0
8181	0	0	0	2
8182	2	0	0	0
8183	0	0	0	2
8184	0	2	0	0
8185	0	2	0	0
8186	0	0	2	0
8187	0	2	0	0
8188	2	0	0	0
8189	2	0	0	0
8190	0	2	0	0
8191	2	0	0	0
8192	0	0	0	2
8193	2	0	0	0
8194	0	2	0	0
8195	0	2	0	0
8196	0	0	0	2
8197	2	0	0	0
8198	0	2	0	0
8199	3	0	0	0
8200	4	0	0	0
8201	0	0	4	0
8202	4	0	0	0
8203	4	0	0	0
8204	0	0	0	4
8205	4	0	0	0
8206	4	0	0	0
8207	0	0	4	0
8208	4	0	0	0
8209	0	4	0	0
8210	4	0	0	0
8211	0	0	4	0
8212	0	0	3	0
8213	0	0	4	0
8214	0	4	0	0
8215	0	0	0	4
8216	0	0	0	4
8217	4	0	0	0
8218	0	0	5	0
8219	5	0	0	0
8220	5	0	0	0
8221	0	0	5	0
8222	0	1	0	4
8223	4	0	0	0
8224	0	0	4	0
8225	0	5	0	0
8226	0	0	0	5
8227	0	0	0	5
8228	0	0	0	5
8229	0	0	5	0
8230	0	5	0	0
8231	0	0	0	5
8232	5	0	0	0
8233	0	0	0	5
8234	5	0	0	0
8235	5	0	0	0
8236	5	0	0	0
8237	5	0	0	0
8238	0	0	0	6
8239	0	0	6	0
8240	1	0	6	0
8241	1	0	6	0
8242	0	0	7	0
8243	1	0	5	0
8244	0	0	6	0
8245	0	8	0	0
8246	8	0	0	0
8247	8	0	0	0
8248	0	0	9	0
8249	0	0	0	9
8250	0	0	8	1
8251	0	0	8	1
8252	0	0	0	8
8253	0	9	0	0
8254	9	0	0	0
8255	9	0	0	0
8256	8	0	0	0
8257	8	0	1	0
8258	8	0	0	0
8259	0	0	9	0
8260	0	9	0	0
8261	9	0	0	0
8262	0	0	9	0
8263	0	8	0	1
8264	9	0	0	0
8265	0	0	1	8
8266	9	0	0	0
8267	0	0	9	0
8268	0	0	0	10
8269	0	0	0	10
8270	0	0	10	0
8271	0	0	9	0
8272	8	1	0	0
8273	0	0	0	9
8274	0	0	8	0
8275	0	0	8	0
8276	0	9	0	0
8277	0	9	0	0
8278	0	0	0	9
8279	0	0	9	0
8280	0	9	0	0
8281	0	0	0	9
8282	1	0	8	0
8283	0	0	0	9
8284	9	0	0	0
8285	9	0	0	0
8286	0	0	8	0
8287	8	0	0	0
8288	0	0	8	0
8289	8	0	0	0
8290	3	5	0	0
8291	7	0	0	0
8292	0	0	8	0
8293	8	0	0	0
8294	3	0	0	5
8295	0	0	0	8
8296	8	0	0	0
8297	8	0	0	0
8298	0	0	8	0
8299	7	0	1	0
8300	8	0	0	0
8301	0	0	7	0
8302	8	0	0	0
8303	3	0	5	0
8304	0	8	0	0
8305	0	0	0	8
8306	2	6	0	0
8307	6	0	2	0
8308	0	0	9	0
8309	0	9	0	0
8310	0	9	0	0
8311	9	0	0	0
8312	0	0	9	0
8313	0	9	0	0
8314	9	0	0	0
8315	0	0	9	0
8316	0	9	0	0
8317	8	1	0	0
8318	0	0	8	0
8319	6	0	0	0
8320	0	0	6	0
8321	0	0	4	0
8322	0	0	4	0
8323	3	0	0	0
8324	1	0	1	0
8325	0	0	0	2
8326	2	0	0	0
8327	1	0	1	0
8328	0	0	2	0
8329	1	0	0	0
8330	0	0	2	0
8331	0	2	0	0
8332	2	0	0	0
8333	0	0	2	0
8334	0	2	0	0
8335	0	0	1	0
8336	0	0	0	1
8337	0	1	0	0
8338	0	0	0	1
8339	0	1	0	0
8340	1	0	0	0
8341	1	0	0	0
8342	0	0	1	0
8343	1	0	0	0
8344	0	1	0	0
8345	0	0	0	1
8346	0	0	0	1
8347	1	0	0	0
8348	0	0	1	0
8349	1	0	0	0
8350	0	0	0	1
8351	1	0	0	0
8352	0	0	1	0
8353	1	0	0	0
8354	0	1	0	0
8355	1	0	0	0
8356	0	0	0	1
8357	1	0	0	0
8358	0	0	1	0
8359	1	0	0	0
8360	0	0	1	0
8361	0	1	0	0
8502	0	0	1	0
8503	0	1	0	0
8504	0	0	0	1
8505	0	0	0	1
8506	0	1	0	0
8507	0	0	0	1
8508	0	0	0	1
8509	0	0	0	1
8510	0	0	0	1
8511	0	0	0	1
8512	1	0	0	0
8513	1	0	0	0
8514	1	0	0	0
8515	1	0	0	0
8516	0	0	1	0
8517	1	0	0	0
8518	1	0	0	0
8519	1	0	0	0
8520	1	0	0	0
8521	0	0	1	0
8522	0	0	1	0
8523	0	0	1	0
8524	0	0	1	0
8525	0	0	1	0
8526	0	0	1	0
8527	1	0	0	0
8528	0	1	0	0
8529	0	0	0	1
8530	0	0	1	0
8531	0	0	1	0
8532	1	0	0	0
8533	1	0	0	0
8534	0	0	1	0
8535	0	0	1	0
8536	0	0	1	0
8537	0	0	0	1
8538	0	0	0	1
8539	1	0	0	0
8540	1	0	0	0
8541	0	0	0	1
8542	0	0	0	1
8543	0	0	0	1
8544	0	0	1	0
8545	0	0	1	0
8546	0	0	0	1
8547	0	1	0	0
8548	0	1	0	0
8549	1	0	0	0
8550	1	0	0	0
8551	0	0	1	0
8552	1	0	0	0
8553	1	0	0	0
8554	1	0	0	0
8555	0	0	0	0
8556	0	0	1	0
8557	0	0	1	0
8558	0	1	0	0
8559	1	0	0	0
8560	1	0	0	0
8561	0	0	1	0
8562	1	0	0	0
8563	0	1	0	0
8564	1	0	0	0
8565	0	0	0	1
8566	0	0	0	1
8567	0	1	0	0
8568	0	0	0	1
8569	0	0	0	1
8783	1	0	0	0
8784	1	0	0	0
8785	0	0	1	0
8786	0	0	0	1
8787	0	0	1	0
8788	0	0	1	0
8789	0	0	1	0
8790	0	0	0	1
8791	0	0	1	0
8792	0	0	0	1
8793	0	0	0	1
8794	0	0	0	1
8795	0	0	1	0
8796	1	0	0	0
8797	0	1	0	0
8798	1	0	0	0
8799	0	0	1	0
8800	0	1	0	0
8801	1	0	0	0
8802	0	0	1	0
8803	0	1	0	0
8804	0	1	0	0
8805	0	0	0	1
8806	1	0	0	0
8807	0	0	1	0
8808	0	1	0	0
8809	1	0	0	0
8810	0	1	0	0
8811	0	0	1	0
8812	0	1	0	0
8813	1	0	0	0
8814	0	0	1	0
8815	1	0	0	0
8816	0	1	0	0
8817	1	0	0	0
8818	0	1	0	0
8819	0	0	1	0
8820	0	0	0	1
8821	1	0	0	0
8822	0	0	1	0
8823	0	1	0	0
8824	0	1	0	0
8825	0	1	0	0
8826	0	0	1	0
8827	0	1	0	0
8828	0	0	1	0
8829	1	0	0	0
8830	0	0	1	0
8831	0	1	0	0
8832	0	0	0	1
8833	0	0	1	0
8834	0	0	0	1
8835	1	0	0	0
8836	0	0	0	1
8837	0	1	0	0
8838	0	1	0	0
8839	0	0	1	0
8840	0	0	1	0
8841	1	0	0	0
8842	0	0	1	0
8843	0	0	0	1
8844	1	0	0	0
8845	0	0	0	1
8846	0	0	0	1
8847	1	0	0	0
