	A	C	G	T
1055	0	0	1	0
1056	0	0	1	0
1057	0	0	0	1
1058	0	0	0	1
1059	1	0	0	0
1060	1	0	0	0
1061	1	0	0	0
1062	0	1	0	0
1063	1	0	0	0
1064	1	0	0	0
1065	0	0	1	0
1066	1	0	0	0
1067	0	0	0	1
1068	1	0	0	0
1069	0	0	1	0
1070	0	0	0	1
1071	0	0	1	0
1072	1	0	0	0
1073	0	0	1	0
1074	1	0	0	0
1075	1	0	0	0
1076	0	0	0	1
1077	0	0	1	0
1078	0	0	0	1
1079	1	0	0	0
1080	0	0	0	1
1081	1	0	0	0
1082	0	0	1	0
1083	0	1	0	0
1084	0	1	0	0
1085	0	1	0	0
1086	0	0	0	1
1087	0	0	1	0
1088	0	0	0	1
1089	0	1	0	0
1090	1	0	0	0
1091	0	0	1	0
1092	0	1	0	0
1093	1	0	0	0
1094	0	0	0	1
1095	0	0	0	1
1096	0	0	0	1
1097	0	0	0	1
1098	0	0	1	0
1099	0	0	1	0
1100	1	0	0	0
1101	0	1	0	0
1102	1	0	0	0
1103	0	0	0	1
1104	1	0	0	0
1105	1	0	0	0
1106	0	0	1	0
1107	1	0	0	0
1108	0	1	0	0
1109	1	0	0	0
1110	1	0	0	0
1111	0	0	1	0
1112	0	0	1	0
1113	0	0	1	0
1114	0	1	0	0
1115	0	1	0	0
1116	1	0	0	0
1117	1	0	0	0
1118	1	0	0	0
1119	0	0	1	0
1120	0	0	1	0
1121	1	0	0	0
1122	1	0	0	0
1123	0	1	0	0
1124	0	1	0	0
1125	0	1	0	0
1126	0	0	0	1
1180	0	1	0	0
1181	1	0	0	0
1182	1	0	0	0
1183	0	0	1	0
1184	1	0	0	0
1185	0	0	0	1
1186	0	0	1	0
1187	0	0	0	1
1188	1	0	0	0
1189	1	0	0	0
1190	1	0	0	0
1191	1	0	0	0
1192	1	0	0	0
1193	1	0	0	0
1194	0	0	0	1
1195	0	0	0	1
1196	0	0	1	0
1197	0	0	1	0
1198	1	0	0	0
1199	0	0	0	1
1200	0	0	1	0
1201	1	0	0	0
1202	0	1	0	0
1203	1	0	0	0
1204	0	0	1	0
1205	1	0	0	0
1206	0	1	0	0
1207	1	0	0	0
1208	0	1	0	0
1209	0	1	0	0
1210	0	0	0	1
1211	0	0	0	1
1212	0	0	1	0
1213	0	0	0	1
1214	0	0	0	1
1215	0	0	1	0
1216	0	0	1	0
1217	0	0	0	1
1218	0	1	0	0
1219	0	1	0	0
1220	1	0	0	0
1221	1	0	0	0
1222	1	0	0	0
1223	1	0	0	0
1224	0	0	0	1
1225	0	0	1	0
1226	0	1	0	0
1227	0	0	1	0
1228	1	0	0	0
1229	1	0	0	0
1230	0	1	0	0
1231	0	1	0	0
1232	0	1	0	0
1233	1	0	0	0
1234	0	0	1	0
1235	1	0	0	0
1236	0	0	0	1
1237	0	0	0	1
1238	0	0	1	0
1239	0	0	0	1
1240	1	0	0	0
1241	1	0	0	0
1242	0	0	1	0
1243	1	0	0	0
1244	0	1	0	0
1245	0	1	0	0
1246	1	0	0	0
1247	0	0	0	1
1248	0	0	0	1
1249	0	0	0	1
1250	0	0	0	1
1251	1	0	0	0
1330	0	0	0	0
1331	0	0	0	0
1332	1	0	0	0
1333	0	0	1	0
1334	0	0	0	0
1335	0	0	1	0
1336	0	0	0	1
1337	0	0	0	1
1338	0	0	1	0
1339	0	0	1	0
1340	0	1	0	0
1341	0	0	0	1
1342	0	0	1	0
1343	0	0	0	0
1344	0	0	1	0
1345	0	0	1	0
1346	0	1	0	0
1347	1	0	0	0
1348	0	0	0	0
1349	0	0	0	1
1350	0	0	1	0
1351	1	0	0	0
1352	0	0	1	0
1353	0	1	0	0
1354	0	1	0	0
1355	1	0	0	0
1356	1	0	0	0
1357	0	0	1	0
1358	0	1	0	0
1359	0	0	0	1
1360	1	0	0	0
1361	1	0	0	0
1362	0	1	0	0
1363	1	0	0	0
1364	1	0	0	0
1365	0	0	0	1
1366	1	0	0	0
1367	0	0	0	0
1368	1	0	0	0
1369	1	0	0	0
1370	1	0	0	0
1371	0	1	0	0
1372	0	0	0	0
1373	0	0	0	0
1374	1	0	0	0
1375	1	0	0	0
1376	0	0	0	0
1377	0	0	1	0
1378	0	0	0	0
1379	0	0	0	1
1380	0	0	1	0
1381	0	1	0	0
1382	0	0	0	0
1383	0	0	1	0
1384	1	0	0	0
1385	1	0	0	0
1386	1	0	0	0
1387	1	0	0	0
1388	0	0	1	0
1389	0	1	0	0
1390	1	0	0	0
1391	1	0	0	0
1392	0	0	0	1
1393	0	0	0	1
1394	0	0	0	0
1395	0	0	0	1
1396	1	0	0	0
1397	1	0	0	0
1398	0	0	0	0
1399	0	0	0	0
1400	0	0	0	0
1401	0	1	0	0
1402	0	1	0	0
1403	0	1	0	0
1461	0	1	0	0
1462	1	0	0	0
1463	0	0	1	0
1464	0	0	1	0
1465	0	0	1	0
1466	0	1	0	0
1467	0	1	0	0
1468	0	1	0	0
1469	0	1	0	0
1470	0	0	0	1
1471	1	0	0	0
1472	0	0	1	0
1473	0	0	1	0
1474	1	0	0	0
1475	1	0	0	0
1476	1	0	0	0
1477	1	0	0	0
1478	1	0	0	0
1479	1	0	0	0
1480	0	0	1	0
1481	0	0	1	0
1482	0	1	0	0
1483	0	0	0	1
1484	0	0	1	0
1485	0	0	0	1
1486	0	0	0	1
1487	0	0	1	0
1488	0	0	1	0
1489	1	0	0	0
1490	1	0	0	0
1491	1	0	0	0
1492	0	0	0	1
1493	0	0	1	0
1494	0	0	0	1
1495	0	0	1	0
1496	0	0	1	0
1497	1	0	0	0
1498	1	0	0	0
1499	1	0	0	0
1500	1	0	0	0
1501	0	0	1	0
1502	1	0	0	0
1503	1	0	0	0
1504	0	0	1	0
1505	0	0	1	0
1506	1	0	0	0
1507	0	1	0	0
1508	1	0	0	0
1509	0	1	0	0
1510	0	1	0	0
1511	1	0	0	0
1512	1	0	0	0
1513	1	0	0	0
1514	0	0	0	1
1515	0	0	1	0
1516	1	0	0	0
1517	1	0	0	0
1518	1	0	0	0
1519	0	0	1	0
1520	1	0	0	0
1521	0	1	0	0
1522	0	0	0	1
1523	0	0	1	0
1524	0	1	0	0
1525	1	0	0	0
1526	0	1	0	0
1527	0	0	0	1
1528	0	0	1	0
1529	1	0	0	0
1530	1	0	0	0
1531	1	0	0	0
1532	0	0	1	0
1533	0	0	1	0
1534	0	1	0	0
1535	1	0	0	0
2073	1	0	0	0
2074	0	1	0	0
2075	1	0	0	0
2076	0	0	1	0
2077	1	0	0	0
2078	1	0	0	0
2079	0	0	2	0
2080	2	0	0	0
2081	1	0	1	0
2082	2	0	0	0
2083	2	0	0	0
2084	2	0	0	0
2085	2	0	0	0
2086	0	0	0	2
2087	2	0	0	0
2088	2	0	0	0
2089	2	0	0	0
2090	2	0	0	0
2091	0	0	2	0
2092	0	2	0	0
2093	2	0	0	0
2094	0	0	0	2
2095	0	0	0	2
2096	2	0	0	0
2097	2	0	0	0
2098	1	1	0	0
2099	2	0	0	0
2100	0	0	2	0
2101	0	2	0	0
2102	2	0	0	0
2103	2	0	0	0
2104	0	0	0	2
2105	0	0	0	2
2106	0	0	0	2
2107	0	0	2	0
2108	0	0	0	2
2109	0	0	2	0
2110	2	0	0	0
2111	1	0	1	0
2112	0	0	2	0
2113	2	0	0	0
2114	2	0	0	0
2115	1	0	0	0
2116	0	0	0	1
2117	0	0	1	0
2118	0	0	1	0
2119	1	0	0	0
2120	1	0	0	0
2121	1	0	0	0
2122	1	0	0	0
2123	0	0	1	0
2124	0	0	1	0
2125	1	0	0	0
2126	1	0	0	0
2127	0	0	1	0
2128	0	0	1	0
2129	1	0	0	0
2130	1	0	0	0
2131	1	0	0	0
2132	1	0	0	0
2133	1	0	0	0
2134	0	0	0	1
2135	0	0	0	1
2136	1	0	0	0
2137	0	1	0	0
2138	1	0	0	0
2139	1	0	0	0
2140	1	0	0	0
2141	1	0	0	0
2142	1	0	0	0
2143	0	0	0	1
2144	0	0	0	1
2145	0	0	1	0
2271	0	0	1	0
2272	0	0	0	0
2273	0	0	0	0
2274	1	0	0	0
2275	0	0	0	1
2276	1	0	0	0
2277	0	1	0	0
2278	0	0	0	0
2279	1	0	0	0
2280	0	1	0	0
2281	1	0	0	0
2282	0	1	0	0
2283	0	0	0	0
2284	0	1	0	0
2285	1	0	0	0
2286	0	0	1	0
2287	0	1	0	0
2288	1	0	0	0
2289	0	0	1	0
2290	0	0	1	0
2291	0	0	1	0
2292	0	0	0	1
2293	0	0	0	1
2294	1	0	0	0
2295	1	0	0	0
2296	1	0	0	0
2297	1	0	0	0
2298	1	0	0	0
2299	1	0	0	0
2300	0	0	1	0
2301	1	0	0	0
2302	0	0	0	0
2303	0	0	0	0
2304	0	0	0	0
2305	1	0	0	0
2306	1	0	0	0
2307	0	0	0	1
2308	0	1	0	0
2309	1	0	0	0
2310	0	0	1	0
2311	0	0	0	1
2312	0	0	1	0
2313	1	0	0	0
2314	0	1	0	0
2315	1	0	0	0
2316	0	0	0	0
2317	0	0	0	1
2318	1	0	0	0
2319	0	1	0	0
2320	0	0	0	1
2321	1	0	0	0
2322	0	0	1	0
2323	1	0	0	0
2324	0	0	0	1
2325	0	0	1	0
2326	0	0	0	1
2327	0	0	0	0
2328	0	0	0	0
2329	0	0	0	0
2330	1	0	0	0
2331	0	0	1	0
2332	1	0	0	0
2333	0	0	0	1
2334	0	0	1	0
2335	0	1	0	0
2336	1	0	0	0
2337	0	0	0	1
2338	1	0	0	0
2339	0	0	0	1
2340	0	0	0	1
2341	0	0	0	1
2342	0	0	0	1
2343	0	0	0	1
2344	0	1	0	0
2345	1	0	0	0
2346	0	0	1	0
2347	0	0	0	1
2348	0	0	0	1
2349	0	1	0	0
2350	0	1	0	0
2351	0	0	0	1
2352	0	0	0	1
2353	0	0	0	1
2354	1	0	0	0
2355	0	0	1	0
2356	1	0	0	0
2357	0	0	0	1
2358	0	0	1	0
2359	1	0	0	0
2360	1	0	0	0
2361	1	0	0	0
2362	1	0	0	0
2363	0	1	0	0
2364	0	0	0	1
2365	0	0	0	1
2366	0	1	0	0
2367	1	0	0	0
2368	0	0	1	0
2369	0	0	1	0
2370	1	0	0	0
2371	1	0	0	0
2372	0	0	1	0
2373	0	0	0	1
2374	1	0	0	0
2375	0	1	0	0
2376	1	0	0	0
2377	0	1	0	0
2378	0	0	0	1
2379	0	0	1	0
2380	0	1	0	0
2381	1	0	0	0
2382	0	0	0	1
2383	0	0	0	1
2384	0	1	0	0
2385	1	0	0	0
2386	0	1	0	0
2387	0	1	0	0
2388	1	0	0	0
2389	0	0	0	1
2390	1	0	0	0
2391	0	1	0	0
2392	0	1	0	0
2393	0	0	0	1
2394	1	0	0	0
2395	0	0	1	0
2396	0	0	0	1
2397	1	0	0	0
2398	0	0	0	1
2399	1	0	0	0
2400	1	0	0	0
2401	1	0	0	0
2402	0	1	0	0
2403	1	0	0	0
2404	1	0	0	0
2405	0	0	0	1
2406	0	0	1	0
2407	1	0	0	0
2408	1	0	0	0
2409	1	0	0	0
2410	0	1	0	0
2411	1	0	0	0
2412	0	1	0	0
2413	0	1	0	0
2414	1	0	0	0
2415	0	0	1	0
2416	0	0	1	0
2544	1	0	0	0
2545	0	0	0	1
2546	0	0	1	0
2547	0	0	1	0
2548	1	0	0	0
2549	0	0	0	1
2550	0	0	1	0
2551	1	0	0	0
2552	0	0	0	0
2553	0	0	0	1
2554	0	0	0	1
2555	0	0	1	0
2556	0	0	0	1
2557	1	0	0	0
2558	0	0	0	1
2559	0	0	1	0
2560	0	0	0	1
2561	1	0	0	0
2562	0	0	1	0
2563	0	0	0	0
2564	1	0	0	0
2565	0	0	0	1
2566	0	0	0	0
2567	0	0	0	0
2568	0	0	1	0
2569	1	0	0	0
2570	0	1	0	0
2571	0	0	0	1
2572	0	0	0	1
2573	1	0	0	0
2574	0	0	1	0
2575	1	0	0	0
2576	1	0	0	0
2577	1	0	0	0
2578	0	0	0	1
2579	1	0	0	0
2580	0	0	1	0
2581	0	0	1	0
2582	0	0	1	0
2583	0	1	0	0
2584	1	0	0	0
2585	1	0	0	0
2586	0	1	0	0
2587	1	0	0	0
2588	0	1	0	0
2589	1	0	0	0
2590	0	0	1	0
2591	1	0	0	0
2592	0	0	1	0
2593	0	1	0	0
2594	1	0	0	0
2595	1	0	0	0
2596	1	0	0	0
2597	1	0	0	0
2598	1	0	0	0
2599	0	0	0	1
2600	1	0	0	0
2601	0	0	0	0
2602	1	0	0	0
2603	0	0	0	0
2604	0	0	1	0
2605	0	0	0	0
2606	0	0	1	0
2607	0	0	0	1
2608	0	0	0	1
2609	1	0	0	0
2610	1	0	0	0
2611	0	0	1	0
3000	0	2	0	0
3001	2	0	0	0
3002	2	0	0	0
3003	0	0	0	2
3004	0	0	2	0
3005	0	0	2	0
3006	2	0	0	0
3007	0	2	0	0
3008	2	0	0	0
3009	0	0	0	2
3010	2	0	0	0
3011	0	0	0	2
3012	0	2	0	0
3013	2	0	0	0
3014	2	0	0	0
3015	2	0	0	0
3016	0	0	0	2
3017	0	0	0	2
3018	0	0	0	2
3019	2	0	0	0
3020	0	2	0	0
3021	0	2	0	0
3022	2	0	0	0
3023	2	0	0	0
3024	0	0	2	0
3025	2	0	0	0
3026	2	0	0	0
3027	0	2	0	0
3028	0	2	0	0
3029	2	0	0	0
3030	0	0	0	2
3031	0	0	0	2
3032	0	2	0	0
3033	2	0	0	0
3034	2	0	0	0
3035	2	0	0	0
3036	2	0	0	0
3037	2	0	0	0
3038	0	0	0	2
3039	0	2	0	0
3040	0	0	0	2
3041	0	0	2	0
3042	2	0	0	0
3043	2	0	0	0
3044	2	0	0	0
3045	2	0	0	0
3046	0	2	0	0
3047	2	0	0	0
3048	0	0	2	0
3049	0	0	2	0
3050	0	0	2	0
3051	2	0	0	0
4037	0	1	0	0
4038	1	0	0	0
4039	0	1	0	0
4040	0	1	0	0
4041	1	0	0	0
4042	0	0	1	0
4043	0	0	0	1
4044	0	0	1	0
4045	0	1	0	0
4046	0	0	0	1
4047	0	0	1	0
4048	0	1	0	0
4049	1	0	0	0
4050	0	0	1	0
4051	0	0	0	1
4052	0	0	0	1
4053	1	0	0	0
4054	1	0	0	0
4055	1	0	0	0
4056	0	0	1	0
4057	0	1	0	0
4058	1	0	0	0
4059	0	0	1	0
4060	0	0	0	0
4061	0	1	0	0
4062	0	0	0	1
4063	0	0	1	0
4064	0	0	0	1
4065	0	0	0	1
4066	0	0	1	0
4067	0	0	1	0
4068	0	0	0	1
4069	0	0	1	0
4070	0	0	0	0
4071	0	0	1	0
4072	0	1	0	0
4073	0	0	0	1
4074	0	0	1	0
4075	0	0	1	0
4076	0	0	0	1
4077	1	0	0	0
4078	0	0	0	0
4079	0	1	0	0
4080	1	0	0	0
4081	1	0	0	0
4082	1	0	0	0
4083	0	1	0	0
4084	1	0	0	0
4085	0	0	0	0
4086	0	0	1	0
4087	1	0	0	0
4088	1	0	0	0
4089	0	0	0	1
4090	0	0	0	1
4091	0	1	0	0
4092	0	0	1	0
4093	0	0	1	0
4094	1	0	0	0
4095	1	0	0	0
4096	0	0	0	1
4097	0	0	0	1
4098	0	1	0	0
4099	0	1	0	0
4100	0	1	0	0
4101	0	0	0	1
4102	1	0	0	0
4103	0	1	0	0
4104	1	0	0	0
4105	1	0	0	0
4106	0	0	0	1
4107	0	1	0	0
4108	0	1	0	0
4109	0	1	0	0
4110	0	1	0	0
4111	1	0	0	0
4112	1	0	0	0
4113	1	0	0	0
4114	0	0	1	0
4115	0	0	0	1
4116	0	1	0	0
4117	1	0	0	0
4118	0	0	1	0
4119	0	0	1	0
4120	0	0	1	0
4121	1	0	0	0
4122	0	0	1	0
4123	0	0	0	1
4124	1	0	0	0
4125	0	0	1	0
4126	0	0	0	1
4127	1	0	0	0
4128	0	0	1	0
4129	1	0	0	0
4130	1	0	0	0
4131	0	0	0	1
4132	0	1	0	0
4133	0	1	0	0
4134	1	0	0	0
4135	0	0	0	1
4136	0	0	1	0
4137	1	0	0	0
4138	1	0	0	0
4139	0	0	0	1
4140	1	0	0	0
4141	1	0	0	0
4142	1	0	0	0
4143	0	0	1	0
4144	1	0	0	0
4145	1	0	0	0
4146	0	0	0	1
4147	0	0	0	1
4148	1	0	0	0
4149	1	0	0	0
4150	1	0	0	0
4151	0	0	1	0
4152	1	0	0	0
4153	1	0	0	0
4154	1	0	0	0
4155	1	0	0	0
4156	0	0	0	1
4157	0	1	0	0
4158	1	0	0	0
4159	0	0	0	1
4160	1	0	0	0
4161	0	0	1	0
4162	0	0	1	0
4163	0	0	1	0
4164	0	1	0	0
4437	1	0	0	0
4438	0	0	1	0
4439	0	0	0	1
4440	0	0	1	0
4441	1	0	0	0
4442	0	1	0	0
4443	1	0	0	0
4444	0	0	0	1
4445	1	0	0	0
4446	1	0	0	0
4447	1	0	0	0
4448	0	0	1	0
4449	0	0	1	0
4450	0	0	0	1
4451	1	0	0	0
4452	0	0	1	0
4453	0	0	0	1
4454	1	0	0	0
4455	0	1	0	0
4456	0	1	0	0
4457	1	0	0	0
4458	1	0	0	0
4459	0	0	1	0
4460	0	0	1	0
4461	1	0	0	0
4462	0	0	1	0
4463	0	0	1	0
4464	1	0	0	0
4465	1	0	0	0
4466	0	0	1	0
4467	0	0	1	0
4468	0	0	0	1
4469	1	0	0	0
4470	1	0	0	0
4471	1	0	0	0
4472	1	0	0	0
4473	1	0	0	0
4474	0	0	0	1
4475	0	1	0	0
4476	1	0	0	0
4477	0	0	0	1
4478	0	0	0	1
4479	1	0	0	0
4480	1	0	0	0
4481	0	0	1	0
4482	0	0	1	0
4483	1	0	0	0
4484	0	1	0	0
4485	0	0	0	1
4486	1	0	0	0
4487	0	0	0	1
4488	0	0	1	0
4489	0	0	1	0
4490	1	0	0	0
4491	1	0	0	0
4492	1	0	0	0
4493	1	0	0	0
4494	0	1	0	0
4495	1	0	0	0
4496	0	0	1	0
4497	1	0	0	0
4498	0	0	0	1
4499	0	0	1	0
4500	0	0	1	0
4501	0	1	0	0
4502	1	0	0	0
4503	0	0	1	0
4504	0	0	1	0
4505	0	0	0	1
4506	0	0	1	0
4507	0	1	0	0
4508	0	0	0	1
4509	0	0	1	0
4510	1	0	0	0
4511	0	0	0	1
4512	0	0	0	1
4513	0	0	1	0
4514	0	0	0	1
4515	0	0	1	0
4516	0	0	0	1
4517	0	0	1	0
4518	0	0	1	0
4519	0	1	0	0
4520	1	0	0	0
4521	0	0	1	0
4877	0	1	0	0
4878	0	0	0	1
4879	1	0	0	0
4880	0	0	1	0
4881	0	0	0	0
4882	0	0	0	1
4883	0	0	1	0
4884	0	0	0	1
4885	0	0	1	0
4886	1	0	0	0
4887	0	1	0	0
4888	0	0	0	1
4889	1	0	0	0
4890	0	0	0	1
4891	0	1	0	0
4892	1	0	0	0
4893	1	0	0	0
4894	0	0	0	0
4895	0	0	0	0
4896	1	0	0	0
4897	0	0	0	0
4898	0	0	1	0
4899	1	0	0	0
4900	0	0	0	0
4901	1	0	0	0
4902	0	0	0	1
4903	1	0	0	0
4904	1	0	0	0
4905	0	0	0	1
4906	1	0	0	0
4907	1	0	0	0
4908	0	0	1	0
4909	0	0	1	0
4910	0	0	0	1
4911	1	0	0	0
4912	0	0	1	0
4913	0	0	1	0
4914	1	0	0	0
4915	0	0	0	1
4916	0	0	0	0
4917	1	0	0	0
4918	0	1	0	0
4919	0	0	0	1
4920	1	0	0	0
4921	0	1	0	0
4922	1	0	0	0
4923	1	0	0	0
4924	0	0	0	1
4925	1	0	0	0
4926	0	1	0	0
4927	0	1	0	0
4928	0	0	0	1
4929	0	0	1	0
4930	0	0	1	0
4931	0	1	0	0
4932	0	1	0	0
4933	0	1	0	0
4934	0	0	0	1
4935	0	0	1	0
4936	1	0	0	0
4937	0	1	0	0
4938	1	0	0	0
4939	0	0	1	0
4940	0	1	0	0
4941	1	0	0	0
4942	0	0	0	1
4943	0	0	0	1
4944	0	0	1	0
4945	1	0	0	0
4946	0	0	0	1
4947	1	0	0	0
4948	1	0	0	0
4972	0	0	0	0
4973	0	0	0	1
4974	0	0	1	0
4975	0	1	0	0
4976	0	1	0	0
4977	0	0	0	1
4978	1	0	0	0
4979	0	0	1	0
4980	0	0	0	1
4981	0	0	0	0
4982	0	0	0	1
4983	0	0	0	1
4984	1	0	0	0
4985	0	0	1	0
4986	1	0	0	0
4987	1	0	0	0
4988	1	0	0	0
4989	1	0	0	0
4990	0	0	0	1
4991	0	0	0	1
4992	1	0	0	0
4993	0	0	1	0
4994	0	0	0	1
4995	1	0	0	0
4996	0	0	1	0
4997	1	0	0	0
4998	0	0	1	0
4999	0	0	0	0
5000	1	0	0	0
5001	0	0	0	1
5002	1	0	0	0
5003	0	0	0	0
5004	1	0	0	0
5005	0	0	0	1
5006	0	0	1	0
5007	0	0	1	0
5008	1	0	0	0
5009	1	0	0	0
5010	0	1	0	0
5011	1	0	0	0
5012	1	0	0	0
5013	0	1	0	0
5014	0	1	0	0
5015	0	1	0	0
5016	0	1	0	0
5017	0	1	0	0
5018	1	0	0	0
5019	0	0	1	0
5020	1	0	0	0
5021	1	0	0	0
5022	0	0	1	0
5023	1	0	0	0
5024	0	0	0	1
5025	0	1	0	0
5026	1	0	0	0
5027	0	0	1	0
5028	0	0	0	0
5029	0	0	1	0
5030	0	0	1	0
5031	0	1	0	0
5032	0	1	0	0
5033	1	0	0	0
5034	0	1	0	0
5035	1	0	0	0
5036	0	0	1	0
5037	1	0	0	0
5038	0	0	1	0
5039	0	0	1	0
5040	0	0	1	0
5041	1	0	0	0
5042	1	0	0	0
5043	0	1	0	0
5044	0	1	0	0
5045	1	0	0	0
5046	0	0	0	1
5764	0	0	0	0
5765	0	0	1	0
5766	0	0	0	1
5767	0	0	1	0
5768	0	0	0	1
5769	0	0	0	1
5770	0	0	1	0
5771	0	0	1	0
5772	0	0	1	0
5773	1	0	0	0
5774	1	0	0	0
5775	1	0	0	0
5776	0	1	0	0
5777	0	0	0	1
5778	0	0	0	1
5779	0	0	1	0
5780	0	0	0	1
5781	0	0	1	0
5782	0	0	1	0
5783	0	0	1	0
5784	0	0	0	1
5785	0	1	0	0
5786	1	0	0	0
5787	0	1	0	0
5788	1	0	0	0
5789	0	0	1	0
5790	0	0	0	1
5791	0	1	0	0
5792	0	0	0	1
5793	1	0	0	0
5794	0	0	0	1
5795	0	0	0	1
5796	1	0	0	0
5797	0	0	0	1
5798	0	0	1	0
5799	0	0	1	0
5800	0	0	1	0
5801	0	0	1	0
5802	0	0	0	1
5803	1	0	0	0
5804	0	1	0	0
5805	0	1	0	0
5806	0	0	0	1
5807	0	0	1	0
5808	0	0	0	1
5809	0	0	1	0
5810	0	0	0	1
5811	0	0	1	0
5812	0	0	1	0
5813	1	0	0	0
5814	1	0	0	0
5815	1	0	0	0
5816	0	0	1	0
5817	1	0	0	0
5818	1	0	0	0
5819	0	0	1	0
5820	0	1	0	0
5821	0	0	0	1
5822	1	0	0	0
5823	1	0	0	0
5824	1	0	0	0
5825	1	0	0	0
5826	0	1	0	0
5827	0	1	0	0
5828	1	0	0	0
5829	0	1	0	0
5830	0	0	0	1
5831	0	1	0	0
5832	0	0	0	1
5833	1	0	0	0
5834	0	0	0	1
5835	0	0	0	1
5836	0	1	0	0
5919	0	1	0	0
5920	1	0	0	0
5921	0	1	0	0
5922	1	0	0	0
5923	1	0	0	0
5924	0	0	1	0
5925	1	0	0	0
5926	1	0	0	0
5927	1	0	0	0
5928	0	0	0	1
5929	0	0	1	0
5930	0	0	1	0
5931	0	0	0	1
5932	0	0	0	1
5933	0	0	0	1
5934	0	0	0	1
5935	0	0	1	0
5936	0	0	1	0
5937	0	0	1	0
5938	1	0	0	0
5939	1	0	0	0
5940	1	0	0	0
5941	0	0	0	1
5942	0	0	1	0
5943	0	0	0	1
5944	1	0	0	0
5945	1	0	0	0
5946	0	1	0	0
5947	1	0	0	0
5948	0	0	1	0
5949	1	0	0	0
5950	1	0	0	0
5951	1	0	0	0
5952	1	0	0	0
5953	0	0	0	1
5954	0	0	0	1
5955	0	0	0	1
5956	0	0	0	1
5957	1	0	0	0
5958	1	0	0	0
5959	0	1	0	1
5960	2	0	0	0
5961	0	0	0	1
5962	0	0	2	0
5963	0	0	0	2
5964	0	0	2	0
5965	0	0	2	0
5966	2	0	0	0
5967	2	0	0	0
5968	2	0	0	0
5969	2	0	0	0
5970	2	0	0	0
5971	0	0	0	2
5972	0	0	1	1
5973	2	0	0	0
5974	0	2	0	0
5975	2	0	0	0
5976	0	0	0	2
5977	0	0	2	0
5978	0	0	2	0
5979	0	0	0	2
5980	0	0	2	0
5981	0	0	2	0
5982	2	0	0	0
5983	0	0	0	2
5984	0	2	0	0
5985	2	0	0	0
5986	0	0	2	0
5987	2	0	0	0
5988	0	0	0	2
5989	0	0	2	0
5990	0	2	0	0
5991	2	0	0	0
5992	0	0	0	2
5993	0	0	2	0
5994	1	0	0	0
5995	0	0	1	0
5996	0	0	1	0
5997	1	0	0	0
5998	0	0	0	1
5999	1	0	0	0
6000	0	0	0	1
6001	1	0	0	0
6002	1	0	0	0
6003	0	0	0	1
6004	0	1	0	0
6005	1	0	0	0
6006	0	0	1	0
6007	0	0	0	1
6008	0	0	0	1
6009	0	0	0	1
6010	1	0	0	0
6011	0	0	0	1
6012	0	0	1	0
6013	0	0	1	0
6014	0	0	1	0
6015	1	0	0	0
6016	0	0	0	1
6017	0	1	0	0
6018	1	0	0	0
6019	1	0	0	0
6020	1	0	0	0
6021	0	0	1	0
6022	0	0	0	1
6023	0	1	0	0
6024	0	0	0	1
6025	1	0	0	0
6026	1	0	0	0
6027	1	0	0	0
6029	0	1	0	0
6030	0	1	0	0
6031	1	0	0	0
6032	0	0	0	1
6033	0	0	1	0
6034	0	0	0	1
6035	0	0	1	0
6036	0	0	0	1
6037	1	0	0	0
6038	1	0	0	0
6039	1	0	0	0
6040	0	0	1	0
6041	0	0	0	1
6042	0	0	0	1
6043	0	0	1	0
6044	1	0	0	0
6045	0	1	0	0
6046	0	0	0	1
6047	0	1	0	0
6048	0	1	0	0
6049	1	0	0	0
6050	0	1	0	0
6051	0	0	0	1
6052	0	1	0	0
6053	0	0	0	1
6054	0	0	1	0
6055	0	0	0	1
6056	0	0	1	0
6057	0	0	0	1
6058	0	1	0	0
6059	1	0	0	0
6060	0	1	0	0
6061	0	0	0	1
6062	0	0	0	1
6063	0	0	0	1
6064	1	0	0	0
6065	1	0	0	0
6066	1	0	0	0
6067	0	0	0	1
6068	0	0	0	1
6069	0	0	1	0
6070	0	0	0	1
6071	1	0	0	0
6072	0	1	0	0
6073	1	0	0	0
6074	1	0	0	0
6075	1	0	0	0
6076	0	0	0	1
6077	0	0	1	0
6285	0	0	0	1
6286	0	1	0	0
6287	0	1	0	0
6288	1	0	0	0
6289	1	0	0	0
6290	1	0	0	0
6291	0	0	1	0
6292	0	0	1	0
6293	0	0	0	1
6294	1	0	0	0
6295	1	0	0	0
6296	0	1	0	0
6297	0	0	0	1
6298	0	0	0	1
6299	0	0	0	1
6300	0	0	0	1
6301	0	0	1	0
6302	1	0	0	0
6303	0	0	0	1
6304	0	1	0	0
6305	0	1	0	0
6306	1	0	0	0
6307	1	0	0	0
6308	0	0	0	1
6309	0	0	0	1
6310	0	1	0	0
6311	0	1	0	0
6312	0	0	0	1
6313	1	0	0	0
6314	0	0	0	1
6315	1	0	0	0
6316	0	1	0	0
6317	1	0	0	0
6318	0	0	0	1
6319	0	0	0	1
6320	1	0	0	0
6321	0	0	0	1
6322	0	0	0	1
6323	0	0	1	0
6324	0	0	0	1
6325	0	0	1	0
6326	0	1	0	0
6327	0	0	0	1
6328	0	1	0	0
6329	0	1	0	0
6330	1	0	0	0
6331	0	0	1	0
6332	0	1	0	0
6333	0	0	0	1
6334	0	0	1	0
6335	0	0	1	0
6336	0	0	0	1
6337	0	0	0	1
6338	1	0	0	0
6339	0	0	0	1
6340	0	0	1	0
6341	0	1	0	0
6342	0	0	1	0
6343	1	0	0	0
6344	0	0	0	1
6345	0	0	0	1
6346	0	1	0	0
6347	0	0	0	1
6348	0	0	0	0
6349	1	0	0	0
6350	1	0	0	0
6351	0	0	1	0
6352	0	0	0	1
6353	0	0	1	0
6354	0	0	0	1
6355	1	0	0	0
6356	1	0	0	0
6390	0	0	0	1
6391	1	0	0	0
6392	1	0	0	0
6393	0	0	0	1
6394	0	0	1	0
6395	0	0	0	1
6396	0	1	0	0
6397	1	0	0	0
6398	0	0	1	0
6399	0	1	0	0
6400	1	0	0	0
6401	0	1	0	0
6402	1	0	0	0
6403	0	0	1	0
6404	0	0	0	1
6405	1	0	0	0
6406	0	1	0	0
6407	1	0	0	0
6408	1	0	0	0
6409	0	0	0	1
6410	0	0	1	0
6411	0	0	0	1
6412	1	0	0	0
6413	0	1	0	0
6414	1	0	0	0
6415	0	1	0	0
6416	1	0	0	0
6417	0	0	0	1
6418	0	0	1	0
6419	0	0	1	0
6420	1	0	0	0
6421	1	0	0	0
6422	0	0	0	1
6423	0	0	0	1
6424	1	0	0	0
6425	1	0	0	0
6426	0	0	1	0
6427	0	1	0	0
6428	0	1	0	0
6429	1	0	0	0
6430	0	0	1	0
6431	0	0	0	1
6432	0	0	1	0
6433	0	0	1	0
6434	0	0	0	1
6435	1	0	0	0
6436	0	0	0	2
6437	0	2	0	0
6438	2	0	0	0
6439	2	0	0	0
6440	0	2	0	0
6441	0	1	0	1
6442	0	2	0	0
6443	2	0	0	0
6444	2	0	0	0
6445	0	2	0	0
6446	0	0	0	2
6447	2	0	0	0
6448	0	2	0	0
6449	0	0	0	2
6450	0	0	2	0
6451	0	0	0	2
6452	0	0	0	2
6453	2	0	0	0
6454	2	0	0	0
6455	2	0	0	0
6456	0	0	0	2
6457	0	0	2	0
6458	0	0	2	0
6459	0	1	0	1
6460	2	0	0	0
6461	0	0	2	0
6462	0	2	0	0
6463	0	2	0	0
6464	0	0	0	2
6465	1	0	0	0
6466	0	0	1	0
6467	0	1	0	0
6468	1	0	0	0
6469	0	0	1	0
6470	1	0	0	0
6471	0	0	1	0
6472	0	0	1	0
6473	1	0	0	0
6474	0	0	1	0
6475	0	0	1	0
6476	1	0	0	0
6477	0	0	0	1
6478	1	0	0	0
6479	0	0	0	1
6480	1	0	0	0
6481	0	0	1	0
6482	0	0	0	1
6483	0	0	0	1
6484	1	0	0	0
6485	0	0	0	1
6486	0	0	0	1
6487	1	0	0	0
6488	0	0	1	0
6489	1	0	0	0
6490	0	0	0	1
6491	0	1	0	0
6492	0	0	0	1
6493	0	0	1	0
6494	1	0	0	0
6495	1	0	0	0
6496	1	0	0	0
6497	1	0	0	0
6498	0	0	0	1
6499	0	1	0	0
6500	0	0	0	1
6501	1	0	0	0
6502	1	0	0	0
6503	0	1	0	0
6504	0	0	1	0
6505	1	0	0	0
6506	1	0	0	0
6507	0	1	0	0
6508	1	0	0	0
6631	1	0	0	0
6632	0	0	0	1
6633	1	0	0	0
6634	1	0	0	0
6635	0	0	0	1
6636	1	0	0	0
6637	0	0	1	0
6638	0	0	1	0
6639	1	0	0	0
6640	0	0	1	0
6641	1	0	0	0
6642	0	0	0	1
6643	1	0	0	0
6644	0	0	0	1
6645	1	0	0	0
6646	1	0	0	0
6647	0	0	1	0
6648	1	0	0	0
6649	1	0	0	0
6650	1	0	0	0
6651	0	0	1	0
6652	0	0	1	0
6653	0	1	0	0
6654	1	0	0	0
6655	0	0	0	1
6656	1	0	0	0
6657	0	0	0	1
6658	0	0	0	1
6659	0	0	1	0
6660	0	1	0	0
6661	1	0	0	0
6662	1	0	0	0
6663	0	1	0	0
6664	1	0	0	0
6665	0	0	0	1
6666	0	0	0	1
6667	1	0	0	0
6668	0	0	1	0
6669	0	0	0	1
6670	1	0	0	0
6671	1	0	0	0
6672	1	0	0	0
6673	1	0	0	0
6674	0	0	1	0
6675	0	0	0	1
6676	0	0	1	0
6677	0	0	1	0
6678	1	0	0	0
6679	0	0	0	1
6680	0	0	1	0
6681	0	0	1	0
6682	1	0	0	0
6683	1	0	0	0
6684	0	0	0	1
6685	1	0	0	0
6686	1	0	0	0
6687	1	0	0	0
6688	0	0	1	0
6689	0	1	0	0
6690	0	0	0	1
6691	0	0	0	1
6692	0	0	0	1
6693	1	0	0	0
6920	0	0	0	1
6921	0	0	1	0
6922	0	0	0	1
6923	0	0	1	0
6924	0	0	1	0
6925	0	1	0	0
6926	1	0	0	0
6927	0	0	1	0
6928	0	0	1	0
6929	1	0	0	0
6930	0	0	1	0
6931	0	0	1	0
6932	0	0	0	1
6933	1	0	0	0
6934	0	0	1	0
6935	0	0	1	0
6936	1	0	0	0
6937	0	1	0	0
6938	0	0	1	0
6939	1	0	0	0
6940	0	0	1	0
6941	0	1	0	0
6942	1	0	0	0
6943	1	0	0	0
6944	0	0	0	1
6945	0	0	1	0
6946	0	0	0	1
6947	1	0	0	0
6948	0	0	0	1
6949	0	0	1	0
6950	0	1	0	0
6951	0	1	0	0
6952	0	1	0	0
6953	0	1	0	0
6954	0	0	0	1
6955	0	1	0	0
6956	0	1	0	0
6957	0	1	0	0
6958	1	0	0	0
6959	0	0	0	1
6960	0	0	0	1
6961	0	0	1	0
6962	0	1	0	0
6963	1	0	0	0
6964	0	0	1	0
6965	0	0	1	0
6966	1	0	0	0
6967	1	0	0	0
6968	1	0	0	0
6969	0	1	0	0
6970	1	0	0	0
6971	0	0	0	1
6972	1	0	0	0
6973	1	0	0	0
6974	0	1	0	0
6975	1	0	0	0
6976	0	0	0	1
6977	0	0	1	0
6978	0	0	0	1
6979	1	0	0	0
6980	1	0	0	0
6981	0	1	0	0
6982	0	0	0	1
6983	0	1	0	0
6984	1	0	0	0
6985	1	0	0	0
6986	0	0	1	0
6987	0	0	0	1
6988	1	0	0	0
6989	0	0	0	1
6990	0	1	0	0
6991	1	0	0	0
6992	0	1	0	0
6993	1	0	0	0
6994	0	0	1	0
6995	0	0	1	0
6996	1	0	0	0
6997	0	1	0	0
6998	0	0	0	1
6999	0	0	1	0
7000	0	0	0	1
7001	0	0	0	1
7002	1	0	0	0
7003	0	0	0	1
7004	0	0	0	1
7005	0	0	1	0
7006	1	0	0	0
7007	0	1	0	0
7261	0	1	0	0
7262	1	0	0	0
7263	0	0	1	0
7264	0	0	1	0
7265	0	1	0	0
7266	0	1	0	0
7267	1	0	0	0
7268	0	0	1	0
7269	1	0	0	0
7270	0	1	0	0
7271	1	0	0	0
7272	1	0	0	0
7273	0	1	0	0
7274	0	0	0	1
7275	0	0	1	0
7276	0	0	0	1
7277	0	0	0	1
7278	0	0	1	0
7279	0	0	0	1
7280	0	1	0	0
7281	0	0	0	1
7282	0	0	1	0
7283	0	0	1	0
7284	0	0	0	1
7285	1	0	0	0
7286	0	0	0	1
7287	1	0	0	0
7288	0	0	1	0
7289	0	0	0	1
7290	0	0	1	0
7291	0	1	0	0
7292	1	0	0	0
7293	1	0	0	0
7294	0	1	0	0
7295	1	0	0	0
7296	0	0	1	0
7297	0	1	0	0
7298	1	0	0	0
7299	1	0	0	0
7300	1	0	0	0
7301	0	0	1	0
7302	0	1	0	0
7303	1	0	0	0
7304	0	0	0	0
7305	0	0	0	1
7306	0	0	0	1
7307	0	0	0	1
7308	0	0	1	0
7309	0	1	0	0
7310	0	0	0	1
7311	0	0	1	0
7312	1	0	0	0
7313	0	0	1	0
7314	1	0	0	0
7315	0	0	1	0
7316	0	1	0	0
7317	0	1	0	0
7318	1	0	0	0
7319	0	0	0	1
7320	1	0	0	0
7321	0	0	1	0
7322	1	0	0	0
7323	0	0	1	0
7324	0	0	1	0
7325	0	1	0	0
7326	0	0	1	0
7327	0	1	0	0
7328	1	0	0	0
7329	1	0	0	0
7330	0	1	0	0
7331	1	0	0	0
7332	0	0	1	0
7526	0	0	1	0
7527	0	0	1	0
7528	1	0	0	0
7529	0	0	0	1
7530	0	0	1	0
7531	0	1	0	0
7532	1	0	0	0
7533	0	0	1	0
7534	0	0	0	1
7535	0	0	1	0
7536	0	0	1	0
7537	0	0	1	0
7538	1	0	0	0
7539	0	0	0	1
7540	1	0	0	0
7541	0	0	1	0
7542	0	0	1	0
7543	0	0	1	0
7544	1	0	0	0
7545	1	0	0	0
7546	1	0	0	0
7547	0	0	0	1
7548	0	0	0	1
7549	1	0	0	0
7550	0	0	1	0
7551	0	0	0	1
7552	1	0	0	0
7553	1	0	0	0
7554	0	0	0	1
7555	0	0	0	1
7556	1	0	0	0
7557	0	0	0	1
7558	1	0	0	0
7559	0	1	0	0
7560	1	0	0	0
7561	0	0	0	1
7562	1	0	0	0
7563	0	1	0	0
7564	1	0	0	0
7565	0	1	0	0
7566	1	0	0	0
7567	1	0	0	0
7568	0	0	0	1
7569	1	0	0	0
7570	0	0	0	1
7571	1	0	0	0
7572	0	1	0	0
7573	1	0	0	0
7574	0	0	1	0
7575	0	1	0	0
7576	0	0	0	1
7577	0	0	0	1
7578	0	0	1	0
7579	0	1	0	0
7580	0	0	0	1
7581	0	0	0	1
7582	0	0	1	0
7583	1	0	0	0
7584	1	0	0	0
7585	0	0	1	0
7586	1	0	0	0
7587	1	0	0	0
7588	0	0	0	1
7589	0	1	0	0
7590	0	0	1	0
7591	0	1	0	0
7592	1	0	0	0
7593	1	0	0	0
7594	1	0	0	0
7595	1	0	0	0
7596	0	1	0	0
7597	0	1	0	0
7598	1	0	0	0
7599	0	0	1	0
7949	1	0	0	0
7950	0	1	0	0
7951	0	1	0	0
7952	0	0	1	0
7953	1	0	0	0
7954	0	0	0	1
7955	0	0	0	1
7956	0	0	1	0
7957	1	0	0	0
7958	0	0	1	0
7959	1	0	0	0
7960	0	0	1	0
7961	1	0	0	0
7962	0	1	0	0
7963	0	0	0	1
7964	0	0	0	1
7965	0	1	0	0
7966	1	0	0	0
7967	0	0	0	1
7968	1	0	0	0
7969	0	0	0	1
7970	0	0	0	1
7971	1	0	0	0
7972	1	0	0	0
7973	0	0	0	1
7974	0	0	0	1
7975	0	0	1	0
7976	0	1	0	0
7977	1	0	0	0
7978	0	0	1	0
7979	0	0	0	1
7980	0	0	1	0
7981	1	0	0	0
7982	0	0	1	0
7983	1	0	0	0
7984	0	0	1	0
7985	0	1	0	0
7986	1	0	0	0
7987	0	0	1	0
7988	0	0	0	1
7989	0	0	1	0
7990	0	0	1	0
7991	1	0	0	0
7992	1	0	0	0
7993	0	1	0	0
7994	0	0	0	1
7995	0	0	0	1
7996	0	1	0	0
7997	0	0	0	1
7998	0	0	1	0
7999	0	0	1	0
8000	0	0	1	0
8001	1	0	0	0
8002	0	1	0	0
8003	0	0	1	0
8004	0	1	0	0
8005	1	0	0	0
8006	0	0	1	0
8007	0	1	0	0
8008	1	0	0	0
8009	0	0	1	0
8010	0	1	0	0
8011	0	1	0	0
8012	0	0	0	1
8013	0	1	0	0
8014	1	0	0	0
8015	0	0	1	0
8016	0	0	1	0
8017	0	0	1	0
8018	0	0	1	0
8019	1	0	0	0
8020	0	1	0	0
8248	0	0	1	0
8249	0	0	0	1
8250	0	0	1	0
8251	0	0	1	0
8252	0	0	0	1
8253	0	1	0	0
8254	1	0	0	0
8255	1	0	0	0
8256	1	0	0	0
8257	1	0	0	0
8258	1	0	0	0
8259	0	0	1	0
8260	0	1	0	0
8261	1	0	0	0
8262	0	0	1	0
8263	0	1	0	0
8264	1	0	0	0
8265	0	0	0	1
8266	1	0	0	0
8267	0	0	1	0
8268	0	0	0	1
8269	0	0	0	1
8270	0	0	1	0
8271	0	0	1	0
8272	1	0	0	0
8273	0	0	0	1
8274	0	0	1	0
8275	0	0	1	0
8276	0	1	0	0
8277	0	1	0	0
8278	0	0	0	1
8279	0	0	1	0
8280	0	1	0	0
8281	0	0	0	1
8282	0	0	1	0
8283	0	0	0	1
8284	1	0	0	0
8285	1	0	0	0
8286	0	0	1	0
8287	1	0	0	0
8288	0	0	1	0
8289	1	0	0	0
8290	0	1	0	0
8291	1	0	0	0
8292	0	0	1	0
8293	1	0	0	0
8294	0	0	0	1
8295	0	0	0	1
8296	1	0	0	0
8297	1	0	0	0
8298	0	0	1	0
8299	1	0	0	0
8300	1	0	0	0
8301	0	0	1	0
8302	1	0	0	0
8303	0	0	1	0
8304	0	1	0	0
8305	0	0	0	1
8306	0	1	0	0
8307	1	0	0	0
8308	0	0	1	0
8309	0	1	0	0
8310	0	1	0	0
8311	1	0	0	0
8312	0	0	1	0
8313	0	1	0	0
8314	1	0	0	0
8315	0	0	1	0
8316	0	1	0	0
8317	1	0	0	0
