	A	C	G	T
314	0	0	0	2
315	0	0	0	4
316	4	0	0	0
317	0	0	4	0
318	0	0	4	0
319	0	1	0	3
320	0	0	0	4
321	4	0	0	0
322	4	0	0	0
323	0	0	4	0
324	0	0	4	0
325	0	4	0	0
326	0	4	0	0
327	4	0	0	0
328	0	0	4	0
329	0	0	4	0
330	0	0	4	0
331	0	0	4	0
332	0	0	4	0
333	4	0	0	0
334	4	0	0	0
335	4	0	0	0
336	0	0	4	0
337	4	0	0	0
338	4	0	0	0
339	4	0	0	0
340	0	1	0	3
341	1	0	3	0
342	0	1	0	3
343	0	0	0	4
344	4	0	0	0
345	0	0	0	4
346	4	0	0	0
347	0	0	1	3
348	0	0	4	0
349	0	1	0	3
350	0	0	0	4
351	4	0	0	0
352	4	0	0	0
353	4	0	0	0
354	1	0	3	0
355	0	4	0	0
356	4	0	0	0
357	0	1	0	3
358	3	1	0	0
359	0	0	0	4
360	4	0	0	0
361	0	0	4	0
362	0	0	0	4
363	4	0	0	0
364	0	0	0	4
365	0	0	4	0
366	0	0	4	0
367	0	0	4	0
368	0	4	0	0
369	4	0	0	0
370	4	0	0	0
371	0	0	4	0
372	0	4	0	0
373	4	0	0	0
374	0	0	4	0
375	0	0	4	0
376	0	0	4	0
377	4	0	0	0
378	0	0	4	0
379	0	4	0	0
380	0	0	0	4
381	0	0	4	0
382	0	0	4	0
383	4	0	0	0
384	4	0	0	0
385	4	0	0	0
386	0	0	4	0
387	3	0	0	0
496	4	0	0	0
497	4	0	0	0
498	0	4	0	0
499	4	0	0	0
500	0	4	0	0
501	4	0	0	0
502	0	0	4	0
503	0	0	0	4
504	4	0	0	0
505	0	0	4	0
506	0	3	0	1
507	4	0	0	0
508	4	0	0	0
509	0	4	0	0
510	0	0	0	4
511	0	4	0	0
512	0	0	0	4
513	0	4	0	0
514	0	0	0	4
515	4	0	0	0
516	0	0	0	4
517	0	0	0	4
518	0	0	4	0
519	0	0	0	4
520	0	0	4	0
521	0	0	0	4
522	4	0	0	0
523	0	4	0	0
524	4	0	0	0
525	0	0	0	4
526	1	0	3	0
527	4	0	0	0
528	4	0	0	0
529	4	0	0	0
530	4	0	0	0
531	0	0	4	0
532	4	0	0	0
533	0	0	0	4
534	4	0	0	0
535	1	0	3	0
536	4	0	0	0
537	0	0	4	0
538	0	0	4	0
539	0	0	0	4
540	4	0	0	0
541	0	4	0	0
542	1	0	3	0
543	4	0	0	0
544	0	0	4	0
545	4	0	0	0
546	0	4	0	0
547	4	0	0	0
548	0	4	0	0
549	0	4	0	0
550	4	0	0	0
551	4	0	0	0
552	0	0	4	0
553	0	0	4	0
554	4	0	0	0
555	4	0	0	0
556	0	0	4	0
557	0	4	0	0
558	0	4	0	0
559	0	0	0	4
560	0	0	0	4
561	4	0	0	0
562	0	0	4	0
563	4	0	0	0
564	0	4	0	0
565	4	0	0	0
566	1	0	0	3
567	0	0	4	0
568	3	0	0	0
569	0	0	0	3
570	3	0	0	0
772	0	0	0	0
773	0	0	0	0
774	136	0	0	0
775	0	0	0	152
776	0	152	0	0
777	152	0	0	0
778	0	0	152	0
779	152	0	0	0
780	152	0	0	0
781	0	0	152	0
782	0	0	152	0
783	152	0	0	0
784	0	0	152	0
785	0	152	0	0
786	0	152	0	0
787	152	0	0	0
788	0	152	0	0
789	0	152	0	0
790	0	152	0	0
791	0	152	0	0
792	152	0	0	0
793	0	148	0	0
794	144	0	0	0
829	0	1	0	0
830	1	0	0	0
831	0	0	0	1
832	0	1	0	0
833	1	0	0	0
834	1	0	0	0
835	0	0	1	0
836	0	1	0	0
837	1	0	0	0
838	0	0	1	0
839	0	1	0	0
840	0	1	0	0
841	1	0	0	0
842	0	0	0	1
843	0	0	1	0
844	0	1	0	0
845	1	0	0	0
846	0	0	1	0
847	1	0	0	0
848	0	0	0	1
849	0	0	1	0
850	0	0	0	1
851	0	0	0	1
852	1	0	0	0
853	1	0	0	0
854	1	0	0	0
855	1	0	0	0
856	0	0	1	0
857	1	0	0	0
858	0	0	0	1
859	1	0	0	0
860	0	1	0	0
861	0	1	0	0
862	1	0	0	0
863	0	0	0	1
864	0	1	0	0
865	1	0	0	0
866	1	0	0	0
867	0	0	0	1
868	0	0	1	0
869	1	0	0	0
870	0	0	1	0
871	0	0	1	0
872	1	0	0	0
873	0	0	1	0
874	0	0	1	0
875	0	1	0	0
876	0	0	0	1
877	0	0	1	0
878	0	1	0	0
879	1	0	0	0
880	0	0	1	0
881	1	0	0	0
882	1	0	0	0
883	0	0	0	1
884	0	0	1	0
885	0	0	1	0
886	0	0	1	0
887	1	0	0	0
888	0	0	0	1
889	1	0	0	0
890	0	0	1	0
891	0	0	1	0
892	0	0	0	1
893	0	0	0	1
894	1	0	0	0
895	0	1	0	0
896	1	0	0	0
897	0	0	0	1
898	0	1	0	0
899	0	1	0	0
900	1	0	0	0
901	0	0	1	0
902	0	0	0	1
903	0	0	1	0
904	0	1	0	0
905	1	0	0	0
906	0	0	0	1
907	0	0	1	0
908	0	1	0	0
909	1	0	0	0
910	0	0	1	0
911	0	0	1	0
912	0	0	1	0
913	0	1	0	0
914	0	1	0	0
915	0	0	0	1
916	1	0	0	0
917	0	0	0	1
918	0	0	0	1
919	0	0	1	0
920	0	1	0	0
921	1	0	0	0
922	0	1	0	0
923	0	1	0	0
924	1	0	0	0
925	0	0	1	0
926	0	0	1	0
1312	0	0	1	0
1313	0	0	1	0
1314	1	0	0	0
1315	0	1	0	0
1316	0	1	0	0
1317	0	0	0	1
1318	1	0	0	0
1319	0	0	1	0
1320	0	0	0	1
1321	0	1	0	0
1322	1	0	0	0
1323	0	0	0	1
1324	1	0	0	0
1325	1	0	0	0
1326	1	0	0	0
1327	0	0	1	0
1328	0	1	0	0
1329	1	0	0	0
1330	1	0	0	0
1331	0	0	1	0
1332	1	0	0	0
1333	0	0	1	0
1334	0	0	0	1
1335	0	0	0	1
1336	0	0	0	1
1337	0	0	0	1
1338	0	0	1	0
1339	0	0	1	0
1340	0	1	0	0
1341	0	0	0	1
1342	0	0	1	0
1343	1	0	0	0
1344	0	0	1	0
1345	0	0	1	0
1346	0	1	0	0
1347	1	0	0	0
1348	0	0	0	0
1349	0	0	0	1
1350	0	0	1	0
1351	1	0	0	0
1352	0	0	1	0
1353	0	1	0	0
1354	0	1	0	0
1355	1	0	0	0
1356	1	0	0	0
1357	0	0	1	0
1358	0	1	0	0
1359	1	0	0	0
1360	0	0	1	0
1361	0	0	1	0
1362	0	1	0	0
1363	1	0	0	0
1364	1	0	0	0
1365	0	0	0	1
1366	1	0	0	0
1367	0	1	0	0
1368	1	0	0	0
1369	1	0	0	0
1370	1	0	0	0
1371	0	1	0	0
1372	1	0	0	0
1373	0	0	0	1
1374	1	0	0	0
1375	1	0	0	0
1376	0	0	0	1
1377	0	0	1	0
1378	1	0	0	0
1379	0	0	0	1
1380	0	0	1	0
1381	0	1	0	0
1382	1	0	0	0
1383	0	0	1	0
1384	1	0	0	0
1385	0	0	1	0
1386	1	0	0	0
1387	1	0	0	0
1388	0	0	1	0
1389	0	0	0	0
1390	1	0	0	0
1391	1	0	0	0
1392	0	0	0	1
1393	0	0	0	1
1394	0	0	0	1
1395	0	0	0	1
1396	1	0	0	0
1397	1	0	0	0
1398	1	0	0	0
1399	0	0	1	0
1400	0	0	1	0
1401	0	1	0	0
1402	0	1	0	0
1403	0	1	0	0
1404	0	0	0	1
1405	1	0	0	0
1406	0	0	1	0
1407	1	0	0	0
1408	1	0	0	0
1409	0	0	1	0
1410	1	0	0	0
1411	0	0	0	1
1412	0	1	0	0
1413	0	0	0	1
1414	1	0	0	0
1415	0	0	0	1
1416	0	0	0	1
1417	1	0	0	0
1418	1	0	0	0
1419	1	0	0	0
1420	0	0	0	1
1421	0	0	1	0
1422	0	0	0	1
1423	0	0	0	1
1424	0	0	0	1
1425	0	1	0	0
1426	1	0	0	0
1427	1	0	0	0
1686	1	0	0	0
1687	0	1	0	0
1688	0	1	0	0
1689	0	1	0	0
1690	0	0	0	1
1691	0	0	0	1
1692	1	0	0	0
1693	1	0	0	0
1694	0	1	0	0
1695	0	0	0	1
1696	0	0	1	0
1697	0	1	0	0
1698	0	1	0	0
1699	0	1	0	0
1700	0	0	0	1
1701	0	1	0	0
1702	1	0	0	0
1703	1	0	0	0
1704	1	0	0	0
1705	0	0	0	1
1706	0	1	0	0
1707	1	0	0	0
1708	0	1	0	0
1709	0	0	0	1
1710	0	1	0	0
1711	0	0	0	1
1712	0	0	0	1
1713	0	0	0	1
1714	0	0	1	0
1715	0	0	1	0
1716	0	1	0	0
1717	1	0	0	0
1718	0	0	1	0
1719	0	1	0	0
1720	0	0	1	0
1721	1	0	0	0
1722	0	1	0	0
1723	0	1	0	0
1724	0	1	0	0
1725	0	1	0	0
1726	0	0	0	1
1727	0	0	0	1
1728	0	0	1	0
1729	0	0	0	1
1730	0	1	0	0
1731	0	0	0	1
1732	0	1	0	0
1733	1	0	0	0
1734	1	0	0	0
1735	0	0	0	1
1736	1	0	0	0
1737	1	0	0	0
1738	1	0	0	0
1739	0	0	1	0
1740	0	0	1	0
1741	0	0	0	1
1742	1	0	0	0
1743	0	0	1	0
1744	0	0	1	0
1745	0	0	0	0
1746	0	0	1	0
1747	0	0	1	0
1748	0	0	0	1
1749	0	1	0	0
1750	1	0	0	0
1751	0	0	1	0
1752	0	0	1	0
1753	0	0	0	1
1754	1	0	0	0
1755	1	0	0	0
2045	0	0	0	1
2046	0	0	1	0
2047	0	0	1	0
2048	0	1	0	0
2049	0	1	0	0
2050	0	1	0	0
2051	1	0	0	0
2052	1	0	0	0
2053	1	0	0	0
2054	0	0	1	0
2055	0	0	1	0
2056	0	0	0	1
2057	0	0	0	1
2058	1	0	0	0
2059	1	0	0	0
2060	1	0	0	0
2061	0	1	0	0
2062	1	0	0	0
2063	1	0	0	0
2064	0	0	0	1
2065	0	0	1	0
2066	0	0	1	0
2067	0	1	0	0
2068	0	1	0	0
2069	1	0	0	0
2070	0	0	0	1
2071	0	0	0	1
2072	0	0	1	0
2073	1	0	0	0
2074	0	1	0	0
2075	1	0	0	0
2076	0	0	1	0
2077	1	0	0	0
2078	1	0	0	0
2079	0	0	1	0
2080	1	0	0	0
2081	0	0	2	0
2082	2	0	0	0
2083	2	0	0	0
2084	2	0	0	0
2085	2	0	0	0
2086	0	0	0	2
2087	2	0	0	0
2088	2	0	0	0
2089	2	0	0	0
2090	2	0	0	0
2091	0	0	2	0
2092	0	2	0	0
2093	2	0	0	0
2094	0	0	0	2
2095	0	0	0	2
2096	2	0	0	0
2097	2	0	0	0
2098	0	2	0	0
2099	2	0	0	0
2100	0	0	2	0
2101	0	2	0	0
2102	2	0	0	0
2103	2	0	0	0
2104	0	0	0	2
2105	0	0	0	2
2106	0	0	0	2
2107	0	0	2	0
2108	0	0	0	2
2109	0	0	2	0
2110	2	0	0	0
2111	0	0	2	0
2112	0	0	2	0
2113	2	0	0	0
2114	1	0	1	0
2115	2	0	0	0
2116	0	0	0	2
2117	0	0	2	0
2118	0	0	1	0
2119	1	0	0	0
2120	0	0	1	0
2121	1	0	0	0
2122	1	0	0	0
2123	0	0	1	0
2124	0	0	1	0
2125	1	0	0	0
2126	1	0	0	0
2127	0	0	1	0
2128	0	0	1	0
2129	1	0	0	0
2130	1	0	0	0
2131	1	0	0	0
2132	1	0	0	0
2133	1	0	0	0
2134	0	0	0	1
2135	0	0	0	1
2136	1	0	0	0
2137	0	1	0	0
2138	1	0	0	0
2139	1	0	0	0
2140	1	0	0	0
2141	1	0	0	0
2142	1	0	0	0
2143	0	0	0	1
2144	0	0	0	1
2145	0	0	1	0
2146	0	0	1	0
2147	0	0	1	0
2148	0	1	0	0
2149	0	1	0	0
2150	0	0	0	1
2151	0	0	1	0
2152	1	0	0	0
2339	0	0	0	1
2340	0	0	0	1
2341	0	0	0	1
2342	0	0	0	1
2343	0	0	0	1
2344	0	1	0	0
2345	1	0	0	0
2346	0	0	1	0
2347	0	0	0	1
2348	0	0	0	1
2349	0	1	0	0
2350	0	1	0	0
2351	0	0	0	1
2352	0	0	0	1
2353	0	0	0	1
2354	1	0	0	0
2355	0	0	1	0
2356	1	0	0	0
2357	0	0	0	1
2358	0	0	1	0
2359	1	0	0	0
2360	1	0	0	0
2361	0	0	1	0
2362	0	0	1	0
2363	0	1	0	0
2364	0	0	0	1
2365	0	0	0	1
2366	0	1	0	0
2367	1	0	0	0
2368	0	0	1	0
2369	0	0	1	0
2370	1	0	0	0
2371	1	0	0	0
2372	0	0	1	0
2373	0	0	0	1
2374	1	0	0	0
2375	0	0	0	1
2376	1	0	0	0
2377	0	1	0	0
2378	0	0	0	1
2379	0	0	1	0
2380	0	1	0	0
2381	1	0	0	0
2382	0	0	0	1
2383	0	0	0	1
2384	0	1	0	0
2385	1	0	0	0
2386	0	1	0	0
2387	0	1	0	0
2388	1	0	0	0
2389	0	0	0	1
2390	1	0	0	0
2391	0	1	0	0
2392	0	1	0	0
2393	0	1	0	0
2394	1	0	0	0
2395	0	0	1	0
2396	0	0	0	1
2397	1	0	0	0
2398	0	0	0	1
2399	1	0	0	0
2400	1	0	0	0
2401	1	0	0	0
2402	0	0	0	1
2403	1	0	0	0
2404	1	0	0	0
2405	0	0	0	1
2406	0	0	1	0
2407	1	0	0	0
2408	1	0	0	0
2409	1	0	0	0
2410	0	1	0	0
2411	1	0	0	0
2412	0	1	0	0
2413	0	1	0	0
3001	1	0	0	0
3002	1	0	0	0
3003	0	0	0	1
3004	0	0	1	0
3005	0	0	0	0
3006	1	0	0	0
3007	0	1	0	0
3008	1	0	0	0
3009	0	0	0	1
3010	1	0	0	0
3011	0	0	0	1
3012	0	1	0	0
3013	1	0	0	0
3014	1	0	0	0
3015	0	0	0	0
3016	0	0	0	1
3017	0	0	0	1
3018	0	0	0	1
3019	1	0	0	0
3020	0	1	0	0
3021	0	1	0	0
3022	1	0	0	0
3023	1	0	0	0
3024	0	0	1	0
3025	1	0	0	0
3026	1	0	0	0
3027	0	1	0	0
3028	0	1	0	0
3029	1	0	0	0
3030	0	0	0	1
3031	0	0	0	1
3032	0	1	0	0
3033	1	0	0	0
3034	1	0	0	0
3035	1	0	0	0
3036	0	0	0	0
3037	1	0	0	0
3038	0	0	0	1
3039	0	1	0	0
3040	0	0	0	1
3041	0	0	1	0
3042	1	0	0	0
3043	1	0	0	0
3044	0	0	0	0
3045	1	0	0	0
3046	0	1	0	0
3047	1	0	0	0
3048	0	0	1	0
3049	0	0	0	0
3050	0	0	1	0
3051	1	0	0	0
3052	1	0	0	0
3053	0	0	1	0
3054	0	0	0	0
3055	1	0	0	0
3056	0	0	0	0
3057	0	0	1	0
3058	0	1	0	0
3059	1	0	0	0
3060	1	0	0	0
3061	1	0	0	0
3062	1	0	0	0
3063	1	0	0	0
3064	0	0	0	0
3065	0	0	1	0
3066	1	0	0	0
3067	0	0	1	0
3068	1	0	0	0
3069	1	0	0	0
3070	0	2	0	0
3071	0	0	0	1
3072	0	0	1	0
3073	0	2	0	0
3074	0	1	0	0
3075	0	1	0	0
3076	1	0	0	0
3077	0	1	0	0
3078	1	0	0	0
3079	0	1	0	0
3080	0	0	0	1
3081	1	0	0	0
3082	1	0	0	0
3083	0	0	0	1
3084	0	0	1	0
3085	1	0	0	0
3086	0	0	0	1
3087	0	0	1	0
3088	0	0	0	1
3089	1	0	0	0
3090	1	0	0	0
3091	1	0	0	0
3092	1	0	0	0
3093	0	1	0	0
3094	1	0	0	0
3095	0	0	1	0
3096	0	0	0	1
3097	0	0	0	1
3098	1	0	0	0
3099	1	0	0	0
3100	0	1	0	0
3101	1	0	0	0
3102	0	0	1	0
3103	1	0	0	0
3104	0	0	1	0
3105	0	0	1	0
3106	0	1	0	0
3107	1	0	0	0
3108	0	0	1	0
3109	0	0	0	1
3110	0	0	1	0
3111	0	1	0	0
3112	1	0	0	0
3113	1	0	0	0
3114	1	0	0	0
3115	1	0	0	0
3116	1	0	0	0
3117	1	0	0	0
3118	0	0	0	1
3119	1	0	0	0
3120	0	0	1	0
3121	0	1	0	0
3122	0	1	0	0
3123	0	0	0	1
3124	0	0	0	1
3125	0	0	1	0
3126	0	0	1	0
3127	1	0	0	0
3128	1	0	0	0
3129	1	0	0	0
3130	0	0	1	0
3131	0	1	0	0
3132	1	0	0	0
3133	0	0	0	1
3134	1	0	0	0
3135	0	0	1	0
3136	0	0	0	1
3137	1	0	0	0
3138	1	0	0	0
3139	0	0	0	1
3140	1	0	0	0
3141	0	0	0	1
3394	0	0	0	1
3395	0	0	0	1
3396	0	0	0	1
3397	0	1	0	0
3398	0	0	0	1
3399	0	0	0	0
3400	0	0	0	1
3401	1	0	0	0
3402	1	0	0	0
3403	0	1	0	0
3404	0	0	0	1
3405	0	0	1	0
3406	1	0	0	0
3407	1	0	0	0
3408	1	0	0	0
3409	0	1	0	0
3410	1	0	0	0
3411	1	0	0	0
3412	0	1	0	0
3413	0	0	0	0
3414	1	0	0	0
3415	0	0	0	0
3416	0	0	0	1
3417	0	1	0	0
3418	1	0	0	0
3419	0	0	1	0
3420	1	0	0	0
3421	0	0	0	0
3422	0	0	1	0
3423	1	0	0	0
3424	0	1	0	0
3425	0	0	0	1
3426	0	0	1	0
3427	1	0	0	0
3428	0	0	1	0
3429	0	0	0	1
3430	0	0	0	1
3431	1	0	0	0
3432	0	0	1	0
3433	1	0	0	0
3434	1	0	0	0
3435	0	0	1	0
3436	0	1	0	0
3437	1	0	0	0
3438	1	0	0	0
3439	0	0	0	0
3440	0	0	0	1
3441	0	1	0	0
3442	1	0	0	0
3443	0	0	1	0
3444	0	1	0	0
3445	0	0	0	1
3446	1	0	0	0
3447	0	0	1	0
3448	0	1	0	0
3449	0	0	0	1
3450	0	1	0	0
3451	0	0	0	1
3452	0	0	2	0
3453	0	2	0	0
3454	2	0	0	0
3455	2	0	0	0
3456	0	0	2	0
3457	1	0	0	0
3458	0	0	0	2
3459	0	0	0	2
3460	0	1	0	0
3461	2	0	0	0
3462	0	0	1	0
3463	0	0	1	0
3464	1	0	0	0
3465	0	1	0	0
3466	0	1	0	0
3467	1	0	0	0
3468	0	0	1	0
3469	1	0	0	0
3470	1	0	0	0
3471	0	0	1	0
3472	0	0	0	1
3473	1	0	0	0
3474	1	0	0	0
3475	1	0	0	0
3476	0	1	0	0
3477	1	0	0	0
3478	0	0	0	1
3479	1	0	0	0
3480	0	0	1	0
3481	0	0	0	1
3482	1	0	0	0
3483	1	0	0	0
3484	0	1	0	0
3485	1	0	0	0
3486	0	0	1	0
3487	1	0	0	0
3488	0	1	0	0
3489	0	0	0	1
3490	0	1	0	0
3491	1	0	0	0
3492	0	1	0	0
3493	1	0	0	0
3494	0	0	1	0
3495	0	0	0	1
3496	1	0	0	0
3497	0	0	0	1
3498	0	0	1	0
3499	0	1	0	0
3500	1	0	0	0
3501	0	0	0	1
3502	0	0	0	1
3503	1	0	0	0
3504	0	0	1	0
3505	0	0	1	0
3506	1	0	0	0
3507	1	0	0	0
3508	0	0	0	1
3509	0	1	0	0
3510	1	0	0	0
3511	0	0	0	1
3512	0	0	0	1
3513	0	1	0	0
3514	1	0	0	0
3515	0	0	1	0
3516	0	0	1	0
3517	0	1	0	0
3518	1	0	0	0
3519	0	1	0	0
3520	1	0	0	0
3521	1	0	0	0
3522	0	1	0	0
3523	0	1	0	0
3524	1	0	0	0
3525	0	0	1	0
3526	1	0	0	0
4077	1	0	0	0
4078	0	0	0	1
4079	0	1	0	0
4080	0	1	0	0
4081	1	0	0	0
4082	1	0	0	0
4083	0	1	0	0
4084	1	0	0	0
4085	0	0	1	0
4086	0	0	1	0
4087	1	0	0	0
4088	1	0	0	0
4089	0	0	0	1
4090	0	0	0	1
4091	0	0	0	1
4092	0	0	1	0
4093	0	0	1	0
4094	1	0	0	0
4095	1	0	0	0
4096	0	0	0	1
4097	0	0	0	1
4098	0	1	0	0
4099	0	1	0	0
4100	0	1	0	0
4101	0	0	0	1
4102	1	0	0	0
4103	0	1	0	0
4104	1	0	0	0
4105	1	0	0	0
4106	0	0	0	1
4107	0	1	0	0
4108	0	1	0	0
4109	0	1	0	0
4110	0	1	0	0
4111	1	0	0	0
4112	1	0	0	0
4113	1	0	0	0
4114	0	0	1	0
4115	0	0	0	1
4116	0	1	0	0
4117	1	0	0	0
4118	0	0	1	0
4119	0	0	1	0
4120	0	0	1	0
4121	1	0	0	0
4122	0	0	1	0
4123	0	0	0	1
4124	1	0	0	0
4125	0	0	1	0
4126	0	0	0	1
4127	1	0	0	0
4128	0	0	1	0
4129	1	0	0	0
4130	1	0	0	0
4131	0	0	0	1
4132	0	1	0	0
4133	0	1	0	0
4134	1	0	0	0
4135	0	0	0	1
4136	0	0	1	0
4137	1	0	0	0
4138	1	0	0	0
4139	0	0	0	1
4140	1	0	0	0
4141	1	0	0	0
4142	1	0	0	0
4143	0	0	1	0
4144	1	0	0	0
4145	1	0	0	0
4146	0	0	0	1
4147	0	0	0	1
4148	1	0	0	0
4149	1	0	0	0
4150	1	0	0	0
4151	0	0	1	0
4152	1	0	0	0
4153	1	0	0	0
4154	1	0	0	0
4155	1	0	0	0
4156	0	0	0	1
4157	0	1	0	0
4158	1	0	0	0
4159	0	0	0	1
4160	1	0	0	0
4161	0	0	1	0
4531	1	0	0	0
4532	0	0	0	2
4533	0	0	3	0
4534	2	0	0	0
4535	2	0	0	0
4536	0	0	3	0
4537	3	0	0	0
4538	0	0	0	3
4539	0	3	0	0
4540	3	0	0	0
4541	0	0	3	0
4542	2	0	0	0
4543	2	0	0	0
4544	0	3	0	0
4545	3	0	0	0
4546	0	0	0	2
4547	0	0	3	0
4548	0	0	3	0
4549	3	0	0	0
4550	3	0	0	0
4551	0	0	0	3
4552	3	0	0	0
4553	0	0	3	0
4554	0	0	0	3
4555	0	0	0	3
4556	0	0	0	3
4557	0	0	3	0
4558	0	0	3	0
4559	0	0	0	3
4560	3	0	0	0
4561	3	0	0	0
4562	3	0	0	0
4563	0	0	3	0
4564	0	3	0	0
4565	3	0	0	0
4566	0	3	0	0
4567	0	3	0	0
4568	3	0	0	0
4569	0	0	0	3
4570	3	0	0	0
4571	0	0	0	3
4572	0	0	3	0
4573	0	0	0	3
4574	3	0	0	0
4575	0	0	0	3
4576	0	0	3	0
4577	0	0	0	3
4578	0	3	0	0
4579	0	0	0	3
4580	0	3	0	0
4581	2	0	0	0
4582	3	0	0	0
4583	0	0	3	0
4584	0	0	3	0
4585	3	0	0	0
4586	0	0	3	0
4587	3	0	0	0
4588	0	0	3	0
4589	0	3	0	0
4590	0	0	0	3
4591	3	0	0	0
4592	0	0	3	0
4593	0	0	0	3
4594	0	0	3	0
4595	0	0	3	0
4596	0	0	3	0
4597	0	0	0	3
4598	0	0	3	0
4599	0	0	2	0
4600	0	0	0	3
4601	0	0	0	3
4946	0	0	0	3
4947	3	0	0	0
4948	3	0	0	0
4949	3	0	0	0
4950	3	0	0	0
4951	0	3	0	0
4952	0	3	0	0
4953	3	0	0	0
4954	3	0	0	0
4955	3	0	0	0
4956	0	0	3	0
4957	3	0	0	0
4958	3	0	0	0
4959	0	0	3	0
4960	3	0	0	0
4961	0	0	2	0
4962	3	0	0	0
4963	3	0	0	0
4964	3	0	0	0
4965	0	0	2	0
4966	0	3	0	0
4967	0	3	0	0
4968	3	0	0	0
4969	0	2	0	0
4970	0	3	0	0
4971	0	0	0	3
4972	0	3	0	0
4973	0	0	0	3
4974	0	0	3	0
4975	0	3	0	0
4976	0	3	0	0
4977	0	0	0	3
4978	3	0	0	0
4979	0	0	3	0
4980	0	0	0	3
4981	0	0	2	0
4982	0	0	0	3
4983	0	0	0	3
4984	3	0	0	0
4985	0	0	3	0
4986	3	0	0	0
4987	3	0	0	0
4988	3	0	0	0
4989	3	0	0	0
4990	0	0	0	3
4991	0	0	0	3
4992	3	0	0	0
4993	0	0	3	0
4994	0	0	0	3
4995	3	0	0	0
4996	0	0	3	0
4997	3	0	0	0
4998	0	0	3	0
4999	0	0	3	0
5000	3	0	0	0
5001	0	0	0	3
5002	3	0	0	0
5003	0	0	3	0
5004	3	0	0	0
5005	0	0	0	3
5006	0	0	3	0
5007	0	0	3	0
5008	3	0	0	0
5009	3	0	0	0
5010	0	3	0	0
5011	3	0	0	0
5012	3	0	0	0
5013	0	3	0	0
5014	0	3	0	0
5015	0	3	0	0
5016	0	3	0	0
5017	0	3	0	0
5018	3	0	0	0
5019	0	0	3	0
5020	3	0	0	0
5423	1	0	0	0
5424	0	0	1	0
5425	1	0	0	0
5426	1	0	0	0
5427	0	0	1	0
5428	0	1	0	0
5429	0	0	1	0
5430	0	0	1	0
5431	1	0	0	0
5432	0	0	1	0
5433	1	0	0	0
5434	0	1	0	0
5435	1	0	0	0
5436	0	0	1	0
5437	0	1	0	0
5438	0	0	1	0
5439	1	0	0	0
5440	0	1	0	0
5441	0	0	1	0
5442	1	0	0	0
5443	1	0	0	0
5444	0	0	1	0
5445	0	1	0	0
5446	1	0	0	0
5447	0	1	0	0
5448	0	0	0	1
5449	0	1	0	0
5450	0	1	0	0
5451	0	0	0	1
5452	0	0	1	0
5453	0	1	0	0
5454	1	0	0	0
5455	1	0	0	0
5456	0	0	1	0
5457	0	1	0	0
5458	1	0	0	0
5459	0	0	1	0
5460	0	0	0	1
5461	0	0	1	0
5462	1	0	0	0
5463	0	0	1	0
5464	0	0	1	0
5465	1	0	0	0
5466	0	0	0	1
5467	0	1	0	0
5468	1	0	0	0
5469	0	0	0	1
5470	0	1	0	0
5471	1	0	0	0
5472	1	0	0	0
5473	1	0	0	0
5474	1	0	0	0
5475	0	0	0	1
5476	0	1	0	0
5477	0	0	0	1
5478	0	0	0	1
5479	0	0	1	0
5480	0	0	0	1
5481	1	0	0	0
5482	0	0	0	1
5483	0	1	0	0
5484	1	0	0	0
5485	1	0	0	0
5486	1	0	0	0
5487	0	0	1	0
5488	0	1	0	0
5489	1	0	0	0
5490	0	0	1	0
5491	0	0	0	1
5492	1	0	0	0
5493	1	0	0	0
5494	0	0	1	0
5527	0	0	1	0
5528	1	0	0	0
5529	0	0	0	1
5530	0	0	0	1
5531	1	0	0	0
5532	0	0	0	1
5533	1	0	0	0
5534	0	0	1	0
5535	1	0	0	0
5536	0	0	0	1
5537	0	0	0	1
5538	1	0	0	0
5539	0	0	1	0
5540	0	0	1	0
5541	1	0	0	0
5542	0	0	1	0
5543	0	0	0	1
5544	1	0	0	0
5545	0	0	1	0
5546	0	1	0	0
5547	1	0	0	0
5548	0	0	1	0
5549	0	1	0	0
5550	0	0	0	1
5551	0	0	0	1
5552	0	0	0	1
5553	0	0	1	0
5554	1	0	0	0
5555	0	0	0	1
5556	1	0	0	0
5557	1	0	0	0
5558	0	0	0	1
5559	1	0	0	0
5560	0	0	1	0
5561	0	1	0	0
5562	1	0	0	0
5563	0	0	0	1
5564	0	0	0	1
5565	1	0	0	0
5566	1	0	0	0
5567	0	0	0	1
5568	0	1	0	0
5569	1	0	0	0
5570	0	0	0	1
5571	1	0	0	0
5572	0	0	1	0
5573	0	1	0	0
5574	1	0	0	0
5575	1	0	0	0
5576	0	0	0	1
5577	1	0	0	0
5578	0	0	1	0
5579	0	0	0	1
5580	0	0	0	1
5581	0	0	1	0
5582	0	0	0	1
5583	0	0	1	0
5584	0	0	0	1
5585	0	0	1	0
5586	0	0	1	0
5587	1	0	0	0
5588	0	0	1	0
5589	0	1	0	0
5590	1	0	0	0
5591	0	0	0	1
5592	1	0	0	0
5593	0	0	1	0
5594	0	0	0	1
5595	1	0	0	0
5596	0	0	0	1
5597	1	0	0	0
5615	0	0	0	1
5616	0	0	1	0
5617	0	0	0	1
5618	0	0	0	1
5619	1	0	0	0
5620	1	0	0	0
5621	0	0	1	0
5622	1	0	0	0
5623	0	1	0	0
5624	1	0	0	0
5625	1	0	0	0
5626	1	0	0	0
5627	0	0	1	0
5628	1	0	0	0
5629	1	0	0	0
5630	1	0	0	0
5631	1	0	0	0
5632	1	0	0	0
5633	0	0	0	1
5634	1	0	0	0
5635	0	0	1	0
5636	1	0	0	0
5637	0	1	0	0
5638	0	0	0	1
5639	0	0	1	0
5640	0	0	1	0
5641	0	0	0	1
5642	0	0	0	1
5643	1	0	0	0
5644	0	0	1	0
5645	0	0	0	1
5646	0	0	0	1
5647	1	0	0	0
5648	0	0	1	0
5649	1	0	0	0
5650	1	0	0	0
5651	0	0	1	0
5652	1	0	0	0
5653	1	0	0	0
5654	0	0	0	1
5655	0	0	0	1
5656	1	0	0	0
5657	0	0	1	0
5658	0	0	1	0
5659	0	0	1	0
5660	1	0	0	0
5661	1	0	0	0
5662	1	0	0	0
5663	0	0	1	0
5664	1	0	0	0
5665	0	0	1	0
5666	0	1	0	0
5667	1	0	0	0
5668	0	0	1	0
5669	1	0	0	0
7564	1	0	0	0
7565	0	1	0	0
7566	1	0	0	0
7567	1	0	0	0
7568	0	0	0	1
7569	1	0	0	0
7570	0	0	0	1
7571	1	0	0	0
7572	0	1	0	0
7573	1	0	0	0
7574	0	0	1	0
7575	0	0	1	0
7576	0	0	0	1
7577	0	0	0	1
7578	1	0	0	0
7579	0	1	0	0
7580	0	0	0	1
7581	0	0	0	1
7582	0	0	1	0
7583	1	0	0	0
7584	1	0	0	0
7585	0	0	1	0
7586	1	0	0	0
7587	0	1	0	0
7588	0	0	0	1
7589	0	1	0	0
7590	0	0	1	0
7591	0	1	0	0
7592	1	0	0	0
7593	1	0	0	0
7594	1	0	0	0
7595	1	0	0	0
7596	0	1	0	0
7597	0	1	0	0
7598	1	0	0	0
7599	0	0	1	0
7600	0	1	0	0
7601	1	0	0	0
7602	0	0	1	0
7603	0	0	1	0
7604	1	0	0	0
7605	0	0	1	0
7606	1	0	0	0
7607	1	0	0	0
7608	1	0	0	0
7609	1	0	0	0
7610	1	0	0	0
7611	0	0	0	1
7612	0	0	1	0
7613	1	0	0	0
7614	1	0	0	0
7615	1	0	0	0
7616	1	0	0	0
7617	0	0	1	0
7618	0	0	1	0
7619	1	0	0	0
7620	0	0	0	1
7621	0	0	0	1
7622	0	0	0	1
7623	0	0	1	0
7624	0	0	0	1
7625	0	0	0	1
7626	1	0	0	0
7627	0	0	0	0
7628	0	1	0	0
7629	1	0	0	0
7630	0	0	0	1
7631	0	0	0	1
7632	0	0	1	0
7633	0	0	1	0
7634	1	0	0	0
7635	0	1	0	0
7753	1	0	0	0
7754	0	0	0	1
7755	1	0	0	0
7756	0	0	1	0
7757	0	0	0	1
7758	1	0	0	0
7759	1	0	0	0
7760	1	0	0	0
7761	1	0	0	0
7762	1	0	0	0
7763	0	0	1	0
7764	1	0	0	0
7765	0	0	1	0
7766	0	0	0	1
7767	0	0	0	1
7768	1	0	0	0
7769	0	0	1	0
7770	0	0	1	0
7771	0	1	0	0
7772	1	0	0	0
7773	0	0	1	0
7774	0	0	1	0
7775	0	0	1	0
7776	1	0	0	0
7777	0	0	0	1
7778	1	0	0	0
7779	0	1	0	0
7780	0	0	0	1
7781	0	1	0	0
7782	1	0	0	0
7783	0	1	0	0
7784	0	1	0	0
7785	0	0	0	1
7786	0	0	0	1
7787	0	0	0	1
7788	0	0	1	0
7789	0	0	0	1
7790	0	1	0	0
7791	0	0	1	0
7792	0	0	0	1
7793	0	0	0	1
7794	0	0	0	1
7795	0	1	0	0
7796	1	0	0	0
7797	0	0	1	0
7798	1	0	0	0
7799	0	1	0	0
7800	0	1	0	0
7801	0	1	0	0
7802	0	0	0	1
7803	0	0	0	1
7804	1	0	0	0
7805	0	0	0	1
7806	0	1	0	0
7807	0	1	0	0
7808	0	1	0	0
7809	1	0	0	0
7810	1	0	0	0
7811	0	0	1	0
7812	0	1	0	0
7813	0	1	0	0
7814	0	1	0	0
7815	0	0	1	0
7816	1	0	0	0
7817	0	0	1	0
7818	0	0	1	0
7819	0	0	1	0
7820	0	0	1	0
7821	1	0	0	0
7822	0	1	0	0
7823	0	0	0	1
7824	0	1	0	0
7825	0	0	1	0
7826	1	0	0	0
7827	0	1	0	0
8339	0	1	0	0
8340	1	0	0	0
8341	1	0	0	0
8342	0	0	1	0
8343	1	0	0	0
8344	0	1	0	0
8345	0	0	0	1
8346	0	0	0	1
8347	1	0	0	0
8348	0	0	1	0
8349	1	0	0	0
8350	0	0	0	1
8351	1	0	0	0
8352	1	0	0	0
8353	1	0	0	0
8354	0	0	0	1
8355	1	0	0	0
8356	0	0	0	1
8357	0	0	1	0
8358	0	0	1	0
8359	1	0	0	0
8360	0	0	1	0
8361	0	1	0	0
8362	1	0	0	0
8363	0	1	0	0
8364	0	0	0	1
8365	0	0	0	1
8366	1	0	0	0
8367	0	1	0	0
8368	1	0	0	0
8369	1	0	0	0
8370	0	0	1	0
8371	0	1	0	0
8372	1	0	0	0
8373	0	0	1	0
8374	0	1	0	0
8375	1	0	0	0
8376	1	0	0	0
8377	0	1	0	0
8378	1	0	0	0
8379	0	1	0	0
8380	1	0	0	0
8381	0	0	1	0
8382	0	0	0	1
8383	0	0	0	1
8384	1	0	0	0
8385	1	0	0	0
8386	0	1	0	0
8387	1	0	0	0
8388	0	1	0	0
8389	0	0	0	1
8390	1	0	0	0
8391	1	0	0	0
8392	0	0	0	1
8393	0	0	1	0
8394	0	1	0	0
8395	0	0	0	1
8396	0	0	1	0
8397	0	1	0	0
8398	0	0	0	1
8399	0	0	0	1
8400	0	0	1	0
8401	0	0	0	1
8402	0	0	1	0
8403	0	1	0	0
8404	0	1	0	0
8405	0	0	0	1
8406	0	0	1	0
8407	0	0	1	0
8408	0	1	0	0
8409	0	0	0	1
8410	0	0	1	0
8411	0	0	1	0
8412	1	0	0	0
8413	1	0	0	0
8414	0	0	1	0
8415	0	1	0	0
8416	0	0	1	0
8417	0	1	0	0
8418	1	0	0	0
8419	1	0	0	0
8420	0	0	1	0
8421	1	0	0	0
8422	0	0	1	0
8423	0	0	1	0
8424	1	0	0	0
8425	0	0	1	0
8426	0	0	1	0
8427	1	0	0	0
8428	1	0	0	0
8429	0	0	1	0
