	A	C	G	T
168	0	0	1	0
169	0	0	1	0
170	0	1	0	0
171	0	0	0	1
172	0	0	0	1
173	0	0	1	0
174	0	0	0	0
175	0	0	0	1
176	0	0	1	0
177	1	0	0	0
178	1	0	0	0
179	0	0	1	0
180	0	0	0	1
181	0	0	1	0
182	0	1	0	0
183	1	0	0	0
184	0	1	0	0
185	0	0	0	1
186	0	1	0	0
187	0	0	1	0
188	0	0	1	0
189	0	1	0	0
190	1	0	0	0
191	1	0	0	0
192	0	0	1	0
193	0	0	1	0
194	0	0	2	0
195	0	0	2	0
196	0	2	0	0
197	0	0	2	0
198	2	0	0	0
199	0	0	2	0
200	2	0	0	0
201	0	0	2	0
202	0	2	0	0
203	0	0	2	0
204	0	0	1	0
205	0	2	0	0
206	0	0	1	0
207	2	0	0	0
208	0	1	0	0
209	0	0	0	2
210	0	0	2	0
211	0	0	1	0
212	0	0	0	2
213	0	0	2	0
214	2	0	0	0
215	0	0	2	0
216	0	0	0	2
217	2	0	0	0
218	0	2	0	0
219	0	0	2	0
220	0	2	0	0
221	0	2	0	0
222	0	0	2	0
223	2	0	0	0
224	2	0	0	0
225	0	0	0	2
226	0	0	0	2
227	0	0	0	2
228	0	2	0	0
229	2	0	0	0
230	0	0	0	2
231	0	0	0	1
232	0	0	0	2
233	0	0	1	0
234	2	0	0	0
235	0	2	0	0
236	0	0	0	2
237	2	0	0	0
238	0	0	1	0
239	0	2	0	0
240	0	0	1	0
241	0	0	1	0
242	1	0	0	0
243	0	0	1	0
244	0	0	1	0
245	0	1	0	0
246	0	0	0	1
247	1	0	0	0
248	0	0	1	0
249	1	0	0	0
250	1	0	0	0
251	0	0	1	0
252	0	0	1	0
271	0	0	1	0
272	0	1	0	0
273	0	0	1	0
274	0	0	0	1
275	0	1	0	0
276	1	0	0	0
277	1	0	0	0
278	0	0	0	1
279	1	0	0	0
280	0	0	0	1
281	0	0	0	1
282	1	0	0	0
283	1	0	0	0
284	1	0	0	0
285	1	0	0	0
286	0	0	1	0
287	0	0	1	0
288	0	1	0	0
289	0	0	1	0
290	1	0	0	0
291	1	0	0	0
292	1	0	0	0
293	1	0	0	0
294	1	0	0	0
295	0	0	0	1
296	0	0	0	1
297	1	0	0	0
298	0	0	2	0
299	2	0	0	0
300	0	0	0	2
301	2	0	0	0
302	1	0	0	0
303	2	0	0	0
304	0	0	0	2
305	0	0	3	0
306	0	0	3	0
307	0	0	3	0
308	3	0	0	0
309	2	0	0	0
310	3	0	0	0
311	3	0	0	0
312	2	0	1	0
313	3	0	0	0
314	0	0	0	3
315	0	0	0	3
316	3	0	0	0
317	0	0	2	0
318	0	0	2	0
319	0	0	0	2
320	0	0	0	3
321	1	0	1	0
322	4	0	0	0
323	0	0	2	0
324	0	0	4	0
325	0	4	0	0
326	0	4	0	0
327	4	0	0	0
328	0	0	3	0
329	0	0	4	0
330	0	0	3	0
331	0	0	4	0
332	0	0	3	0
333	4	0	0	0
334	2	0	0	0
335	4	0	0	0
336	0	0	4	0
337	4	0	0	0
338	4	0	0	0
339	4	0	0	0
340	0	3	0	0
341	3	0	0	0
342	3	0	0	0
343	0	0	0	3
344	3	0	0	0
345	0	0	0	3
346	3	0	0	0
347	3	0	0	0
348	1	0	2	0
349	0	2	0	1
350	0	0	0	3
351	3	0	0	0
352	3	0	0	0
353	3	0	0	0
354	3	0	0	0
355	0	3	0	0
356	3	0	0	0
357	0	3	0	0
358	3	0	0	0
359	0	0	0	3
360	4	0	0	0
361	0	0	5	0
362	0	0	0	4
363	6	0	0	0
364	0	0	0	5
365	0	0	5	0
366	1	0	5	0
367	0	0	5	0
368	0	5	0	0
369	6	0	0	0
370	5	0	0	0
371	0	0	5	0
372	0	4	0	0
373	5	0	0	0
374	0	0	5	0
375	0	0	4	0
376	0	0	5	0
377	5	0	0	0
378	0	0	5	0
379	0	5	0	0
380	0	0	0	5
381	0	0	4	0
382	0	0	5	0
383	5	0	0	0
384	5	0	0	0
385	5	0	0	0
386	2	0	3	0
387	5	0	0	0
388	0	0	0	5
389	0	0	0	5
390	0	0	0	5
391	0	0	5	0
392	0	4	0	0
393	4	0	0	0
394	0	4	0	0
395	0	0	0	4
396	0	0	0	4
397	4	0	0	0
398	4	0	0	0
399	0	4	0	0
400	0	4	0	0
401	0	4	0	0
402	0	0	0	4
403	0	0	4	0
404	0	0	4	0
405	0	4	0	0
406	0	4	0	0
407	0	0	0	4
408	0	0	0	4
409	0	0	0	4
410	0	0	0	4
411	4	0	0	0
412	0	0	4	0
413	4	0	0	0
414	2	0	2	0
415	4	0	0	0
416	0	4	0	0
417	5	0	0	0
418	0	0	0	5
419	0	6	0	0
420	6	0	0	0
421	0	0	6	0
422	6	0	0	0
423	6	0	0	0
424	0	0	6	0
425	0	0	6	0
426	0	5	0	1
427	0	0	0	6
428	0	0	6	0
429	0	0	0	6
430	6	0	0	0
431	2	0	3	0
432	3	0	0	0
433	0	3	0	0
434	3	0	0	0
435	3	0	0	0
436	3	0	0	0
437	0	0	0	3
438	3	0	0	0
439	3	0	0	0
440	0	0	0	3
441	0	0	3	0
442	3	0	0	0
443	3	0	0	0
444	0	0	0	3
445	0	3	0	0
446	3	0	0	0
447	0	0	6	0
448	0	4	0	1
449	0	0	0	5
450	5	0	0	0
451	0	5	0	0
452	5	0	0	0
453	5	0	0	0
454	0	5	0	0
455	0	5	0	0
456	5	0	0	0
457	0	0	5	0
458	0	5	0	0
459	0	0	0	5
460	0	5	0	0
461	0	0	0	5
462	0	5	0	0
463	0	5	0	0
464	5	0	0	0
465	0	0	5	0
466	4	0	0	0
467	0	5	0	0
468	5	0	0	0
469	0	0	5	0
470	0	0	5	0
471	5	0	0	0
472	5	0	0	0
473	0	5	0	0
474	5	0	0	0
475	0	0	6	0
476	6	0	0	0
477	0	0	6	0
478	0	0	6	0
479	6	0	0	0
480	5	0	0	0
481	6	0	0	0
482	0	0	0	6
483	0	0	0	6
484	6	0	0	0
485	6	0	0	0
486	7	0	0	0
487	0	0	0	8
488	0	8	0	0
489	8	0	0	0
490	0	0	0	8
491	0	0	0	6
492	0	0	6	0
493	0	0	0	6
494	1	0	0	6
495	0	13	0	0
496	14	0	0	0
497	14	0	0	0
498	0	14	0	0
499	14	0	0	0
500	0	14	0	0
501	13	1	0	0
502	0	0	14	0
503	0	0	0	14
504	14	0	0	0
505	0	0	14	0
506	0	14	0	0
507	14	0	0	0
508	14	0	0	0
509	0	13	0	0
510	0	0	0	14
511	0	14	0	0
512	0	0	0	14
513	0	15	0	0
514	0	0	0	15
515	15	0	0	0
516	0	0	0	14
517	0	0	0	15
518	0	0	15	0
519	0	0	0	14
520	0	0	14	0
521	0	0	0	14
522	14	0	0	0
523	0	14	0	0
524	14	0	0	0
525	0	0	0	14
526	14	0	0	0
527	14	0	0	0
528	11	0	3	0
529	14	0	0	0
530	8	0	6	0
531	0	0	14	0
532	14	0	0	0
533	0	0	0	14
534	14	0	0	0
535	0	0	14	0
536	14	0	0	0
537	0	0	0	14
538	11	0	3	0
539	0	0	0	15
540	15	0	0	0
541	0	15	0	0
542	0	0	15	0
543	15	0	0	0
544	0	0	15	0
545	15	0	0	0
546	0	15	0	0
547	13	0	0	0
548	0	14	0	0
549	0	13	0	0
550	12	0	0	0
551	14	0	0	0
552	0	0	14	0
553	0	0	14	0
554	14	0	0	0
555	13	0	0	0
556	0	0	14	0
557	0	14	0	0
558	0	14	0	0
559	0	0	0	14
560	0	1	0	12
561	11	0	0	0
562	0	0	10	1
563	11	0	0	0
564	0	10	0	0
565	7	0	0	0
566	5	0	0	0
567	0	0	4	0
568	5	0	0	0
569	0	0	0	2
570	2	0	0	0
571	0	0	1	0
572	2	0	0	0
573	1	0	1	0
574	0	0	2	0
575	3	0	0	0
576	3	0	0	0
577	0	0	3	0
578	3	0	0	0
579	3	0	0	0
580	0	3	0	0
581	3	0	0	0
582	3	0	0	0
583	3	0	0	0
584	3	0	0	0
585	0	2	0	0
586	2	0	0	0
587	2	0	0	0
588	0	0	2	0
589	2	0	0	0
590	0	0	2	0
591	0	0	0	2
592	0	2	0	0
593	2	0	0	0
594	0	0	2	0
595	0	2	0	0
596	2	0	0	0
597	2	0	0	0
598	2	0	0	0
599	2	0	0	0
600	2	0	0	0
601	2	0	0	0
602	0	2	0	0
603	2	0	0	0
604	0	1	0	0
605	1	0	0	0
606	0	0	1	0
607	0	1	0	0
608	1	0	0	0
609	0	0	0	0
610	0	0	0	0
611	0	0	0	0
612	0	0	0	0
613	0	0	0	0
614	0	0	0	0
615	0	0	0	0
616	0	0	0	0
617	0	0	0	0
618	0	0	1	0
619	0	0	1	0
620	0	1	0	0
621	0	0	0	1
622	0	0	1	0
623	1	0	0	0
624	0	1	0	0
625	0	0	1	0
626	0	0	1	0
627	0	0	1	0
628	1	0	0	0
629	1	0	0	0
630	1	0	0	0
631	0	0	1	0
632	0	0	0	1
633	0	1	0	0
634	1	0	0	0
635	0	0	1	0
636	0	0	0	1
637	0	1	0	0
638	1	0	0	0
639	1	0	0	0
640	1	0	0	0
641	1	0	0	0
642	0	0	0	1
643	0	0	0	1
644	1	0	0	0
645	0	0	0	1
646	0	1	0	0
647	0	1	0	0
648	0	0	0	1
649	1	0	0	0
650	0	0	0	1
651	1	0	0	0
652	0	0	1	0
653	0	0	0	1
654	0	0	1	0
655	0	1	0	0
659	1	0	0	0
660	0	0	0	1
661	0	1	0	0
662	0	0	0	1
663	0	0	0	1
664	0	2	0	0
665	2	0	0	0
666	2	0	0	0
667	0	0	2	0
668	0	0	2	0
669	0	0	2	0
670	0	2	0	0
671	2	0	0	0
672	3	0	0	0
673	3	0	0	0
674	0	0	0	3
675	0	0	3	0
676	0	0	3	0
677	0	0	0	3
678	3	0	0	0
679	0	3	0	0
680	3	0	0	0
681	0	0	0	3
682	0	3	0	0
683	3	0	0	0
684	3	0	0	0
685	0	3	0	0
686	0	3	0	0
687	0	3	0	0
688	0	0	0	3
689	0	0	0	4
690	1	0	3	0
691	0	0	0	5
692	0	5	0	0
693	5	0	0	0
694	0	5	0	0
695	0	5	0	0
696	0	5	0	0
697	5	0	0	0
698	0	0	5	0
699	5	0	0	0
700	5	0	0	0
701	0	5	0	0
702	0	0	0	4
703	0	0	0	5
704	0	0	0	5
705	0	0	5	0
706	5	0	0	0
707	5	0	0	0
708	0	0	0	6
709	0	0	6	0
710	0	6	0	0
711	6	0	0	0
712	0	0	0	6
713	0	0	6	0
714	0	0	6	0
715	0	0	6	0
716	0	0	0	6
717	6	0	0	0
718	6	0	0	0
719	6	0	0	0
720	6	0	0	0
721	0	0	6	0
722	0	0	0	6
723	5	0	1	0
724	0	0	6	0
725	0	0	0	6
726	6	0	0	0
727	0	0	6	0
728	6	0	0	0
729	0	0	6	0
730	0	0	6	0
731	6	0	0	0
732	0	0	6	0
733	6	0	0	0
734	4	0	0	0
735	0	0	4	0
736	3	0	0	0
737	3	0	0	0
738	0	0	0	3
739	0	0	0	3
740	0	0	0	3
741	0	3	0	0
742	3	0	0	0
743	0	0	3	0
744	0	3	0	0
745	0	3	0	0
746	0	3	0	0
747	2	0	0	0
748	0	0	2	0
749	2	0	0	0
750	0	0	2	0
751	0	0	2	0
752	0	0	0	2
753	2	0	0	0
754	1	0	0	0
755	0	0	0	1
756	1	0	0	0
757	0	1	0	0
758	0	1	0	0
759	0	1	0	0
760	1	0	0	0
761	0	0	0	1
762	0	0	1	0
763	0	0	0	1
764	0	0	0	1
765	0	0	0	1
766	1	0	0	0
767	0	1	0	0
768	1	0	0	0
769	0	0	1	0
770	0	1	0	0
771	1	0	0	0
772	0	0	0	1
773	0	0	0	1
774	1	0	0	0
775	0	0	0	1
776	0	1	0	0
777	1	0	0	0
778	0	0	1	0
779	2	0	0	0
780	1	0	0	0
781	0	0	1	0
782	0	0	1	0
783	1	0	0	0
784	0	0	1	0
785	0	1	0	0
786	0	1	0	0
787	1	0	0	0
788	0	1	0	0
789	0	1	0	0
790	0	1	0	0
791	0	1	0	0
792	1	0	0	0
793	0	1	0	0
794	1	0	0	0
795	1	0	0	0
796	0	0	1	0
797	1	0	0	0
798	0	0	0	1
799	0	1	0	0
800	0	0	0	1
801	0	1	0	0
802	1	0	0	0
803	1	0	0	0
804	0	0	0	1
805	1	0	0	0
806	0	1	0	0
807	0	1	0	0
808	1	0	0	0
809	0	0	0	1
810	0	0	1	0
811	0	0	0	1
812	0	0	0	1
813	1	0	0	0
814	1	0	0	0
815	1	0	0	0
816	0	0	0	1
817	0	0	1	0
818	0	1	0	0
819	1	0	0	0
820	0	0	1	0
821	0	0	0	1
822	0	0	1	0
823	0	0	1	0
824	0	0	1	0
825	0	0	0	0
826	0	0	1	0
827	0	0	1	0
828	1	0	0	0
829	0	1	0	0
830	1	0	0	0
831	0	1	0	0
832	0	1	0	0
833	1	0	0	0
834	1	0	0	0
835	0	0	1	0
836	0	1	0	0
837	1	0	0	0
838	0	0	1	0
839	0	1	0	0
840	0	1	0	0
841	1	0	0	0
842	0	0	0	1
843	0	0	1	0
844	0	1	0	0
845	1	0	0	0
846	1	0	0	0
847	1	0	0	0
848	0	0	0	1
849	0	0	1	0
850	0	0	0	1
854	0	0	0	0
855	1	0	0	0
856	0	0	1	0
857	1	0	0	0
858	0	0	0	1
859	1	0	0	0
860	0	1	0	0
861	0	1	0	0
862	2	0	0	0
863	0	0	0	2
864	0	2	0	0
865	1	0	0	0
866	1	0	0	0
867	0	0	0	2
868	0	0	2	0
869	2	0	0	0
870	2	0	0	0
871	0	0	3	0
872	3	0	0	0
873	0	0	4	0
874	0	0	6	0
875	0	7	0	0
876	0	0	0	7
877	0	0	7	0
878	0	7	0	0
879	7	0	0	0
880	0	0	6	0
881	6	0	0	0
882	7	0	0	0
883	0	0	0	7
884	0	0	7	0
885	1	0	5	0
886	0	0	7	0
887	7	0	0	0
888	0	0	0	7
889	7	0	0	0
890	0	0	6	0
891	6	0	1	0
892	0	0	0	7
893	0	0	0	7
894	7	0	0	0
895	0	7	0	0
896	7	0	0	0
897	0	0	0	7
898	0	7	0	0
899	0	7	0	0
900	7	0	0	0
901	0	0	7	0
902	0	0	0	7
903	1	0	5	0
904	0	7	0	0
905	7	0	0	0
906	0	0	0	7
907	0	0	6	0
908	0	7	0	0
909	8	0	0	0
910	0	0	8	0
911	0	0	8	0
912	0	0	8	0
913	0	8	0	0
914	0	8	0	0
915	0	0	0	8
916	8	0	0	0
917	0	0	0	8
918	0	0	0	8
919	0	0	8	0
920	0	8	0	0
921	8	0	0	0
922	0	7	0	0
923	0	7	0	0
924	8	0	0	0
925	0	0	8	0
926	0	0	7	0
927	0	8	0	0
928	0	8	0	0
929	7	0	0	0
930	4	0	2	0
931	0	6	0	0
932	0	0	0	6
933	0	0	5	0
934	6	0	0	0
935	0	0	6	0
936	6	0	0	0
937	0	0	5	0
938	6	0	0	0
939	5	0	1	0
940	0	5	0	1
941	0	6	0	0
942	6	0	0	0
943	4	0	0	0
944	0	0	4	0
945	0	0	4	0
946	0	0	3	0
947	0	0	3	0
948	3	0	0	0
949	1	0	0	0
950	0	0	1	0
951	0	0	0	1
952	0	0	1	0
953	1	0	0	0
954	0	0	0	1
955	1	0	0	0
956	0	0	0	1
957	1	0	0	0
958	0	0	1	0
959	0	1	0	0
960	1	0	0	0
961	0	0	1	0
962	0	0	1	0
963	0	0	1	0
964	1	0	0	0
965	0	1	0	0
966	0	0	0	1
967	1	0	0	0
968	0	1	0	0
969	0	0	0	1
970	1	0	0	0
971	0	0	1	0
972	0	0	0	1
973	1	0	0	0
974	1	0	0	0
975	0	1	0	0
976	0	1	0	0
977	0	0	0	1
978	0	0	0	1
979	0	1	0	0
980	1	0	0	0
981	0	0	1	0
982	0	0	1	0
983	1	0	0	0
984	1	0	0	0
985	0	1	0	0
986	1	0	0	0
987	1	0	0	0
1111	0	0	2	0
1112	0	0	2	0
1113	0	0	2	0
1114	0	2	0	0
1115	0	2	0	0
1116	2	0	0	0
1117	2	0	0	0
1118	2	0	0	0
1119	0	0	2	0
1120	0	0	2	0
1121	2	0	0	0
1122	2	0	0	0
1123	0	2	0	0
1124	0	2	0	0
1125	0	1	0	1
1126	0	0	0	2
1127	0	0	0	2
1128	0	0	0	2
1129	2	0	0	0
1130	0	0	2	0
1131	2	0	0	0
1132	0	0	2	0
1133	2	0	0	0
1134	0	2	0	0
1135	0	0	0	2
1136	2	0	0	0
1137	0	0	0	2
1138	0	0	2	0
1139	0	0	0	2
1140	4	0	0	0
1141	0	0	4	0
1142	4	0	0	0
1143	0	1	0	3
1144	0	4	0	0
1145	0	0	5	0
1146	0	0	5	0
1147	0	0	0	5
1148	0	0	0	5
1149	0	5	0	0
1150	0	0	0	5
1151	0	0	0	5
1152	0	0	0	5
1153	5	0	0	0
1154	5	0	0	0
1155	5	0	0	0
1156	3	0	0	0
1157	0	5	0	0
1158	0	2	0	3
1159	0	0	0	4
1160	0	0	0	5
1161	5	0	0	0
1162	5	0	0	0
1163	0	0	5	0
1164	5	0	0	0
1165	0	0	5	0
1166	0	4	0	0
1167	0	0	0	5
1168	0	0	5	0
1169	5	0	0	0
1170	5	0	0	0
1171	0	5	0	0
1172	5	0	0	0
1173	5	0	0	0
1174	0	0	4	0
1175	0	5	0	0
1176	0	0	0	5
1177	5	0	0	0
1178	0	5	0	0
1179	5	0	0	0
1180	0	6	0	0
1181	6	0	0	0
1182	6	0	0	0
1183	0	0	5	0
1184	5	0	0	0
1185	0	0	0	5
1186	0	0	5	0
1187	0	0	0	4
1188	5	0	0	0
1189	5	0	0	0
1190	4	0	0	0
1191	5	0	0	0
1192	5	0	0	0
1193	5	0	0	0
1194	0	0	0	5
1195	0	0	0	5
1196	0	0	5	0
1197	0	0	5	0
1198	5	0	0	0
1199	0	0	0	5
1200	0	0	5	0
1201	5	0	0	0
1202	0	6	0	0
1203	6	0	0	0
1204	0	0	6	0
1205	6	0	0	0
1206	0	6	0	0
1207	6	0	0	0
1208	0	6	0	0
1209	0	6	0	0
1210	0	0	0	6
1211	0	0	0	6
1212	0	0	5	0
1213	0	0	0	5
1214	0	0	0	5
1215	0	0	4	0
1216	0	0	4	0
1217	0	0	0	4
1218	0	4	0	0
1219	0	4	0	0
1220	4	0	0	0
1221	4	0	0	0
1222	4	0	0	0
1223	4	0	0	0
1224	0	0	0	4
1225	0	0	4	0
1226	0	4	0	0
1227	0	0	4	0
1228	4	0	0	0
1229	4	0	0	0
1230	0	3	0	0
1231	0	4	0	0
1232	0	5	0	0
1233	4	0	0	0
1234	0	0	4	0
1235	4	0	0	0
1236	0	0	0	4
1237	0	0	0	4
1238	0	0	4	0
1239	0	0	0	4
1240	4	0	0	0
1241	4	0	0	0
1242	0	0	4	0
1243	4	0	0	0
1244	0	4	0	0
1245	0	4	0	0
1246	4	0	0	0
1247	0	0	0	4
1248	0	0	0	4
1249	0	0	0	3
1250	0	0	0	4
1251	4	0	0	0
1252	4	0	0	0
1253	0	0	4	0
1254	4	0	0	0
1255	0	0	4	0
1256	0	4	0	0
1257	4	0	0	0
1258	0	0	0	4
1259	0	0	0	4
1260	4	0	0	0
1261	0	0	5	0
1262	0	0	5	0
1263	5	0	0	0
1264	0	5	0	0
1265	0	5	0	0
1266	5	0	0	0
1267	0	0	5	0
1268	0	0	5	0
1269	0	0	5	0
1270	0	0	4	0
1271	0	4	0	0
1272	0	0	0	4
1273	0	0	0	3
1274	0	3	0	0
1275	3	0	0	0
1276	0	0	0	3
1277	0	0	0	3
1278	3	0	0	0
1279	0	0	3	0
1280	3	0	0	0
1281	3	0	0	0
1282	0	0	3	0
1283	3	0	0	0
1284	3	0	0	0
1285	3	0	0	0
1286	0	0	0	3
1287	0	0	3	0
1288	3	0	0	0
1289	0	0	0	3
1290	0	0	3	0
1291	3	0	0	0
1292	0	3	0	0
1293	3	0	0	0
1294	0	0	3	0
1295	0	3	0	0
1296	3	0	0	0
1297	0	0	0	3
1298	0	0	3	0
1299	0	0	0	2
1300	0	2	0	0
1301	1	0	0	0
1302	0	0	1	0
1303	0	0	1	0
1304	0	0	1	0
1305	1	0	0	0
1306	0	0	1	0
1307	0	0	0	1
1308	0	0	1	0
1309	0	0	1	0
1310	0	0	1	0
1311	1	0	0	0
1312	0	0	1	0
1313	0	0	1	0
1314	1	0	0	0
1315	0	1	0	0
1316	0	1	0	0
1317	0	0	0	1
1318	0	0	1	0
1319	0	0	1	0
1320	0	1	0	0
1321	0	1	0	0
1322	1	0	0	0
1323	0	1	0	0
1324	1	0	0	0
1325	1	0	0	0
1326	1	0	0	0
1327	0	0	1	0
1328	0	1	0	0
1329	1	0	0	0
1330	1	0	0	0
1331	0	0	1	0
1332	1	0	0	0
1422	0	0	0	2
1423	0	0	0	2
1424	0	0	0	2
1425	0	0	0	2
1426	2	0	0	0
1427	2	0	0	0
1428	0	2	0	0
1429	0	0	0	2
1430	0	0	2	0
1431	0	0	0	3
1432	0	0	3	0
1433	0	0	3	0
1434	0	3	0	0
1435	3	0	0	0
1436	3	0	0	0
1437	0	0	3	0
1438	0	0	3	0
1439	3	0	0	0
1440	3	0	0	0
1441	0	0	3	0
1442	0	0	3	0
1443	0	0	3	0
1444	0	3	0	0
1445	3	0	0	0
1446	0	3	0	0
1447	0	3	0	0
1448	0	0	0	3
1449	3	0	0	0
1450	0	0	3	0
1451	0	3	0	0
1452	0	3	0	0
1453	3	0	0	0
1454	0	0	3	0
1455	3	0	0	0
1456	3	0	0	0
1457	3	0	0	0
1458	0	0	0	3
1459	0	0	0	3
1460	0	0	4	0
1461	0	4	0	0
1462	4	0	0	0
1463	0	0	4	0
1464	4	0	0	0
1465	0	0	5	0
1466	0	5	0	0
1467	0	5	0	0
1468	0	5	0	0
1469	0	5	0	0
1470	0	0	0	5
1471	5	0	0	0
1472	0	0	5	0
1473	0	0	5	0
1474	5	0	0	0
1475	5	0	0	0
1476	4	0	0	0
1477	5	0	0	0
1478	0	0	5	0
1479	1	0	4	0
1480	0	0	5	0
1481	0	0	5	0
1482	0	4	0	1
1483	0	0	0	5
1484	0	0	5	0
1485	0	0	0	5
1486	0	0	0	5
1487	0	0	5	0
1488	0	0	5	0
1489	5	0	0	0
1490	5	0	0	0
1491	5	0	0	0
1492	0	0	0	5
1493	0	0	5	0
1494	0	0	0	4
1495	0	0	5	0
1496	0	0	5	0
1497	4	0	0	0
1498	4	0	0	0
1499	1	0	3	0
1500	0	0	5	0
1501	0	0	5	0
1502	5	0	0	0
1503	4	0	0	0
1504	0	0	5	0
1505	0	0	5	0
1506	4	0	0	0
1507	0	4	0	0
1508	4	0	0	0
1509	0	4	0	0
1510	0	4	0	0
1511	4	0	0	0
1512	5	0	0	0
1513	4	0	0	0
1514	0	0	0	4
1515	0	0	5	0
1516	5	0	0	0
1517	5	0	0	0
1518	5	0	0	0
1519	0	0	5	0
1520	5	0	0	0
1521	0	5	0	0
1522	0	0	0	5
1523	0	0	5	0
1524	0	0	0	5
1525	3	0	0	0
1526	0	0	3	0
1527	0	1	0	3
1528	0	0	4	0
1529	4	0	0	0
1530	0	0	5	0
1531	5	0	0	0
1532	0	0	5	0
1533	0	0	5	0
1534	0	5	0	0
1535	5	0	0	0
1536	0	0	5	0
1537	0	0	5	0
1538	0	5	0	0
1539	0	0	0	5
1540	5	0	0	0
1541	5	0	0	0
1542	0	0	0	5
1543	0	0	0	5
1544	0	0	0	5
1545	0	0	0	5
1546	0	0	0	5
1547	0	0	0	5
1548	5	0	0	0
1549	0	0	5	0
1550	0	0	5	0
1551	0	0	5	0
1552	5	0	0	0
1553	3	0	0	0
1554	5	0	0	0
1555	5	0	0	0
1556	0	0	0	5
1557	0	0	0	5
1558	0	0	0	5
1559	0	0	4	0
1560	0	0	3	0
1561	0	5	0	0
1562	0	5	0	0
1563	0	0	0	5
1564	0	0	0	4
1565	0	4	0	0
1566	0	4	0	0
1567	3	0	0	0
1568	3	0	0	0
1569	0	3	0	0
1570	3	0	0	0
1571	3	0	0	0
1572	0	0	3	0
1573	0	0	3	0
1574	0	0	3	0
1575	0	0	3	0
1576	3	0	0	0
1577	0	0	3	0
1578	0	0	3	0
1579	0	3	0	0
1580	0	3	0	0
1581	0	0	3	0
1582	0	0	3	0
1583	0	0	3	0
1584	3	0	0	0
1585	3	0	0	0
1586	3	0	0	0
1587	0	0	0	3
1588	0	0	0	3
1589	0	0	0	3
1590	0	3	0	0
1591	0	3	0	0
1592	0	0	0	3
1593	0	0	0	3
1594	0	3	0	0
1595	3	0	0	0
1596	0	0	3	0
1597	3	0	0	0
1598	3	0	0	0
1599	0	3	0	0
1600	3	0	0	0
1601	0	0	3	0
1602	3	0	0	0
1603	0	3	0	0
1604	0	3	0	0
1605	2	0	0	0
1606	0	0	3	0
1607	3	0	0	0
1608	1	0	2	0
1609	0	3	0	0
1610	0	3	0	0
1611	3	0	0	0
1612	3	0	0	0
1613	0	3	0	0
1614	3	0	0	0
1615	0	0	3	0
1616	0	3	0	0
1617	0	4	0	0
1618	0	3	0	0
1619	0	4	0	0
1620	3	0	0	0
1621	0	3	0	0
1622	0	3	0	0
1623	3	0	0	0
1624	0	0	3	0
1625	0	3	0	0
1626	3	0	0	0
1627	0	0	3	0
1628	3	0	0	0
1629	0	0	3	0
1630	3	0	0	0
1631	0	0	3	0
1632	0	2	0	1
1633	0	0	0	3
1634	0	0	0	3
1635	0	3	0	0
1636	2	0	0	0
1637	0	0	3	0
1638	0	0	3	0
1639	0	0	0	3
1640	0	0	0	3
1641	0	3	0	0
1642	0	0	3	0
1643	3	0	0	0
1644	0	0	3	0
1645	0	0	3	0
1646	2	0	0	0
1647	0	0	2	0
1648	2	0	0	0
1649	0	2	0	0
1650	2	0	0	0
1651	2	0	0	0
1652	0	2	0	0
1653	0	2	0	0
1654	0	0	0	2
1655	0	2	0	0
1656	0	2	0	0
1657	0	0	2	0
1658	0	2	0	0
1659	0	0	2	0
1660	0	2	0	0
1661	1	1	0	0
1662	0	0	2	0
1663	2	0	0	0
1664	2	0	0	0
1665	0	0	2	0
1666	0	2	0	0
1667	2	0	0	0
1668	0	0	2	0
1669	0	0	2	0
1670	0	0	0	2
1671	0	0	2	0
1672	0	2	0	0
1673	0	2	0	0
1674	0	0	2	0
1675	2	0	0	0
1676	2	0	0	0
1677	2	0	0	0
1678	0	0	2	0
1679	1	0	0	0
1680	0	1	0	0
1681	1	0	0	0
1682	0	0	1	0
1683	0	0	1	0
1684	0	0	1	0
1685	1	0	0	0
1686	0	0	0	0
1706	0	3	0	0
1707	3	0	0	0
1708	0	3	0	0
1709	0	0	0	2
1710	0	3	0	0
1711	0	0	0	3
1712	0	0	0	3
1713	0	0	0	3
1714	0	0	3	0
1715	0	0	3	0
1716	0	3	0	0
1717	3	0	0	0
1718	3	0	0	0
1719	0	3	0	0
1720	0	0	3	0
1721	3	0	0	0
1722	0	3	0	0
1723	0	3	0	0
1724	0	3	0	0
1725	0	0	0	3
1726	0	0	0	3
1727	3	0	0	0
1728	0	0	3	0
1729	0	0	0	3
1730	0	3	0	0
1731	3	0	0	0
1732	0	3	0	0
1733	3	0	0	0
1734	3	0	0	0
1735	0	0	0	3
1736	3	0	0	0
1737	2	0	0	0
1738	3	0	0	0
1739	3	0	0	0
1740	0	0	3	0
1741	0	0	0	2
1742	5	0	0	0
1743	0	0	6	0
1744	0	0	6	0
1745	0	0	6	0
1746	0	0	6	0
1747	0	0	6	0
1748	0	6	0	0
1749	0	6	0	0
1750	6	0	0	0
1751	0	0	6	0
1752	6	0	0	0
1753	0	6	0	0
1754	6	0	0	0
1755	6	0	0	0
1756	6	0	0	0
1757	0	0	6	0
1758	0	0	6	0
1759	6	0	0	0
1760	0	0	6	0
1761	0	0	6	0
1762	0	6	0	0
1763	0	0	0	6
1764	0	6	0	0
1765	0	0	0	6
1766	0	6	0	0
1767	0	0	0	6
1768	0	0	0	6
1769	7	0	0	0
1770	0	0	7	0
1771	7	0	0	0
1772	0	0	0	7
1773	7	0	0	0
1774	0	7	0	0
1775	7	0	0	0
1776	1	0	6	0
1777	0	0	7	0
1778	7	0	0	0
1779	0	0	7	0
1780	0	7	0	0
1781	6	0	0	0
1782	0	0	6	0
1783	6	0	0	0
1784	0	0	0	6
1785	0	0	6	0
1786	6	0	0	0
1787	0	0	0	6
1788	5	0	1	0
1789	0	6	0	0
1790	6	0	0	0
1791	0	0	6	0
1792	0	0	0	6
1793	6	0	0	0
1794	0	0	0	6
1795	0	0	0	6
1796	6	0	0	0
1797	0	0	6	0
1798	6	0	0	0
1799	6	0	0	0
1800	0	0	5	0
1801	6	0	0	0
1802	6	0	0	0
1803	6	0	0	0
1804	0	0	0	6
1805	6	0	0	0
1806	6	0	0	0
1807	6	0	0	0
1808	0	0	0	6
1809	0	0	0	6
1810	0	0	0	6
1811	0	0	6	0
1812	0	6	0	0
1813	0	6	0	0
1814	6	0	0	0
1815	0	0	4	0
1816	0	0	4	0
1817	3	0	0	0
1818	3	0	0	0
1819	3	0	0	0
1820	2	0	0	0
1821	0	0	0	4
1822	0	0	4	0
1823	0	0	4	0
1824	4	0	0	0
1825	4	0	0	0
1826	4	0	0	0
1827	0	5	0	0
1828	0	5	0	0
1829	5	0	0	0
1830	5	0	0	0
1831	5	0	0	0
1832	5	0	0	0
1833	5	0	0	0
1834	0	0	0	5
1835	0	0	5	0
1836	5	0	0	0
1837	0	0	0	5
1838	5	0	0	0
1839	0	0	5	0
1840	0	0	5	0
1841	5	0	0	0
1842	0	0	5	0
1843	0	0	2	0
1844	2	0	0	0
1845	2	0	0	0
1846	0	0	0	2
1847	0	0	0	2
1848	0	0	2	0
1849	0	0	2	0
1850	2	0	0	0
1851	0	0	2	0
1852	0	0	2	0
1853	0	0	0	2
1854	0	0	0	2
1855	0	0	0	2
1856	0	0	0	1
1857	2	0	0	0
1858	0	0	0	2
1859	0	2	0	0
1860	2	0	0	0
1861	2	0	0	0
1862	2	0	0	0
1863	0	0	2	0
1864	0	0	0	2
1865	2	0	0	0
1866	2	0	0	0
1867	0	0	2	0
1868	0	0	1	0
1869	0	2	0	0
1870	2	0	0	0
1871	0	0	2	0
1872	0	0	0	2
1873	2	0	0	0
1874	0	0	0	2
1875	0	0	2	0
1876	2	0	0	0
1877	0	0	0	2
1878	0	2	0	0
1879	2	0	0	0
1880	2	0	0	0
1881	2	0	0	0
1882	0	0	0	2
1883	2	0	0	0
1884	2	0	0	0
1885	2	0	0	0
1886	0	0	0	2
1887	2	0	0	0
1888	0	0	0	2
1889	2	0	0	0
1890	0	0	2	0
1891	2	0	0	0
1892	2	0	0	0
1893	1	0	0	0
1894	0	0	0	1
1895	0	0	0	1
1896	0	0	0	1
1897	0	0	1	0
1898	0	0	0	1
1899	0	0	1	0
1900	0	0	1	0
1901	1	0	0	0
1902	1	0	0	0
1903	1	0	0	0
1904	1	0	0	0
1905	1	0	0	0
1906	1	0	0	0
1907	0	0	1	0
1908	0	0	1	0
1909	0	1	0	0
1910	0	0	0	1
1911	1	0	0	0
1912	0	0	0	1
1913	1	0	0	0
1914	0	0	1	0
1915	0	0	1	0
1916	0	0	0	1
1917	1	0	0	0
1918	0	1	0	0
1919	1	0	0	0
1920	0	0	1	0
1921	0	0	0	2
1922	2	0	0	0
1923	0	0	0	2
1924	0	0	0	2
1925	2	0	0	0
1926	0	0	2	0
1927	0	0	0	2
1928	0	0	2	0
1929	0	0	2	0
1930	0	0	2	0
1931	3	0	0	0
1932	0	3	0	0
1933	0	3	0	0
1934	0	0	0	3
1935	3	0	0	0
1936	0	2	0	0
1937	3	0	0	0
1938	0	2	0	0
1939	0	3	0	0
1940	0	0	0	2
1941	0	0	2	0
1942	0	0	0	2
1943	0	2	0	0
1944	2	0	0	0
1945	2	0	0	0
1946	1	1	0	0
1947	2	0	0	0
1948	0	0	0	2
1949	2	0	0	0
1950	2	0	0	0
1951	0	0	0	2
1952	0	0	0	1
1953	0	0	1	0
1954	0	0	2	0
1955	1	0	1	0
1956	2	0	0	0
1957	0	0	1	1
1958	1	0	0	0
1959	2	0	0	0
1960	1	0	0	0
1961	1	1	0	0
1962	1	1	0	0
1963	0	0	0	1
1964	0	0	2	0
1965	0	0	0	1
1966	0	0	0	2
1967	0	0	1	1
1968	2	0	0	0
1969	0	2	0	0
1970	0	0	0	2
1971	0	2	0	0
1972	2	0	0	0
1973	0	0	2	0
1974	0	2	0	0
1975	0	0	0	1
1976	0	0	0	2
1977	0	0	1	0
1978	0	0	2	0
1979	1	1	0	0
1980	0	0	0	2
1981	0	0	2	0
1982	0	2	0	0
1983	2	0	0	0
1984	0	1	0	0
1985	1	0	1	0
1986	0	2	0	0
1987	0	0	0	2
1988	1	0	0	0
1989	2	0	0	0
1990	1	0	0	0
1991	0	0	0	2
1992	0	0	0	2
1993	0	0	0	1
1994	0	0	0	0
1995	0	1	0	0
1996	0	1	0	0
1997	1	0	0	0
1998	1	0	0	0
2003	0	0	0	0
2004	0	1	0	0
2005	0	1	0	0
2006	0	1	0	0
2007	1	0	0	0
2008	0	0	0	1
2009	1	0	0	0
2010	0	0	1	0
2011	1	0	0	0
2012	1	0	0	0
2013	1	0	0	0
2014	0	1	0	0
2015	0	1	0	0
2016	1	0	0	0
2017	0	0	0	1
2018	1	0	0	0
2019	0	1	0	0
2020	0	1	0	0
2021	1	0	0	0
2022	0	0	1	0
2023	0	0	0	1
2024	1	0	0	0
2025	1	0	0	0
2026	1	0	0	0
2027	0	0	1	0
2028	0	0	0	1
2029	0	0	0	1
2030	0	0	1	0
2031	1	0	0	0
2032	1	0	0	0
2033	0	0	1	0
2034	0	1	0	0
2035	0	1	0	0
2036	1	0	0	0
2037	0	0	1	0
2038	0	0	1	0
2039	1	0	0	0
2040	1	0	0	0
2041	0	0	0	1
2042	0	0	1	0
2043	0	0	1	0
2044	1	0	0	0
2045	0	0	0	1
2046	0	0	3	0
2047	1	0	3	0
2048	0	4	0	0
2049	0	4	0	0
2050	0	4	0	0
2051	4	0	0	0
2052	4	0	0	0
2053	4	0	0	0
2054	0	0	4	0
2055	0	0	4	0
2056	0	0	0	4
2057	0	0	0	4
2058	4	0	0	0
2059	4	0	0	0
2060	5	0	0	0
2061	0	5	0	0
2062	5	0	0	0
2063	5	0	0	0
2064	0	0	0	5
2065	0	0	5	0
2066	0	0	5	0
2067	0	5	0	0
2068	0	5	0	0
2069	5	0	0	0
2070	0	0	0	5
2071	0	0	0	5
2072	0	0	5	0
2073	5	0	0	0
2074	0	5	0	0
2075	5	0	0	0
2076	0	0	5	0
2077	5	0	0	0
2078	5	0	0	0
2079	0	0	5	0
2080	5	0	0	0
2081	4	0	1	0
2082	5	0	0	0
2083	5	0	0	0
2084	5	0	0	0
2085	5	0	0	0
2086	0	0	0	5
2087	5	0	0	0
2088	5	0	0	0
2089	4	0	1	0
2090	4	0	1	0
2091	0	0	5	0
2092	0	5	0	0
2093	5	0	0	0
2094	0	0	0	5
2095	0	0	0	5
2096	5	0	0	0
2097	5	0	0	0
2098	0	5	0	0
2099	5	0	0	0
2100	0	0	5	0
2101	0	5	0	0
2102	5	0	0	0
2103	5	0	0	0
2104	0	0	0	5
2105	0	0	0	5
2106	0	0	0	5
2107	0	0	5	0
2108	0	0	0	5
2109	0	0	5	0
2110	5	0	0	0
2111	4	0	0	0
2112	0	0	4	0
2113	4	0	0	0
2114	3	0	0	0
2115	3	0	0	0
2116	0	0	0	3
2117	0	0	3	0
2118	0	0	3	0
2119	3	0	0	0
2120	1	0	0	0
2121	1	0	0	0
2122	1	0	0	0
2123	0	0	1	0
2124	0	0	1	0
2125	1	0	0	0
2126	1	0	0	0
2127	0	0	1	0
2128	0	0	1	0
2129	1	0	0	0
2130	1	0	0	0
2131	1	0	0	0
2132	1	0	0	0
2133	1	0	0	0
2134	0	0	0	1
2135	0	0	0	1
2136	2	0	0	0
2137	0	2	0	0
2138	2	0	0	0
2139	2	0	0	0
2140	2	0	0	0
2141	2	0	0	0
2142	2	0	0	0
2143	0	0	0	2
2144	0	0	0	2
2145	0	0	2	0
2146	0	0	2	0
2147	0	0	2	0
2148	0	2	0	0
2149	0	2	0	0
2150	0	0	0	2
2151	0	0	2	0
2152	2	0	0	0
2153	2	0	0	0
2154	2	0	0	0
2155	2	0	0	0
2156	0	0	0	2
2157	0	2	0	0
2158	0	2	0	0
2159	2	0	0	0
2160	0	0	0	2
2161	2	0	0	0
2162	0	0	0	2
2163	2	0	0	0
2164	2	0	0	0
2165	0	2	0	0
2166	2	0	0	0
2167	0	2	0	0
2168	0	0	0	2
2169	0	2	0	0
2170	0	2	0	0
2171	2	0	0	0
2172	2	0	0	0
2173	0	0	0	2
2174	2	0	0	0
2175	0	0	0	2
2176	0	0	0	2
2177	0	2	0	0
2178	0	0	2	0
2179	0	2	0	0
2180	0	2	0	0
2181	2	0	0	0
2182	0	0	0	2
2183	2	0	0	0
2184	2	0	0	0
2185	2	0	0	0
2186	0	0	2	0
2187	2	0	0	0
2188	2	0	0	0
2189	2	0	0	0
2190	2	0	0	0
2191	2	0	0	0
2192	0	0	2	0
2193	0	0	2	0
2194	2	0	0	0
2195	0	1	0	1
2196	1	0	0	0
2197	0	0	1	0
2198	0	0	0	1
2199	1	0	0	0
2200	0	1	0	0
2201	0	0	0	1
2202	1	0	0	0
2203	1	0	0	0
2204	1	0	0	0
2205	0	0	0	1
2206	0	0	1	0
2207	0	0	1	0
2208	1	0	0	0
2209	0	0	1	0
2210	1	0	0	0
2341	0	0	0	1
2342	0	0	0	1
2343	0	0	0	0
2344	0	0	0	0
2345	1	0	0	0
2346	0	0	0	0
2347	0	0	0	0
2348	0	0	0	1
2349	1	0	0	0
2350	0	1	0	0
2351	0	0	0	1
2352	0	0	0	1
2353	0	0	0	1
2354	1	0	0	0
2355	0	0	1	0
2356	1	0	0	0
2357	0	0	0	0
2358	0	0	1	0
2359	1	0	0	0
2360	0	0	0	0
2361	0	0	0	1
2362	0	0	1	0
2363	0	0	0	0
2364	0	0	0	1
2365	0	0	0	1
2366	0	1	0	0
2367	1	0	0	0
2368	0	0	0	1
2369	0	0	2	0
2370	2	0	0	0
2371	2	0	0	0
2372	1	0	0	0
2373	0	0	0	2
2374	2	0	0	0
2375	0	0	0	2
2376	2	0	0	0
2377	0	2	0	0
2378	0	0	0	2
2379	0	0	2	0
2380	0	1	0	0
2381	1	0	0	0
2382	0	0	0	2
2383	0	0	0	3
2384	0	2	0	0
2385	3	0	0	0
2386	0	3	0	0
2387	0	3	0	0
2388	3	0	0	0
2389	0	0	0	3
2390	3	0	0	0
2391	0	3	0	0
2392	0	3	0	0
2393	0	0	0	3
2394	3	0	0	0
2395	0	0	2	0
2396	0	0	0	3
2397	3	0	0	0
2398	0	0	0	3
2399	3	0	0	0
2400	3	0	0	0
2401	3	0	0	0
2402	0	3	0	0
2403	3	0	0	0
2404	3	0	0	0
2405	0	0	0	3
2406	0	0	3	0
2407	3	0	0	0
2408	3	0	0	0
2409	2	0	0	0
2410	0	3	0	0
2411	2	0	1	0
2412	0	3	0	0
2413	0	3	0	0
2414	3	0	0	0
2415	0	0	2	0
2416	0	0	2	0
2417	2	0	0	0
2418	1	0	1	0
2419	0	0	0	2
2420	0	0	0	3
2421	4	0	0	0
2422	0	0	4	0
2423	4	0	0	0
2424	0	0	0	4
2425	4	0	0	0
2426	0	0	0	4
2427	0	5	0	0
2428	5	0	0	0
2429	5	0	0	0
2430	0	0	0	5
2431	5	0	0	0
2432	0	0	0	5
2433	5	0	0	0
2434	5	0	0	0
2435	0	0	0	5
2436	0	0	5	0
2437	0	0	0	5
2438	0	0	5	0
2439	0	5	0	0
2440	0	0	0	5
2441	0	0	0	4
2442	0	4	0	0
2443	0	4	0	0
2444	4	0	0	0
2445	0	4	0	0
2446	4	0	0	0
2447	1	0	3	0
2448	0	0	4	0
2449	0	0	4	0
2450	4	0	0	0
2451	0	0	0	4
2452	0	0	4	0
2453	0	0	4	0
2454	4	0	0	0
2455	4	0	0	0
2456	3	0	0	0
2457	0	0	3	0
2458	0	0	4	0
2459	4	0	0	0
2460	0	0	0	5
2461	0	5	0	0
2462	5	0	0	0
2463	0	5	0	0
2464	0	5	0	0
2465	5	0	0	0
2466	0	0	5	0
2467	0	5	0	0
2468	5	0	0	0
2469	6	0	0	0
2470	0	0	0	6
2471	6	0	0	0
2472	0	0	0	6
2473	0	0	0	6
2474	0	6	0	0
2475	0	6	0	0
2476	6	0	0	0
2477	0	0	6	0
2478	6	0	0	0
2479	0	0	6	0
2480	0	0	0	6
2481	6	0	0	0
2482	0	0	6	0
2483	0	7	0	0
2484	7	0	0	0
2485	0	0	0	6
2486	0	0	6	0
2487	6	0	0	0
2488	0	6	0	0
2489	6	0	0	0
2490	6	0	0	0
2491	6	0	0	0
2492	5	0	0	0
2493	5	0	0	0
2494	0	0	0	5
2495	0	5	0	0
2496	0	0	0	5
2497	0	0	0	5
2498	5	0	0	0
2499	0	0	5	0
2500	6	0	0	0
2501	0	0	6	0
2502	0	6	0	0
2503	0	6	0	0
2504	0	6	0	0
2505	0	0	0	6
2506	0	0	0	6
2507	0	6	0	0
2508	6	0	0	0
2509	0	0	6	0
2510	0	0	6	0
2511	6	0	0	0
2512	0	6	0	0
2513	6	0	0	0
2514	0	6	0	0
2515	6	0	0	0
2516	5	0	0	1
2517	6	0	0	0
2518	6	0	0	0
2519	0	1	0	6
2520	0	7	0	0
2521	0	8	0	0
2522	8	0	0	0
2523	0	0	7	0
2524	7	0	0	0
2525	1	6	0	0
2526	7	0	0	0
2527	0	0	0	7
2528	7	0	0	0
2529	0	0	7	0
2530	0	0	0	7
2531	0	1	0	6
2532	7	0	0	0
2533	0	0	0	7
2534	0	7	0	0
2535	0	0	0	7
2536	7	0	0	0
2537	0	0	0	7
2538	0	7	0	0
2539	7	0	0	0
2540	7	0	0	0
2541	0	0	0	8
2542	9	0	0	0
2543	0	0	0	9
2544	8	0	1	0
2545	0	0	0	9
2546	0	0	8	0
2547	0	0	9	0
2548	9	0	0	0
2549	0	0	0	9
2550	0	0	9	0
2551	9	0	0	0
2552	0	8	0	0
2553	0	0	0	9
2554	0	0	0	9
2555	0	0	9	0
2556	0	0	0	9
2557	9	0	0	0
2558	0	0	0	9
2559	0	0	8	0
2560	0	0	0	9
2561	9	0	0	0
2562	0	0	9	0
2563	0	0	9	0
2564	9	0	0	0
2565	0	0	0	9
2566	0	9	0	0
2567	4	0	0	5
2568	0	0	9	0
2569	9	0	0	0
2570	0	9	0	1
2571	0	0	0	10
2572	0	0	0	10
2573	10	0	0	0
2574	0	0	10	0
2575	10	0	0	0
2576	9	0	1	0
2577	10	0	0	0
2578	0	0	0	10
2579	10	0	0	0
2580	0	0	10	0
2581	0	0	10	0
2582	0	0	10	0
2583	0	10	0	0
2584	10	0	0	0
2585	11	0	0	0
2586	0	11	0	0
2587	11	0	0	0
2588	0	0	0	10
2589	9	0	0	0
2590	0	2	7	0
2591	9	0	0	0
2592	0	0	9	0
2593	1	8	0	0
2594	6	0	0	0
2595	6	0	0	0
2596	3	0	0	0
2597	0	0	3	0
2598	3	0	0	0
2599	0	0	0	3
2600	3	0	0	0
2601	0	0	3	0
2602	3	0	0	0
2603	3	0	0	0
2604	0	0	3	0
2605	3	0	0	0
2606	3	0	0	0
2607	0	0	0	3
2608	0	0	0	3
2609	3	0	0	0
2610	3	0	0	0
2611	0	0	3	0
2612	3	0	0	0
2613	0	0	3	0
2614	3	0	0	0
2615	3	0	0	0
2616	0	3	0	0
2617	3	0	0	0
2618	0	0	0	2
2619	0	3	0	0
2620	0	0	0	3
2621	3	0	0	0
2622	0	0	0	3
2623	0	0	0	3
2624	3	0	0	0
2625	3	0	0	0
2626	0	0	3	0
2627	0	0	3	0
2628	0	0	0	3
2629	0	0	3	0
2630	0	0	3	0
2631	0	0	3	0
2632	0	0	3	0
2633	3	0	0	0
2634	0	0	0	2
2635	0	0	0	3
2636	0	1	0	2
2637	3	0	0	0
2638	0	3	0	0
2639	0	0	0	3
2640	3	0	0	0
2641	0	3	0	0
2642	3	0	0	0
2643	0	3	0	0
2644	0	3	0	0
2645	2	0	0	0
2646	0	0	2	0
2647	2	0	0	0
2648	0	2	0	0
2649	2	0	0	0
2650	2	0	0	0
2651	1	0	0	0
2652	1	0	0	0
2653	1	0	0	0
2654	1	0	0	0
2655	0	1	0	0
2656	1	0	0	0
2657	0	0	0	1
2658	0	1	0	0
2659	1	0	0	0
2660	0	0	2	0
2661	2	0	0	0
2662	2	0	0	0
2663	2	0	0	0
2664	0	0	2	0
2665	2	0	0	0
2666	2	0	0	0
2667	0	2	0	0
2668	0	2	0	0
2669	0	2	0	0
2670	0	2	0	0
2671	0	2	0	0
2672	2	0	0	0
2673	0	0	0	2
2674	0	0	0	2
2675	0	0	0	2
2676	0	2	0	0
2677	0	0	0	2
2678	2	0	0	0
2679	0	0	0	2
2680	0	0	2	0
2681	0	0	2	0
2682	2	0	0	0
2683	0	0	0	2
2684	0	0	2	0
2685	0	0	2	0
2686	0	0	2	0
2687	0	0	2	0
2688	0	0	0	2
2689	2	0	0	0
2690	0	0	0	2
2691	0	0	2	0
2692	2	0	0	0
2693	2	0	0	0
2694	0	2	0	0
2695	0	0	0	2
2696	0	2	0	0
2697	0	2	0	0
2698	2	0	0	0
2699	0	0	0	2
2700	0	2	0	0
2701	0	2	0	0
2702	0	0	0	2
2703	0	0	2	0
2704	2	0	0	0
2705	0	2	0	0
2706	2	0	0	0
2707	2	0	0	0
2708	2	0	0	0
2709	0	0	0	2
2710	0	0	2	0
2711	0	0	2	0
2712	3	0	0	0
2713	0	3	0	0
2714	3	0	0	0
2715	0	0	3	0
2716	0	0	0	2
2717	2	0	0	0
2718	0	2	0	0
2719	2	0	0	0
2720	0	0	2	0
2721	0	3	0	0
2722	0	3	0	0
2723	0	0	0	3
2724	3	0	0	0
2725	0	0	0	3
2726	3	0	0	0
2727	0	3	0	0
2728	3	0	0	0
2729	0	0	0	3
2730	0	3	0	0
2731	0	0	0	3
2732	0	0	2	0
2733	0	0	2	0
2734	0	2	0	0
2735	2	0	0	0
2736	0	0	2	0
2737	2	0	0	0
2738	2	0	0	0
2739	2	0	0	0
2740	2	0	0	0
2741	0	0	2	0
2742	0	0	2	0
2743	2	0	0	0
2744	0	0	0	2
2745	2	0	0	0
2746	0	0	2	0
2747	0	2	0	0
2748	0	0	0	2
2749	0	0	2	0
2750	0	0	2	0
2751	2	0	0	0
2752	0	2	0	0
2753	0	0	0	2
2754	0	0	2	0
2755	0	0	0	2
2756	0	2	0	0
2757	2	0	0	0
2758	2	0	0	0
2759	0	0	0	2
2760	0	0	2	0
2761	2	0	0	0
2762	0	0	0	2
2763	2	0	0	0
2764	0	0	0	2
2765	2	0	0	0
2766	0	2	0	0
2767	2	0	0	0
2768	0	0	2	0
2769	2	0	0	0
2770	2	0	0	0
2771	0	0	2	0
2772	0	0	0	2
2773	0	0	0	2
2774	2	0	0	0
2775	0	0	2	0
2776	0	0	0	2
2777	0	0	3	0
2778	0	0	3	0
2779	0	0	3	0
2780	3	0	0	0
2781	3	0	0	0
2782	3	0	0	0
2783	3	0	0	0
2784	0	2	0	0
2785	0	0	0	2
2786	2	0	0	0
2787	2	0	0	0
2788	2	0	0	0
2789	0	2	0	0
2790	0	0	0	2
2791	1	0	1	0
2792	0	0	2	0
2793	0	0	2	0
2794	0	2	0	0
2795	0	1	0	0
2796	1	0	0	0
2797	0	0	1	0
2798	0	0	0	1
2799	0	1	0	0
2800	1	0	0	0
2801	0	0	1	0
2802	1	0	0	0
2803	0	0	0	1
2804	0	0	0	1
2805	0	0	0	1
2806	1	0	0	0
2807	0	1	0	0
2808	0	1	0	0
2809	0	1	0	0
2810	1	0	0	0
2811	0	0	1	0
2812	0	0	1	0
2813	0	0	1	0
2814	1	0	0	0
2815	0	0	0	1
2816	0	0	0	1
2817	1	0	0	0
2818	1	0	0	0
2819	0	0	1	0
2820	0	0	1	0
2821	0	0	0	1
2822	1	0	0	0
2823	1	0	0	0
2824	0	1	0	0
2825	1	0	0	0
2826	0	3	0	0
2827	3	0	0	0
2828	3	0	0	0
2829	0	3	0	0
2830	0	0	0	3
2831	0	0	0	3
2832	0	0	0	3
2833	0	0	3	0
2834	0	3	0	0
2835	3	0	0	0
2836	3	0	0	0
2837	3	0	0	0
2838	0	3	0	0
2839	0	0	0	3
2840	0	3	0	0
2841	0	3	0	0
2842	0	0	0	3
2843	0	0	0	3
2844	3	0	0	0
2845	0	0	3	0
2846	0	0	3	0
2847	0	0	3	0
2848	0	0	3	0
2849	0	0	2	0
2850	0	0	3	0
2851	0	3	0	0
2852	0	3	0	0
2853	3	0	0	0
2854	3	0	0	0
2855	3	0	0	0
2856	0	0	3	0
2857	0	3	0	0
2858	3	0	0	0
2859	0	3	0	0
2860	0	0	0	3
2861	3	0	0	0
2862	3	0	0	0
2863	0	3	0	0
2864	3	0	0	0
2865	0	0	3	0
2866	3	0	0	0
2867	0	2	0	1
2868	3	0	0	0
2869	0	0	0	3
2870	0	3	0	0
2871	0	0	3	0
2872	0	0	0	3
2873	3	0	0	0
2874	0	2	0	1
2875	0	3	0	0
2876	3	0	0	0
2877	0	3	0	0
2878	0	0	0	3
2879	3	0	0	0
2880	3	0	0	0
2881	0	3	0	0
2882	0	0	0	3
2883	0	0	3	0
2884	3	0	0	0
2885	3	0	0	0
2886	0	0	3	0
2887	3	0	0	0
2888	3	0	0	0
2889	0	0	3	0
2890	0	3	0	0
2891	2	0	0	0
2892	0	0	2	0
2893	2	0	0	0
2894	1	0	0	0
2895	0	0	0	1
2896	0	0	0	2
2897	2	0	0	0
2898	0	0	1	0
2899	1	0	0	0
2900	1	0	0	0
2901	0	0	0	0
2909	0	0	1	0
2910	1	0	0	0
2911	1	0	0	0
2912	0	1	0	0
2913	1	0	0	0
2914	0	0	1	0
2915	0	0	1	0
2916	0	0	1	0
2917	1	0	0	0
2918	1	0	0	0
2919	2	0	0	0
2920	0	0	0	2
2921	0	0	0	3
2922	0	3	0	0
2923	0	0	0	3
2924	3	0	0	0
2925	3	0	0	0
2926	3	0	0	0
2927	2	0	1	0
2928	0	0	3	0
2929	3	0	0	0
2930	3	0	0	0
2931	0	3	0	0
2932	0	3	0	0
2933	3	0	0	0
2934	0	0	3	0
2935	0	0	0	3
2936	3	0	0	0
2937	0	3	0	0
2938	3	0	0	0
2939	0	0	3	0
2940	0	0	4	0
2941	0	0	4	0
2942	4	0	0	0
2943	0	0	4	0
2944	0	0	0	4
2945	4	0	0	0
2946	0	0	0	4
2947	4	0	0	0
2948	0	0	0	4
2949	0	0	0	4
2950	4	0	0	0
2951	0	0	0	3
2952	0	0	4	0
2953	4	0	0	0
2954	0	4	0	0
2955	0	4	0	0
2956	0	4	0	0
2957	3	0	0	1
2958	0	0	0	4
2959	0	5	0	0
2960	5	0	0	0
2961	5	0	0	0
2962	5	0	0	0
2963	5	0	0	0
2964	0	0	5	0
2965	5	0	0	0
2966	0	5	0	0
2967	0	0	0	5
2968	0	0	0	4
2969	0	0	5	0
2970	5	0	0	0
2971	0	0	0	5
2972	5	0	0	0
2973	0	0	5	0
2974	0	5	0	0
2975	0	0	0	5
2976	0	0	5	0
2977	5	0	0	0
2978	6	0	0	0
2979	6	0	0	0
2980	0	0	0	6
2981	6	0	0	0
2982	0	6	0	0
2983	6	0	0	0
2984	0	0	6	0
2985	6	0	0	0
2986	6	0	0	0
2987	6	0	0	0
2988	0	6	0	0
2989	6	0	0	0
2990	0	0	5	0
2991	0	0	6	0
2992	0	0	6	0
2993	0	0	5	0
2994	4	0	0	0
2995	4	0	0	0
2996	0	0	0	3
2997	0	0	5	0
2998	5	0	0	0
2999	0	4	0	0
3000	0	5	0	0
3001	5	0	0	0
3002	4	0	0	0
3003	0	0	0	4
3004	0	0	5	0
3005	0	0	5	0
3006	5	0	0	0
3007	0	5	0	0
3008	5	0	0	0
3009	0	0	0	5
3010	5	0	0	0
3011	0	0	0	5
3012	0	5	0	0
3013	5	0	0	0
3014	4	0	0	0
3015	5	0	0	0
3016	0	0	0	5
3017	0	0	0	5
3018	0	0	0	5
3019	5	0	0	0
3020	0	5	0	0
3021	0	5	0	0
3022	5	0	0	0
3023	5	0	0	0
3024	0	0	5	0
3025	5	0	0	0
3026	5	0	0	0
3027	0	5	0	0
3028	0	5	0	0
3029	5	0	0	0
3030	0	0	0	5
3031	0	0	0	5
3032	0	5	0	0
3033	5	0	0	0
3034	5	0	0	0
3035	5	0	0	0
3036	5	0	0	0
3037	5	0	0	0
3038	0	0	0	5
3039	0	1	0	5
3040	0	0	0	6
3041	0	0	6	0
3042	6	0	0	0
3043	6	0	0	0
3044	1	0	5	0
3045	6	0	0	0
3046	0	7	0	0
3047	7	0	0	0
3048	0	0	7	0
3049	0	0	7	0
3050	6	0	0	0
3051	6	0	0	0
3052	6	0	0	0
3053	0	0	6	0
3054	0	0	0	6
3055	6	0	0	0
3056	0	0	0	7
3057	0	0	7	0
3058	0	7	0	0
3059	6	0	0	0
3060	7	0	0	0
3061	7	0	0	0
3062	6	0	0	0
3063	6	0	0	0
3064	1	0	6	0
3065	0	0	7	0
3066	7	0	0	0
3067	0	0	5	0
3068	0	0	6	1
3069	7	0	0	0
3070	0	7	0	0
3071	0	0	0	7
3072	0	0	6	0
3073	0	7	0	0
3074	0	7	0	0
3075	0	7	0	0
3076	7	0	0	0
3077	0	7	0	0
3078	6	0	0	0
3079	0	6	0	0
3080	0	0	0	6
3081	4	0	0	0
3082	6	0	0	0
3083	0	0	0	5
3084	0	0	5	0
3085	5	0	0	0
3086	0	0	0	5
3087	0	0	5	0
3088	0	0	0	5
3089	5	0	0	0
3090	5	0	0	0
3091	5	0	0	0
3092	5	0	0	0
3093	0	5	0	0
3094	5	0	0	0
3095	1	0	4	0
3096	0	0	0	5
3097	0	0	0	5
3098	5	0	0	0
3099	4	0	1	0
3100	0	5	0	0
3101	5	0	0	0
3102	0	0	5	0
3103	4	0	1	0
3104	0	0	6	0
3105	0	0	6	0
3106	0	6	0	0
3107	5	0	0	0
3108	0	0	6	0
3109	0	0	0	6
3110	1	0	4	0
3111	0	5	0	0
3112	5	0	0	0
3113	5	0	0	0
3114	5	0	0	0
3115	4	0	1	0
3116	5	0	0	0
3117	4	0	0	0
3118	0	0	0	4
3119	4	0	0	0
3120	0	0	4	0
3121	0	4	0	0
3122	0	3	0	0
3123	3	0	0	0
3124	0	0	0	1
3125	0	0	1	0
3126	0	0	1	0
3127	1	0	0	0
3128	2	0	0	0
3129	2	0	0	0
3130	0	0	1	0
3131	0	1	0	1
3132	2	0	0	0
3133	0	0	0	2
3134	2	0	0	0
3135	0	0	2	0
3136	0	0	0	2
3137	1	0	0	0
3138	2	0	0	0
3139	0	0	0	2
3140	2	0	0	0
3141	0	0	0	2
3142	0	0	2	0
3143	0	0	2	0
3144	0	0	2	0
3145	0	0	2	0
3146	2	0	0	0
3147	2	0	0	0
3148	1	0	1	0
3149	0	0	3	0
3150	3	0	0	0
3151	0	3	0	0
3152	0	0	0	3
3153	0	3	0	0
3154	0	3	0	0
3155	0	0	0	3
3156	3	0	0	0
3157	3	0	0	0
3158	3	0	0	0
3159	0	0	0	3
3160	0	0	0	3
3161	0	0	0	3
3162	3	0	0	0
3163	0	0	2	0
3164	1	0	1	0
3165	0	2	0	1
3166	0	0	0	2
3167	3	0	0	0
3168	0	3	0	0
3169	0	3	0	0
3170	0	3	0	0
3171	3	0	0	0
3172	0	0	0	5
3173	0	4	0	0
3174	0	4	0	0
3175	4	0	0	0
3176	2	0	1	0
3177	4	0	0	0
3178	4	0	0	0
3179	1	0	3	0
3180	0	0	3	0
3181	4	0	0	0
3182	2	0	0	1
3183	2	0	0	0
3184	0	3	0	0
3185	2	0	0	0
3186	0	0	0	3
3187	0	0	3	0
3188	0	0	4	0
3189	0	0	3	0
3190	4	0	0	0
3191	3	0	1	0
3192	0	0	4	0
3193	0	0	0	3
3194	4	0	0	0
3195	0	0	0	4
3196	0	0	4	0
3197	0	0	4	0
3198	0	0	0	4
3199	0	0	4	0
3200	0	0	4	0
3201	4	0	0	0
3202	0	5	0	0
3203	4	0	0	0
3204	0	0	4	0
3205	4	0	0	0
3206	0	4	0	0
3207	0	0	0	4
3208	3	0	0	0
3209	0	0	0	4
3210	0	0	0	4
3211	0	0	3	0
3212	0	0	3	0
3213	0	3	0	0
3214	4	0	0	0
3215	4	0	0	0
3216	0	0	3	0
3217	0	3	0	0
3218	0	2	0	0
3219	3	0	0	0
3220	0	3	0	0
3221	0	3	0	0
3222	0	0	0	3
3223	0	0	2	0
3224	0	0	3	0
3225	2	0	0	0
3226	0	0	0	2
3227	0	0	0	3
3228	0	3	0	0
3229	0	3	0	0
3230	0	0	0	4
3231	0	0	4	0
3232	4	0	0	0
3233	0	0	4	0
3234	0	0	0	4
3235	0	0	4	0
3236	0	0	3	0
3237	0	0	3	0
3238	4	0	0	0
3239	0	0	4	0
3240	0	0	0	4
3241	0	0	0	3
3242	0	0	0	3
3243	0	0	3	0
3244	0	0	0	3
3245	0	0	0	3
3246	3	0	0	0
3247	3	0	0	0
3248	0	0	0	3
3249	3	0	0	0
3250	0	3	0	0
3251	0	3	0	0
3252	0	3	0	0
3253	0	3	0	0
3254	0	0	0	3
3255	0	4	0	0
3256	0	4	0	0
3257	0	4	0	0
3258	0	3	0	0
3259	0	0	0	4
3260	4	0	0	0
3261	0	0	4	0
3262	0	0	0	4
3263	4	0	0	0
3264	4	0	0	0
3265	4	0	0	0
3266	5	0	0	0
3267	0	0	0	5
3268	0	0	0	5
3269	5	0	0	0
3270	0	0	0	5
3271	0	0	5	0
3272	0	0	4	0
3273	0	0	0	5
3274	4	0	0	0
3275	0	3	0	0
3276	0	4	0	0
3277	4	0	0	0
3278	2	0	1	0
3279	0	4	0	0
3280	0	0	0	4
3281	0	0	4	0
3282	0	0	4	0
3283	4	0	0	0
3284	2	0	1	0
3285	3	0	0	0
3286	3	0	0	0
3287	2	0	1	0
3288	0	0	3	0
3289	3	0	0	0
3290	2	0	0	1
3291	0	3	0	0
3292	0	3	0	0
3293	0	2	0	1
3294	3	0	0	0
3295	0	0	0	3
3296	3	0	0	0
3297	0	0	3	0
3298	0	3	0	0
3299	3	0	0	0
3300	0	0	4	0
3301	0	0	3	0
3302	3	0	0	0
3303	0	0	3	0
3304	0	3	0	0
3305	3	0	0	0
3306	0	0	3	0
3307	3	0	0	0
3308	3	0	0	0
3309	3	0	0	0
3310	0	3	0	0
3311	0	1	0	2
3312	0	0	0	3
3313	0	0	0	3
3314	0	3	0	0
3315	0	0	0	3
3316	3	0	0	0
3317	0	0	0	3
3318	0	0	3	0
3319	0	0	0	3
3320	3	0	0	0
3321	1	0	2	0
3322	3	0	0	0
3323	0	0	0	3
3324	0	0	3	0
3325	0	0	3	0
3326	3	0	0	0
3327	0	0	3	0
3328	0	3	0	0
3329	3	0	0	0
3330	0	0	2	0
3331	0	3	0	0
3332	0	0	0	3
3333	3	0	0	0
3334	2	0	0	0
3335	0	0	0	3
3336	3	0	0	0
3337	0	0	3	0
3338	0	0	3	0
3339	0	0	3	0
3340	2	0	0	0
3341	2	0	0	0
3342	2	0	0	0
3343	0	2	0	0
3344	0	0	0	2
3345	2	0	0	0
3346	2	0	0	0
3347	2	0	0	0
3348	0	0	0	2
3349	0	0	0	2
3350	2	0	0	0
3351	0	0	2	0
3352	0	0	2	0
3353	2	0	0	0
3354	2	0	0	0
3355	2	0	0	0
3356	2	0	0	0
3357	0	0	2	0
3358	0	2	0	0
3359	2	0	0	0
3360	0	0	2	0
3361	0	0	2	0
3362	0	0	2	0
3363	0	0	0	2
3364	2	0	0	0
3365	0	0	0	2
3366	0	0	2	0
3367	0	0	0	2
3368	0	0	0	2
3369	2	0	0	0
3370	0	2	0	0
3371	0	0	1	1
3372	0	0	1	0
3373	1	0	0	0
3374	0	1	0	0
3375	1	0	0	0
3381	1	0	0	0
3382	0	0	1	0
3383	0	0	1	0
3384	0	1	0	0
3385	1	0	0	0
3386	0	0	1	0
3387	1	0	0	0
3388	1	0	0	0
3389	1	0	0	0
3390	1	0	0	0
3391	0	0	0	2
3392	0	0	0	2
3393	0	0	2	0
3394	0	0	0	2
3395	0	0	0	2
3396	0	0	0	2
3397	0	2	0	0
3398	0	0	0	2
3399	0	2	0	0
3400	0	0	0	3
3401	3	0	0	0
3402	3	0	0	0
3403	0	1	1	0
3404	0	0	0	3
3405	0	0	3	0
3406	2	0	0	0
3407	3	0	0	0
3408	3	0	0	0
3409	0	3	0	0
3410	3	0	0	0
3411	4	0	0	0
3412	0	3	0	0
3413	4	0	0	0
3414	4	0	0	0
3415	3	0	0	0
3416	0	0	0	4
3417	0	4	0	0
3418	4	0	0	0
3419	0	0	3	0
3420	4	0	0	0
3421	3	0	0	0
3422	0	0	4	0
3423	1	0	3	0
3424	0	3	0	0
3425	0	0	0	4
3426	0	0	3	0
3427	4	0	0	0
3428	1	0	2	0
3429	0	0	0	4
3430	0	0	0	3
3431	3	0	0	0
3432	0	3	0	0
3433	4	0	0	0
3434	4	0	0	0
3435	0	0	4	0
3436	0	3	0	0
3437	3	0	0	0
3438	3	0	0	0
3439	0	0	0	4
3440	0	0	0	3
3441	0	4	0	0
3442	4	0	0	0
3443	0	0	4	0
3444	0	2	0	2
3445	0	0	0	4
3446	4	0	0	0
3447	0	0	3	0
3448	0	4	0	0
3449	0	1	0	4
3450	0	0	0	5
3451	0	0	0	5
3452	1	0	4	0
3453	0	5	0	0
3454	5	0	0	0
3455	2	0	3	0
3456	0	0	6	0
3457	5	0	0	0
3458	0	1	0	5
3459	0	0	0	6
3460	0	6	0	0
3461	6	0	0	0
3462	0	0	6	0
3463	0	0	6	0
3464	6	0	0	0
3465	0	0	0	6
3466	0	6	0	0
3467	6	0	0	0
3468	0	0	6	0
3469	6	0	0	0
3470	5	0	0	0
3471	0	0	6	0
3472	0	0	0	6
3473	6	0	0	0
3474	6	0	0	0
3475	5	0	0	0
3476	0	4	0	2
3477	6	0	0	0
3478	0	0	0	6
3479	5	0	0	0
3480	0	0	6	0
3481	0	0	0	6
3482	6	0	0	0
3483	6	0	0	0
3484	0	6	0	0
3485	6	0	0	0
3486	0	0	7	0
3487	7	0	0	0
3488	0	7	0	0
3489	0	0	0	7
3490	0	7	0	0
3491	7	0	0	0
3492	0	7	0	0
3493	7	0	0	0
3494	1	0	6	0
3495	0	0	0	7
3496	6	0	0	0
3497	0	0	0	7
3498	0	0	8	0
3499	0	8	0	0
3500	8	0	0	0
3501	0	0	0	8
3502	0	0	0	8
3503	3	0	5	0
3504	0	0	8	0
3505	0	0	8	0
3506	8	0	0	0
3507	8	0	0	0
3508	0	0	0	8
3509	0	7	0	1
3510	8	0	0	0
3511	0	0	0	8
3512	0	0	0	8
3513	0	8	0	0
3514	8	0	0	0
3515	8	0	0	0
3516	0	0	9	0
3517	0	9	0	0
3518	9	0	0	0
3519	0	9	0	0
3520	7	1	0	0
3521	6	0	0	0
3522	0	7	0	0
3523	0	6	0	0
3524	3	0	0	0
3525	0	0	3	0
3526	3	0	0	0
3527	0	0	0	3
3528	3	0	0	0
3529	3	0	0	0
3530	0	0	3	0
3531	3	0	0	0
3532	0	0	3	0
3533	0	0	0	5
3534	0	0	5	0
3535	5	0	0	0
3536	4	0	0	0
3537	0	0	0	5
3538	0	5	0	0
3539	5	0	0	0
3540	0	0	5	0
3541	5	0	0	0
3542	3	0	2	0
3543	0	0	0	5
3544	0	0	0	5
3545	5	0	0	0
3546	0	0	5	0
3547	0	0	0	5
3548	0	2	0	3
3549	5	0	0	0
3550	5	0	0	0
3551	0	4	0	1
3552	0	5	0	0
3553	5	0	0	0
3554	3	0	1	0
3555	4	0	0	0
3556	0	0	0	4
3557	4	0	0	0
3558	4	0	0	0
3559	0	0	0	4
3560	4	0	0	0
3561	0	0	4	0
3562	4	0	0	0
3563	4	0	0	0
3564	0	4	0	0
3565	4	0	0	0
3566	3	0	1	0
3567	0	0	0	4
3568	0	0	0	4
3569	3	0	1	0
3570	4	0	0	0
3571	0	0	0	4
3572	4	0	0	0
3573	4	0	0	0
3574	4	0	0	0
3575	1	2	0	1
3576	4	0	0	0
3577	4	0	0	0
3578	0	0	4	0
3579	0	0	4	0
3580	4	0	0	0
3581	4	0	0	0
3582	4	0	0	0
3583	0	0	4	0
3584	0	0	4	0
3585	3	0	1	0
3586	0	0	0	4
3587	0	4	0	0
3588	0	0	0	3
3589	3	0	0	0
3590	0	3	0	0
3591	0	3	0	0
3592	0	0	0	3
3593	0	0	3	0
3594	0	0	0	3
3595	0	3	0	0
3596	3	0	0	0
3597	0	0	0	3
3598	0	0	3	0
3599	0	0	3	0
3600	0	0	3	0
3601	0	0	0	3
3602	2	0	0	0
3603	0	3	0	0
3604	0	3	0	0
3605	1	0	0	2
3606	0	0	2	0
3607	0	3	0	0
3608	3	0	0	0
3609	0	3	0	0
3610	3	0	0	0
3611	0	0	0	3
3612	3	0	0	0
3613	3	0	0	0
3614	2	0	0	0
3615	0	0	3	0
3616	0	0	3	0
3617	1	0	0	0
3618	2	0	0	0
3619	0	0	0	1
3620	0	0	0	2
3621	0	0	1	0
3622	0	0	2	0
3623	2	0	0	0
3624	0	0	2	0
3625	0	0	1	0
3626	1	0	0	0
3627	1	0	0	0
3628	2	0	0	0
3629	0	0	0	2
3630	0	0	2	0
3631	2	0	0	0
3632	2	0	0	0
3633	0	2	0	0
3634	2	0	0	0
3635	1	0	1	0
3636	0	0	1	0
3637	0	0	0	2
3638	2	0	0	0
3639	0	0	1	0
3640	2	0	0	0
3641	0	2	0	0
3642	2	0	0	0
3643	2	0	0	0
3644	2	0	0	0
3645	0	0	0	2
3646	0	0	0	1
3647	2	0	0	0
3648	0	0	1	0
3649	0	0	0	2
3650	2	0	0	0
3651	1	0	0	0
3652	0	0	1	0
3653	0	0	0	2
3654	2	0	0	0
3655	2	0	0	0
3656	2	0	0	0
3657	0	0	4	0
3658	0	0	3	0
3659	4	0	0	0
3660	4	0	0	0
3661	0	0	0	4
3662	0	4	0	0
3663	4	0	0	0
3664	1	0	3	0
3665	0	0	5	0
3666	5	0	0	0
3667	1	0	3	0
3668	4	0	0	0
3669	0	0	4	0
3670	0	0	0	4
3671	0	0	4	0
3672	0	3	0	0
3673	0	0	0	4
3674	0	0	3	0
3675	0	0	0	3
3676	0	0	0	3
3677	0	0	0	3
3678	0	3	0	0
3679	0	0	0	3
3680	3	0	0	0
3681	0	0	3	0
3682	3	0	0	0
3683	0	0	0	3
3684	0	0	3	0
3685	0	0	3	0
3686	3	0	0	0
3687	3	0	0	0
3688	0	0	0	3
3689	3	0	0	0
3690	0	0	3	0
3691	3	0	0	0
3692	3	0	0	0
3693	3	0	0	0
3694	3	0	0	0
3695	0	0	3	0
3696	0	0	3	0
3697	0	3	0	0
3698	0	0	0	3
3699	0	3	0	0
3700	3	0	0	0
3701	3	0	0	0
3702	0	0	3	0
3703	3	0	0	0
3704	0	0	3	0
3705	0	0	3	0
3706	3	0	0	0
3707	0	0	4	0
3708	0	4	0	0
3709	4	0	0	0
3710	0	0	0	4
3711	0	0	4	0
3712	4	0	0	0
3713	4	0	0	0
3714	4	0	0	0
3715	0	0	4	0
3716	4	0	0	0
3717	0	0	0	4
3718	4	0	0	0
3719	0	0	0	4
3720	0	4	0	0
3721	3	0	0	0
3722	0	3	0	0
3723	2	0	0	0
3724	0	0	2	0
3725	0	2	0	0
3726	2	0	0	0
3727	2	0	0	0
3728	0	0	0	2
3729	0	0	0	2
3730	0	0	2	0
3731	0	0	2	0
3732	2	0	0	0
3733	0	0	2	0
3734	2	0	0	0
3735	0	0	2	0
3736	0	1	0	0
3737	1	0	0	0
3738	1	0	0	0
3739	0	0	0	1
3740	0	0	1	0
3741	0	0	1	0
3742	0	1	0	0
3743	0	0	0	2
3744	2	0	0	0
3745	0	0	2	0
3746	0	0	0	1
3747	0	0	2	0
3748	2	0	0	0
3749	2	0	0	0
3750	0	0	0	2
3751	0	0	0	2
3752	0	0	0	2
3753	2	0	0	0
3754	2	0	0	0
3755	0	0	0	2
3756	0	2	0	0
3757	0	0	0	2
3758	0	0	1	0
3759	0	1	0	0
3760	0	2	0	0
3761	2	0	0	0
3762	0	2	0	0
3763	0	2	0	0
3764	0	1	0	0
3765	0	0	2	0
3766	0	0	0	2
3767	2	0	0	0
3768	0	0	2	0
3769	0	0	0	2
3770	3	0	0	0
3771	0	0	3	0
3772	0	2	0	0
3773	2	0	0	0
3774	3	0	0	0
3775	3	0	0	0
3776	3	0	0	0
3777	0	0	2	0
3778	3	0	0	0
3779	0	0	2	0
3780	3	0	0	0
3781	0	0	0	3
3782	2	0	0	0
3783	0	0	3	0
3784	0	0	0	3
3785	3	0	0	0
3786	0	0	3	0
3787	0	2	0	0
3788	0	0	0	3
3789	3	0	0	0
3790	0	0	3	0
3791	0	2	0	0
3792	0	0	0	3
3793	0	0	3	0
3794	0	0	0	3
3795	0	0	3	0
3796	3	0	0	0
3797	0	0	0	3
3798	3	0	0	0
3799	3	0	0	0
3800	3	0	0	0
3801	0	0	0	2
3802	0	0	4	0
3803	0	0	0	4
3804	0	4	0	0
3805	4	0	0	0
3806	0	0	4	0
3807	0	4	0	0
3808	0	0	0	4
3809	3	0	0	0
3810	4	0	0	0
3811	4	0	0	0
3812	2	0	1	0
3813	0	0	5	0
3814	0	0	6	0
3815	0	0	6	0
3816	0	0	6	0
3817	6	0	0	0
3818	4	0	0	0
3819	0	0	4	0
3820	0	5	0	0
3821	0	4	0	0
3822	5	0	0	0
3823	0	0	0	5
3824	4	0	0	0
3825	0	5	0	0
3826	7	0	0	0
3827	0	0	0	7
3828	0	0	7	0
3829	0	0	7	0
3830	7	0	0	0
3831	0	7	0	0
3832	7	0	0	0
3833	7	0	0	0
3834	0	0	7	0
3835	0	0	0	7
3836	7	0	0	0
3837	0	0	7	0
3838	7	0	0	0
3839	0	5	0	1
3840	0	0	0	7
3841	0	0	7	0
3842	0	0	0	6
3843	6	0	0	0
3844	0	0	6	0
3845	0	0	0	6
3846	0	6	0	0
3847	0	6	0	0
3848	7	0	0	0
3849	0	0	7	0
3850	0	0	7	0
3851	0	0	6	0
3852	7	0	0	0
3853	0	0	0	6
3854	1	0	0	6
3855	0	0	0	7
3856	0	0	7	0
3857	0	0	7	0
3858	0	7	0	0
3859	7	0	0	0
3860	7	0	0	0
3861	0	0	0	7
3862	0	0	0	6
3863	7	0	0	0
3864	0	0	7	0
3865	7	0	0	0
3866	0	5	0	2
3867	0	0	0	7
3868	0	0	7	0
3869	0	0	0	7
3870	7	0	0	0
3871	0	7	0	0
3872	7	0	0	0
3873	0	7	0	0
3874	6	0	0	0
3875	0	0	0	6
3876	0	0	0	4
3877	0	1	0	5
3878	5	0	0	0
3879	0	0	6	0
3880	6	0	0	0
3881	6	0	0	0
3882	0	0	5	0
3883	0	0	6	0
3884	0	0	3	0
3885	4	0	0	0
3886	4	0	0	0
3887	4	0	0	0
3888	1	0	3	0
3889	0	0	0	4
3890	0	4	0	0
3891	4	0	0	0
3892	0	0	0	4
3893	0	4	0	0
3894	0	4	0	0
3895	0	0	0	4
3896	0	0	4	0
3897	0	0	4	0
3898	0	0	0	3
3899	3	0	0	0
3900	0	0	2	0
3901	0	2	0	0
3902	2	0	0	0
3903	0	0	2	0
3904	0	0	0	2
3905	0	2	0	0
3906	0	2	0	0
3907	2	0	0	0
3908	0	0	0	2
3909	0	0	2	0
3910	0	0	0	2
3911	2	0	0	0
3912	0	0	2	0
3913	0	2	0	0
3914	0	2	0	0
3915	3	0	0	0
3916	0	0	3	0
3917	0	0	0	3
3918	0	0	3	0
3919	0	0	4	0
3920	0	3	0	0
3921	0	0	0	3
3922	3	0	0	0
3923	0	3	0	0
3924	3	0	0	0
3925	0	0	0	3
3926	3	0	0	0
3927	0	0	3	0
3928	3	0	0	0
3929	3	0	0	0
3930	0	0	3	0
3931	0	3	0	0
3932	3	0	0	0
3933	0	0	3	0
3934	3	0	0	0
3935	0	0	3	0
3936	0	0	3	0
3937	0	0	0	3
3938	0	0	0	3
3939	3	0	0	0
3940	0	0	0	3
3941	0	3	0	0
3942	0	4	0	0
3943	0	4	0	0
3944	4	0	0	0
3945	0	0	4	0
3946	0	5	0	0
3947	5	0	0	0
3948	0	0	5	0
3949	5	0	0	0
3950	5	0	0	0
3951	5	0	0	0
3952	0	5	0	0
3953	5	0	0	0
3954	0	0	4	0
3955	0	0	4	0
3956	4	0	0	0
3957	0	4	0	0
3958	4	0	0	0
3959	4	0	0	0
3960	0	0	4	0
3961	4	0	0	0
3962	4	0	0	0
3963	4	0	0	0
3964	0	4	0	0
3965	4	0	0	0
3966	0	0	4	0
3967	0	4	0	0
3968	4	0	0	0
3969	0	0	0	4
3970	4	0	0	0
3971	0	4	0	0
3972	0	0	0	4
3973	1	0	0	3
3974	0	0	0	4
3975	4	0	0	0
3976	0	0	0	4
3977	4	0	0	0
3978	0	4	0	0
3979	0	0	0	4
3980	4	0	0	0
3981	4	0	0	0
3982	4	0	0	0
3983	1	0	3	0
3984	0	0	0	4
3985	0	0	0	4
3986	4	0	0	0
3987	0	0	4	0
3988	0	4	0	0
3989	4	0	0	0
3990	0	0	4	0
3991	0	0	3	0
3992	3	0	0	0
3993	3	0	0	0
3994	0	0	2	0
3995	2	0	0	0
3996	0	0	0	2
3997	0	0	2	0
3998	0	0	2	0
3999	0	3	0	0
4000	0	3	0	0
4001	3	0	0	0
4002	0	0	3	0
4003	0	0	0	3
4004	0	3	0	0
4005	3	0	0	0
4006	2	0	0	0
4007	3	0	0	0
4008	0	0	3	0
4009	0	0	0	3
4010	3	0	0	0
4011	3	0	0	0
4012	0	0	0	3
4013	3	0	0	0
4014	0	2	0	0
4015	2	0	0	0
4016	0	0	0	2
4017	2	0	0	0
4018	0	2	0	0
4019	2	0	0	0
4020	0	0	2	0
4021	2	0	0	0
4022	0	2	0	0
4023	1	1	0	0
4024	2	0	0	0
4025	0	0	0	2
4026	0	0	2	0
4027	0	0	2	0
4028	0	2	0	0
4029	2	0	0	0
4030	0	0	2	0
4031	0	0	0	1
4032	1	0	0	0
4033	1	0	0	0
4034	1	0	0	1
4035	0	0	0	2
4036	0	0	0	2
4037	0	2	0	0
4038	1	0	0	0
4039	0	2	0	0
4040	0	2	0	0
4041	2	0	0	0
4042	0	0	2	0
4043	0	0	0	2
4044	0	0	2	0
4045	0	2	0	0
4046	0	0	0	2
4047	0	0	2	0
4048	0	3	0	0
4049	3	0	0	0
4050	0	0	2	0
4051	0	0	0	3
4052	0	0	0	3
4053	3	0	0	0
4054	3	0	0	0
4055	0	0	3	0
4056	0	0	3	0
4057	0	3	0	0
4058	3	0	0	0
4059	0	0	3	0
4060	0	3	0	0
4061	0	3	0	0
4062	0	0	0	2
4063	0	0	3	0
4064	0	0	0	3
4065	0	0	0	2
4066	0	0	2	0
4067	0	0	3	0
4068	0	0	0	3
4069	0	0	2	0
4070	0	0	3	0
4071	0	0	3	0
4072	0	3	0	0
4073	3	0	0	0
4074	0	0	1	0
4075	0	0	2	0
4076	0	0	0	1
4077	2	0	0	0
4078	0	0	0	3
4079	0	3	0	0
4080	0	3	0	0
4081	3	0	0	0
4082	2	0	0	0
4083	0	3	0	0
4084	3	0	0	0
4085	0	0	3	0
4086	0	0	2	0
4087	3	0	0	0
4088	3	0	0	0
4089	0	0	0	2
4090	0	0	0	4
4091	0	0	0	6
4092	0	0	6	0
4093	0	0	6	0
4094	0	0	6	0
4095	6	0	0	0
4096	0	0	0	5
4097	0	0	0	7
4098	0	7	0	0
4099	0	7	0	0
4100	0	6	0	1
4101	0	0	0	6
4102	7	0	0	0
4103	0	7	0	0
4104	7	0	0	0
4105	7	0	0	0
4106	0	0	0	7
4107	0	7	0	0
4108	0	7	0	0
4109	0	7	0	0
4110	1	6	0	0
4111	7	0	0	0
4112	7	0	0	0
4113	7	0	0	0
4114	0	0	7	0
4115	0	0	0	7
4116	0	7	0	0
4117	7	0	0	0
4118	0	0	7	0
4119	0	0	7	0
4120	0	0	6	0
4121	6	0	0	0
4122	0	0	6	0
4123	0	0	0	6
4124	6	0	0	0
4125	0	0	6	0
4126	0	0	0	6
4127	6	0	0	0
4128	0	0	6	0
4129	6	0	0	0
4130	6	0	0	0
4131	0	0	0	6
4132	0	6	0	0
4133	0	6	0	0
4134	6	0	0	0
4135	0	0	0	6
4136	0	0	6	0
4137	6	0	0	0
4138	6	0	0	0
4139	0	0	0	6
4140	6	0	0	0
4141	6	0	0	0
4142	6	0	0	0
4143	0	0	6	0
4144	6	0	0	0
4145	7	0	0	0
4146	0	0	0	7
4147	0	0	0	7
4148	7	0	0	0
4149	7	0	0	0
4150	6	0	0	0
4151	0	0	6	0
4152	6	0	0	0
4153	6	0	0	0
4154	6	0	0	0
4155	6	0	0	0
4156	0	0	0	6
4157	0	6	0	0
4158	6	0	0	0
4159	0	1	0	5
4160	6	0	0	0
4161	0	0	4	1
4162	0	0	4	0
4163	0	0	5	0
4164	0	5	0	0
4165	3	0	0	0
4166	0	0	2	0
4167	0	0	2	0
4168	0	0	0	2
4169	3	0	0	0
4170	3	0	0	0
4171	1	0	2	0
4172	3	0	0	0
4173	0	0	3	0
4174	3	0	0	0
4175	0	0	2	1
4176	0	3	0	0
4177	3	0	0	0
4178	3	0	0	0
4179	0	0	3	0
4180	0	3	0	0
4181	0	0	0	3
4182	0	0	3	0
4183	3	0	0	0
4184	0	0	3	0
4185	0	3	0	0
4186	3	0	0	0
4187	0	3	0	0
4188	0	3	0	0
4189	0	0	0	3
4190	0	0	0	3
4191	3	0	0	0
4192	3	0	0	0
4193	0	0	4	0
4194	4	0	0	0
4195	0	4	0	0
4196	4	0	0	0
4197	0	0	4	0
4198	0	4	0	0
4199	4	0	0	0
4200	0	0	4	0
4201	0	0	0	4
4202	4	0	0	0
4203	0	5	0	0
4204	5	0	0	0
4205	5	0	0	0
4206	5	0	0	0
4207	0	0	0	5
4208	0	0	5	0
4209	0	0	5	0
4210	0	5	0	0
4211	5	0	0	0
4212	0	0	5	0
4213	0	0	0	5
4214	5	0	0	0
4215	0	0	0	5
4216	0	0	0	5
4217	0	4	0	0
4218	5	0	0	0
4219	0	0	0	5
4220	0	0	0	5
4221	0	5	0	0
4222	5	0	0	0
4223	0	5	0	0
4224	5	0	0	0
4225	5	0	0	0
4226	0	0	0	5
4227	0	0	0	5
4228	0	0	0	4
4229	0	0	0	5
4230	5	0	0	0
4231	5	0	0	0
4232	5	0	0	0
4233	5	0	0	0
4234	0	0	5	0
4235	5	0	0	0
4236	4	0	0	0
4237	5	0	0	0
4238	4	0	0	0
4239	0	0	5	0
4240	0	0	5	0
4241	0	0	5	0
4242	0	0	5	0
4243	0	0	3	0
4244	0	0	3	0
4245	2	0	0	0
4246	0	0	0	3
4247	0	0	0	3
4248	0	0	3	0
4249	0	0	3	0
4250	1	0	2	0
4251	0	0	3	0
4252	0	0	3	0
4253	0	0	3	0
4254	0	0	0	3
4255	3	0	0	0
4256	0	3	0	0
4257	3	0	0	0
4258	0	0	3	0
4259	0	0	0	3
4260	0	0	3	0
4261	0	3	0	0
4262	2	1	0	0
4263	0	0	3	0
4264	0	0	4	0
4265	0	0	5	0
4266	0	0	4	0
4267	4	0	0	0
4268	0	0	4	0
4269	4	0	0	0
4270	0	0	4	0
4271	4	0	0	0
4272	4	0	0	0
4273	0	0	0	4
4274	4	0	0	0
4275	3	0	0	0
4276	0	0	0	3
4277	3	0	0	0
4278	0	0	3	0
4279	3	0	0	0
4280	0	3	0	0
4281	3	0	0	0
4282	0	1	0	2
4283	3	0	0	0
4284	3	0	0	0
4285	0	0	0	3
4286	3	0	0	0
4287	0	0	3	0
4288	0	3	0	0
4289	3	0	0	0
4290	3	0	0	0
4291	0	3	0	0
4292	3	0	0	0
4293	0	0	3	0
4294	3	0	0	0
4295	0	3	0	0
4296	3	0	0	0
4297	0	0	0	3
4298	3	0	0	0
4299	0	3	0	0
4300	3	0	0	0
4301	3	0	0	0
4302	3	0	0	0
4303	0	3	0	0
4304	0	0	0	3
4305	3	0	0	0
4306	3	0	0	0
4307	3	0	0	0
4308	0	0	3	0
4309	3	0	0	0
4310	3	0	0	0
4311	0	0	0	3
4312	0	0	0	3
4313	3	0	0	0
4314	0	3	0	0
4315	3	0	0	0
4316	2	0	1	0
4317	3	0	0	0
4318	4	0	0	0
4319	3	0	0	0
4320	0	4	0	0
4321	4	0	0	0
4322	4	0	0	0
4323	4	0	0	0
4324	0	0	0	4
4325	0	0	0	4
4326	4	0	0	0
4327	0	0	0	4
4328	4	0	0	0
4329	4	0	0	0
4330	4	0	0	0
4331	4	0	0	0
4332	4	0	0	0
4333	0	0	0	4
4334	0	0	0	4
4335	0	4	0	0
4336	3	0	0	0
4337	2	0	0	0
4338	2	0	0	0
4339	2	0	0	0
4340	0	0	0	2
4341	0	0	0	2
4342	0	0	0	2
4343	0	0	0	2
4344	0	2	0	0
4345	0	0	3	0
4346	0	0	3	0
4347	0	0	3	0
4348	0	0	0	3
4349	0	0	0	2
4350	0	0	0	2
4351	3	0	0	0
4352	0	0	0	2
4353	0	0	0	3
4354	3	0	0	0
4355	0	3	0	0
4356	3	0	0	0
4357	0	0	3	0
4358	3	0	0	0
4359	0	0	3	0
4360	3	0	0	0
4361	0	3	0	0
4362	3	0	0	0
4363	0	0	2	0
4364	0	2	0	0
4365	3	0	0	0
4366	0	0	3	0
4367	3	0	0	0
4368	0	0	3	0
4369	3	0	0	0
4370	0	2	0	1
4371	0	3	0	0
4372	0	3	0	0
4373	0	0	0	3
4374	3	0	0	0
4375	0	0	0	3
4376	0	0	0	3
4377	0	0	0	3
4378	0	0	3	0
4379	0	0	4	0
4380	3	0	0	0
4381	3	0	0	0
4382	4	0	0	0
4383	0	0	7	0
4384	0	0	7	0
4385	7	0	0	0
4386	0	7	0	0
4387	0	6	0	0
4388	7	0	0	0
4389	0	0	7	0
4390	1	5	0	0
4391	0	5	0	1
4392	6	0	0	0
4393	6	0	0	0
4394	5	0	1	0
4395	0	5	0	0
4396	0	0	0	6
4397	4	0	2	0
4398	0	6	0	0
4399	0	0	0	5
4400	0	5	0	0
4401	0	0	0	6
4402	0	0	5	0
4403	0	0	6	0
4404	6	0	0	0
4405	6	0	0	0
4406	6	0	0	0
4407	0	0	6	0
4408	0	0	6	0
4409	0	0	0	6
4410	0	0	6	0
4411	6	0	0	0
4412	6	0	0	0
4413	0	0	7	0
4414	0	0	7	0
4415	0	0	7	0
4416	0	0	7	0
4417	0	7	0	0
4418	7	0	0	0
4419	0	0	7	0
4420	0	0	0	7
4421	6	0	0	0
4422	0	0	7	0
4423	0	0	0	7
4424	7	0	0	0
4425	7	0	0	0
4426	0	0	0	7
4427	7	0	0	0
4428	0	7	0	0
4429	6	0	1	0
4430	7	0	0	0
4431	0	0	7	0
4432	7	0	0	0
4433	0	0	0	7
4434	7	0	0	0
4435	7	0	0	0
4436	0	7	0	0
4437	7	0	0	0
4438	0	0	7	0
4439	0	0	0	7
4440	0	0	7	0
4441	7	0	0	0
4442	0	6	0	1
4443	7	0	0	0
4444	0	0	0	7
4445	6	1	0	0
4446	8	0	0	0
4447	8	0	0	0
4448	1	0	7	0
4449	0	0	9	0
4450	0	0	0	10
4451	9	0	0	0
4452	1	0	8	0
4453	0	0	0	8
4454	8	0	0	0
4455	0	7	0	0
4456	0	8	0	0
4457	7	0	0	0
4458	4	0	0	0
4459	0	0	4	0
4460	0	0	4	0
4461	4	0	0	0
4462	0	0	4	0
4463	0	0	4	0
4464	4	0	0	0
4465	4	0	0	0
4466	0	0	4	0
4467	0	0	4	0
4468	0	0	0	4
4469	4	0	0	0
4470	4	0	0	0
4471	4	0	0	0
4472	4	0	0	0
4473	4	0	0	0
4474	0	0	0	4
4475	0	4	0	0
4476	4	0	0	0
4477	0	0	0	4
4478	0	0	0	4
4479	4	0	0	0
4480	4	0	0	0
4481	0	0	4	0
4482	0	0	4	0
4483	5	0	0	0
4484	0	5	0	0
4485	0	0	0	5
4486	5	0	0	0
4487	0	0	0	5
4488	0	0	5	0
4489	0	0	5	0
4490	5	0	0	0
4491	4	0	0	0
4492	4	0	0	0
4493	4	0	0	0
4494	0	4	0	0
4495	4	0	0	0
4496	0	0	4	0
4497	4	0	0	0
4498	0	0	0	4
4499	0	0	4	0
4500	0	0	4	0
4501	0	4	0	0
4502	4	0	0	0
4503	0	0	4	0
4504	0	0	4	0
4505	0	0	0	4
4506	0	0	4	0
4507	0	4	0	0
4508	0	0	0	4
4509	0	0	5	0
4510	5	0	0	0
4511	0	0	0	5
4512	0	0	0	5
4513	0	0	5	0
4514	0	0	0	5
4515	0	0	5	0
4516	0	0	0	5
4517	0	0	5	0
4518	0	0	5	0
4519	0	5	0	0
4520	3	0	0	0
4521	0	0	2	0
4522	0	0	2	0
4523	0	0	0	2
4524	2	0	0	0
4525	0	0	2	0
4526	2	0	0	0
4527	0	2	0	0
4528	2	0	0	0
4529	0	0	2	0
4530	0	0	2	0
4531	2	0	0	0
4532	0	0	0	2
4533	0	0	2	0
4534	2	0	0	0
4535	0	0	2	0
4536	0	0	2	0
4537	2	0	0	0
4538	0	0	0	2
4539	0	0	0	2
4540	2	0	0	0
4541	0	0	2	0
4542	2	0	0	0
4543	2	0	0	0
4544	0	2	0	0
4545	2	0	0	0
4546	0	0	0	2
4547	0	0	2	0
4548	0	0	2	0
4549	2	0	0	0
4550	2	0	0	0
4551	0	0	0	2
4552	2	0	0	0
4553	0	0	2	0
4554	0	0	0	2
4555	0	2	0	0
4556	0	0	0	3
4557	3	0	0	0
4558	0	0	3	0
4559	0	0	0	3
4560	3	0	0	0
4561	3	0	0	0
4562	3	0	0	0
4563	3	0	0	0
4564	0	3	0	0
4565	3	0	0	0
4566	0	3	0	0
4567	0	3	0	0
4568	3	0	0	0
4569	0	0	0	3
4570	3	0	0	0
4571	0	0	0	3
4572	0	0	3	0
4573	0	0	0	3
4574	3	0	0	0
4575	0	3	0	0
4576	3	0	0	0
4577	0	0	0	3
4578	0	0	0	3
4579	0	0	0	3
4580	0	3	0	0
4581	2	0	0	0
4582	2	0	0	0
4583	1	0	1	0
4584	0	0	2	0
4585	2	0	0	0
4586	2	0	0	0
4587	2	0	0	0
4588	0	0	1	0
4589	0	2	0	0
4590	0	0	0	2
4591	2	0	0	0
4592	0	0	2	0
4593	0	0	2	0
4594	0	0	2	0
4595	1	0	1	0
4596	2	0	0	0
4597	0	0	0	2
4598	0	0	2	0
4599	0	0	2	0
4600	0	0	0	2
4601	0	0	0	2
4602	0	0	0	2
4603	0	0	0	2
4604	2	0	0	0
4605	0	2	0	0
4606	2	0	0	0
4607	0	0	2	0
4608	2	0	0	0
4609	0	2	0	0
4610	2	0	0	0
4611	0	0	0	2
4612	0	2	0	0
4613	2	0	0	0
4614	0	0	0	2
4615	0	0	0	2
4616	1	0	0	1
4617	0	0	0	2
4618	0	0	2	0
4619	2	0	0	0
4620	2	0	0	0
4621	2	0	0	0
4622	0	0	2	0
4623	0	2	0	0
4624	1	0	0	0
4625	0	0	1	0
4626	1	0	0	0
4627	0	1	0	0
4706	0	1	0	0
4707	1	0	0	0
4708	0	0	1	0
4709	0	0	1	0
4710	1	0	0	0
4711	0	0	1	0
4712	1	0	0	0
4713	1	0	0	0
4714	1	0	0	0
4715	0	0	1	0
4716	1	0	0	0
4717	0	0	1	0
4718	0	1	0	0
4719	0	0	0	2
4720	0	0	0	2
4721	0	0	2	0
4722	0	0	2	0
4723	0	2	0	0
4724	2	0	0	0
4725	0	0	0	2
4726	0	0	0	2
4727	0	0	0	2
4728	0	0	2	0
4729	0	0	2	0
4730	0	0	2	0
4731	0	0	0	2
4732	0	2	0	0
4733	2	0	0	0
4734	0	0	0	2
4735	0	0	2	0
4736	0	0	2	0
4737	2	0	0	0
4738	0	0	2	0
4739	0	0	0	2
4740	0	2	0	0
4741	0	0	0	2
4742	0	2	0	0
4743	0	2	0	0
4744	2	0	0	0
4745	0	0	0	2
4746	2	0	0	0
4747	0	0	2	0
4748	2	0	0	0
4749	2	0	0	0
4750	0	0	0	2
4751	0	0	2	0
4752	0	0	2	0
4753	2	0	0	0
4754	0	0	2	0
4755	2	0	0	0
4756	0	0	0	2
4757	0	0	0	2
4758	0	0	2	0
4759	2	0	0	0
4760	0	0	2	0
4761	2	0	0	0
4762	2	0	0	0
4763	0	0	2	0
4764	2	0	0	0
4765	0	0	0	2
4766	2	0	0	0
4767	0	0	0	2
4768	2	0	0	0
4769	0	0	2	0
4770	0	2	0	0
4771	2	0	0	0
4772	0	2	0	0
4773	2	0	0	0
4774	0	1	0	0
4775	1	0	0	0
4805	0	0	0	0
4806	0	0	0	1
4807	0	1	0	0
4808	1	0	0	0
4809	0	0	0	1
4810	1	0	0	0
4811	0	0	0	1
4812	0	0	2	0
4813	0	2	0	0
4814	2	0	0	0
4815	0	0	0	2
4816	0	0	0	2
4817	2	0	0	0
4818	0	0	0	2
4819	0	0	0	2
4820	0	0	0	2
4821	0	0	0	2
4822	0	0	2	0
4823	2	0	0	0
4824	0	0	0	2
4825	0	0	0	2
4826	0	0	2	0
4827	0	0	0	2
4828	0	0	0	2
4829	0	0	0	2
4830	0	0	0	2
4831	1	0	1	0
4832	0	2	0	0
4833	2	0	0	0
4834	0	0	2	0
4835	2	0	0	0
4836	1	1	0	0
4837	0	0	0	2
4838	0	2	0	0
4839	0	0	0	2
4840	0	0	2	0
4841	0	2	0	0
4842	0	2	0	0
4843	2	0	0	0
4844	0	0	0	2
4845	2	0	0	0
4846	2	0	0	0
4847	0	0	2	0
4848	2	0	0	0
4849	1	1	0	0
4850	2	0	0	0
4851	2	0	0	0
4852	0	0	2	0
4853	0	2	0	0
4854	0	2	0	0
4855	2	0	0	0
4856	0	0	0	2
4857	2	0	0	0
4858	0	0	0	2
4859	0	0	0	2
4860	2	0	0	0
4861	0	0	2	0
4862	0	0	2	0
4863	2	0	0	0
4864	0	1	1	0
4865	2	0	0	0
4866	1	1	0	0
4867	2	0	0	0
4868	0	0	0	2
4869	2	0	0	0
4870	0	0	2	0
4871	0	0	0	2
4872	0	0	0	2
4873	2	0	0	0
4874	0	0	0	1
4875	0	0	0	1
4876	0	1	0	0
4877	0	1	0	0
4878	0	0	0	1
4879	1	0	0	0
4880	0	0	1	0
4881	0	0	1	0
4882	0	0	0	1
4883	0	0	1	0
4884	0	0	0	1
4910	0	0	0	1
4911	1	0	0	0
4912	0	0	1	0
4913	0	0	1	0
4914	1	0	0	0
4915	0	0	0	1
4916	0	1	0	0
4917	0	0	0	1
4918	0	1	0	0
4919	0	0	0	1
4920	1	0	0	0
4921	0	1	0	0
4922	1	0	0	0
4923	1	0	0	0
4924	0	0	0	1
4925	1	0	0	0
4926	0	1	0	0
4927	0	0	0	1
4928	0	0	0	1
4929	0	0	1	0
4930	0	0	1	0
4931	0	1	0	0
4932	1	0	0	0
4933	0	1	0	0
4934	0	0	0	1
4935	0	0	1	0
4936	1	0	0	0
4937	0	1	0	0
4938	1	0	0	0
4939	0	0	1	0
4940	0	1	0	0
4941	3	0	0	0
4942	0	0	0	3
4943	0	0	0	4
4944	0	0	4	0
4945	4	0	0	0
4946	0	0	0	4
4947	5	0	0	0
4948	5	0	0	0
4949	1	4	0	0
4950	5	0	0	0
4951	0	5	0	0
4952	0	5	0	0
4953	5	0	0	0
4954	5	0	0	0
4955	5	0	0	0
4956	5	0	0	0
4957	5	0	0	0
4958	4	0	1	0
4959	0	0	5	0
4960	5	0	0	0
4961	0	0	5	0
4962	5	0	0	0
4963	5	0	0	0
4964	5	0	0	0
4965	0	0	5	0
4966	0	5	0	0
4967	0	5	0	0
4968	5	0	0	0
4969	0	5	0	0
4970	0	5	0	0
4971	0	4	0	1
4972	0	5	0	0
4973	0	0	0	5
4974	0	0	5	0
4975	0	5	0	0
4976	0	5	0	0
4977	0	0	0	5
4978	5	0	0	0
4979	0	0	5	0
4980	0	0	0	6
4981	1	0	5	0
4982	0	0	0	6
4983	0	0	0	6
4984	6	0	0	0
4985	1	0	5	0
4986	0	0	6	0
4987	6	0	0	0
4988	6	0	0	0
4989	5	0	1	0
4990	0	0	0	6
4991	0	0	0	6
4992	6	0	0	0
4993	0	0	6	0
4994	0	1	0	5
4995	6	0	0	0
4996	0	0	6	0
4997	6	0	0	0
4998	1	0	5	0
4999	0	0	6	0
5000	6	0	0	0
5001	0	0	0	6
5002	6	0	0	0
5003	0	0	6	0
5004	6	0	0	0
5005	0	0	0	6
5006	0	0	6	0
5007	0	0	6	0
5008	6	0	0	0
5009	6	0	0	0
5010	0	6	0	0
5011	6	0	0	0
5012	6	0	0	0
5013	0	6	0	0
5014	0	6	0	0
5015	0	6	0	0
5016	0	6	0	0
5017	0	6	0	0
5018	5	0	0	0
5019	0	0	5	0
5020	5	0	0	0
5021	4	0	0	0
5022	0	0	4	0
5023	4	0	0	0
5024	0	4	0	0
5025	0	4	0	0
5026	4	0	0	0
5027	0	0	4	0
5028	0	0	4	0
5029	0	0	2	0
5030	2	0	0	0
5031	0	2	0	0
5032	0	2	0	0
5033	0	0	2	0
5034	0	2	0	0
5035	2	0	0	0
5036	0	0	2	0
5037	2	0	0	0
5038	0	0	2	0
5039	0	0	2	0
5040	0	0	2	0
5041	2	0	0	0
5042	2	0	0	0
5043	0	2	0	0
5044	0	2	0	0
5045	1	0	0	0
5046	0	0	0	2
5047	2	0	0	0
5048	0	2	0	0
5049	2	0	0	0
5050	1	0	0	0
5051	0	0	0	1
5057	0	0	1	0
5058	1	0	0	0
5059	0	1	0	0
5060	1	0	0	0
5061	0	2	0	0
5062	0	0	0	2
5063	2	0	0	0
5064	0	0	2	0
5065	2	0	0	0
5066	0	0	2	0
5067	0	2	0	0
5068	0	0	0	2
5069	0	0	0	2
5070	0	0	0	2
5071	0	0	0	2
5072	2	0	0	0
5073	0	0	2	0
5074	2	0	0	0
5075	2	0	0	0
5076	0	0	2	0
5077	2	0	0	0
5078	2	0	0	0
5079	0	2	0	0
5080	0	0	0	2
5081	0	0	0	2
5082	2	0	0	0
5083	2	0	0	0
5084	0	0	3	0
5085	0	3	0	0
5086	3	0	0	0
5087	0	0	3	0
5088	0	0	3	0
5089	3	0	0	0
5090	3	0	0	0
5091	0	0	3	0
5092	0	3	0	0
5093	0	0	0	3
5094	0	0	3	0
5095	0	0	0	2
5096	0	0	0	3
5097	3	0	0	0
5098	0	0	3	0
5099	3	0	0	0
5100	0	3	0	0
5101	3	0	0	0
5102	0	3	0	0
5103	0	0	0	3
5104	0	0	0	3
5105	0	3	0	0
5106	0	3	0	0
5107	0	3	0	0
5108	0	0	3	0
5109	3	0	0	0
5110	0	0	3	0
5111	3	0	0	0
5112	0	3	0	0
5113	0	3	0	0
5114	3	0	0	0
5115	0	0	0	3
5116	0	0	3	0
5117	0	0	3	0
5118	0	3	0	0
5119	0	0	0	3
5120	0	0	0	3
5121	0	3	0	0
5122	3	0	0	0
5123	0	0	0	3
5124	0	0	2	0
5125	0	0	2	0
5126	2	0	0	0
5127	0	0	0	2
5128	0	0	0	2
5129	2	0	0	0
5130	0	0	2	0
5131	0	0	2	0
5132	2	0	0	0
5133	0	1	0	0
5134	1	0	0	0
5135	1	0	0	0
5136	0	0	0	1
5137	1	0	0	0
5138	0	0	0	1
5139	1	0	0	0
5140	0	0	0	1
5141	0	1	0	0
5142	0	0	0	1
5143	1	0	0	0
5144	0	0	0	1
5145	0	0	1	0
5146	1	0	0	0
5147	1	0	0	0
5148	1	0	0	0
5149	0	1	0	0
5150	0	1	0	0
5151	0	0	0	1
5152	1	0	0	0
5153	0	0	0	1
5154	0	0	1	0
5155	0	0	1	0
5156	0	0	1	0
5157	0	0	1	0
5158	1	0	0	0
5159	0	0	0	1
5160	1	0	0	0
5161	0	1	0	0
5162	0	0	0	1
5163	0	0	0	1
5164	0	0	1	0
5165	0	0	1	0
5166	2	0	0	0
5167	0	2	0	0
5168	2	0	0	0
5169	0	0	1	0
5170	0	0	4	0
5171	4	0	0	0
5172	0	0	4	0
5173	0	0	0	3
5174	0	0	0	3
5175	0	0	2	0
5176	3	0	0	0
5177	0	0	3	0
5178	3	0	0	0
5179	0	3	0	0
5180	0	0	0	2
5181	3	0	0	0
5182	0	0	0	3
5183	3	0	0	0
5184	3	0	0	0
5185	0	0	0	3
5186	3	0	0	0
5187	3	0	0	0
5188	0	0	3	0
5189	2	0	0	0
5190	3	0	0	0
5191	0	0	0	4
5192	5	0	0	0
5193	0	6	0	0
5194	0	0	0	6
5195	0	0	6	0
5196	0	6	0	0
5197	6	0	0	0
5198	6	0	0	0
5199	0	6	0	0
5200	6	0	0	0
5201	6	0	0	0
5202	0	6	0	0
5203	0	0	0	6
5204	6	0	0	0
5205	0	6	0	0
5206	0	0	0	6
5207	0	0	6	0
5208	0	0	0	6
5209	0	0	0	6
5210	0	0	0	6
5211	6	0	0	0
5212	0	0	0	6
5213	0	0	0	6
5214	0	6	0	0
5215	6	0	0	0
5216	0	0	0	6
5217	0	0	0	6
5218	0	0	0	6
5219	0	7	0	0
5220	7	0	0	0
5221	0	0	7	0
5222	7	0	0	0
5223	7	0	0	0
5224	0	0	0	7
5225	0	0	0	7
5226	0	0	7	0
5227	0	0	7	0
5228	0	0	7	0
5229	0	0	0	7
5230	0	0	7	0
5231	0	7	0	0
5232	0	7	0	0
5233	7	0	0	0
5234	7	0	0	0
5235	0	7	0	0
5236	7	0	0	0
5237	0	0	0	8
5238	8	0	0	0
5239	0	0	8	0
5240	0	8	0	0
5241	8	0	0	0
5242	0	0	6	0
5243	6	0	0	0
5244	6	0	0	0
5245	0	0	0	6
5246	6	0	0	0
5247	0	0	6	0
5248	0	0	6	0
5249	0	6	0	0
5250	6	0	0	0
5251	0	0	0	6
5252	0	0	0	6
5253	0	0	0	6
5254	0	0	0	6
5255	0	0	6	0
5256	0	6	0	0
5257	0	6	0	0
5258	6	0	0	0
5259	0	6	0	0
5260	6	0	0	0
5261	0	0	6	0
5262	3	0	0	0
5263	0	1	1	0
5264	1	0	0	0
5265	3	0	0	0
5266	0	0	3	0
5267	3	0	0	0
5268	1	0	2	0
5269	0	1	2	0
5270	4	0	0	0
5271	4	0	0	0
5272	0	0	4	0
5273	4	0	0	0
5274	3	0	0	0
5275	4	0	0	0
5276	0	0	0	3
5277	0	0	4	0
5278	0	0	4	0
5279	5	0	0	0
5280	0	0	4	0
5281	0	5	0	0
5282	0	5	0	0
5283	3	2	0	0
5284	2	0	3	0
5285	0	0	0	5
5286	5	0	0	0
5287	0	0	4	0
5288	4	0	0	0
5289	0	0	0	4
5290	0	4	0	0
5291	0	4	0	0
5292	0	0	0	4
5293	4	0	0	0
5294	4	0	0	0
5295	0	4	0	0
5296	0	3	0	0
5297	0	0	0	4
5298	4	0	0	0
5299	0	0	4	0
5300	4	0	0	0
5301	0	0	4	0
5302	0	5	0	0
5303	0	5	0	0
5304	0	5	0	0
5305	0	0	0	4
5306	0	0	4	0
5307	0	0	4	0
5308	4	0	0	0
5309	4	0	0	0
5310	0	4	0	0
5311	0	4	0	0
5312	4	0	0	0
5313	0	0	0	4
5314	0	4	0	0
5315	0	4	0	0
5316	4	0	0	0
5317	0	0	4	0
5318	0	0	3	0
5319	4	0	0	0
5320	4	0	0	0
5321	0	0	4	0
5322	0	0	0	3
5323	0	4	0	0
5324	4	0	0	0
5325	0	0	4	0
5326	0	4	0	0
5327	0	4	0	0
5328	0	0	0	4
5329	2	0	2	0
5330	4	0	0	0
5331	4	0	0	0
5332	4	0	0	0
5333	0	4	0	0
5334	0	1	1	1
5335	0	1	2	0
5336	0	3	0	0
5337	0	0	0	3
5338	0	0	0	3
5339	0	0	3	0
5340	0	0	0	3
5341	3	0	0	0
5342	3	0	0	0
5343	0	0	0	2
5344	2	0	0	0
5345	0	0	1	0
5346	0	0	0	1
5347	0	0	0	1
5348	0	0	1	0
5349	0	0	0	1
5350	0	0	0	1
5351	0	0	0	1
5352	0	0	0	1
5353	0	0	0	1
5354	0	0	1	0
5355	0	1	0	0
5356	1	0	0	0
5357	1	0	0	0
5358	1	0	1	0
5359	0	2	0	0
5360	1	0	1	0
5361	0	2	0	0
5362	0	0	0	2
5363	0	0	2	0
5364	0	1	0	1
5365	1	0	0	1
5366	0	0	2	0
5367	0	2	0	0
5368	0	0	0	2
5369	2	0	0	0
5370	0	1	0	1
5371	0	2	0	0
5372	2	0	0	0
5373	0	0	0	3
5374	0	0	0	2
5375	0	0	2	0
5376	0	0	0	2
5377	0	2	0	0
5378	0	1	0	1
5379	2	0	0	0
5380	0	0	2	0
5381	0	0	0	2
5382	0	0	0	2
5383	0	0	0	2
5384	0	0	2	0
5385	0	2	0	0
5386	0	0	0	2
5387	0	0	0	2
5388	0	0	0	2
5389	0	2	0	0
5390	1	0	0	1
5391	0	0	2	0
5392	2	0	0	0
5393	0	2	0	0
5394	2	0	0	0
5395	2	0	0	0
5396	2	0	0	0
5397	2	0	0	0
5398	0	0	2	0
5399	0	0	2	0
5400	0	2	0	0
5401	0	0	0	2
5402	0	0	0	2
5403	2	0	0	0
5404	0	0	2	0
5405	0	0	2	0
5406	0	2	0	0
5407	2	0	0	0
5408	0	0	0	2
5409	0	0	0	2
5410	0	0	0	2
5411	0	2	0	0
5412	0	2	0	0
5413	0	0	0	2
5414	2	0	0	0
5415	0	0	0	2
5416	0	0	2	0
5417	0	0	2	0
5418	0	2	0	0
5419	2	0	0	0
5420	0	0	2	0
5421	0	0	2	0
5422	2	0	0	0
5423	2	0	0	0
5424	0	0	2	0
5425	2	0	0	0
5426	3	0	0	0
5427	0	0	3	0
5428	0	3	0	0
5429	0	0	3	0
5430	0	0	2	0
5431	2	0	0	0
5432	0	0	2	0
5433	2	0	0	0
5434	0	2	0	0
5435	2	0	0	0
5436	0	0	2	0
5437	0	2	0	0
5438	0	0	2	0
5439	2	0	0	0
5440	0	2	0	0
5441	0	0	2	0
5442	2	0	0	0
5443	2	0	0	0
5444	1	0	1	0
5445	0	2	0	0
5446	1	0	0	0
5447	0	1	0	0
5448	0	0	0	1
5449	0	1	0	0
5450	0	1	0	0
5451	0	0	0	1
5452	0	1	0	0
5453	0	1	0	0
5454	1	0	0	0
5455	1	0	0	0
5456	0	0	1	0
5457	0	1	0	0
5458	3	0	0	0
5459	0	0	3	0
5460	0	0	0	3
5461	0	0	3	0
5462	3	0	0	0
5463	0	0	3	0
5464	0	0	3	0
5465	3	0	0	0
5466	0	0	0	4
5467	0	4	0	0
5468	4	0	0	0
5469	0	0	0	4
5470	0	4	0	0
5471	4	0	0	0
5472	4	0	0	0
5473	4	0	0	0
5474	4	0	0	0
5475	0	0	0	4
5476	0	4	0	0
5477	0	0	0	4
5478	0	0	0	4
5479	4	0	0	0
5480	0	0	0	4
5481	4	0	0	0
5482	0	0	0	4
5483	0	4	0	0
5484	4	0	0	0
5485	4	0	0	0
5486	4	0	0	0
5487	0	0	4	0
5488	0	4	0	0
5489	4	0	0	0
5490	0	0	4	0
5491	0	0	0	4
5492	4	0	0	0
5493	4	0	0	0
5494	0	0	4	0
5495	0	0	0	4
5496	4	0	0	0
5497	0	0	0	4
5498	3	0	0	0
5499	0	0	0	3
5500	0	0	3	0
5501	0	0	0	3
5502	3	0	0	0
5503	3	0	0	0
5504	0	0	0	3
5505	0	0	3	0
5506	0	0	0	3
5507	0	0	0	1
5508	1	0	0	0
5539	0	0	1	0
5540	0	0	1	0
5541	1	0	0	0
5542	0	0	1	0
5543	0	0	0	1
5544	1	0	0	0
5545	0	0	1	0
5546	0	0	1	0
5547	1	0	0	0
5548	0	0	1	0
5549	0	1	0	0
5550	1	0	0	0
5551	0	0	0	2
5552	0	0	0	2
5553	0	0	2	0
5554	2	0	0	0
5555	0	0	0	2
5556	2	0	0	0
5557	0	0	2	0
5558	0	0	0	2
5559	3	0	0	0
5560	0	0	3	0
5561	0	3	0	0
5562	3	0	0	0
5563	0	3	0	0
5564	0	0	0	3
5565	3	0	0	0
5566	3	0	0	0
5567	0	0	0	3
5568	0	3	0	0
5569	0	0	0	3
5570	0	0	0	3
5571	3	0	0	0
5572	3	0	0	0
5573	0	3	0	0
5574	3	0	0	0
5575	3	0	0	0
5576	0	0	0	3
5577	3	0	0	0
5578	0	0	3	0
5579	0	0	0	4
5580	0	0	0	4
5581	0	0	4	0
5582	0	0	0	4
5583	0	0	4	0
5584	0	0	0	4
5585	0	0	4	0
5586	0	0	4	0
5587	4	0	0	0
5588	0	0	0	4
5589	0	5	0	0
5590	7	0	0	0
5591	0	0	0	7
5592	7	0	0	0
5593	0	0	7	0
5594	0	5	0	3
5595	8	0	0	0
5596	0	0	0	8
5597	8	0	0	0
5598	0	0	0	8
5599	5	3	0	0
5600	0	0	0	8
5601	8	0	0	0
5602	0	0	8	0
5603	8	0	0	0
5604	8	0	0	0
5605	0	0	0	8
5606	8	0	0	0
5607	0	0	0	8
5608	8	0	0	0
5609	0	0	8	0
5610	1	0	7	0
5611	9	0	0	0
5612	8	0	0	0
5613	8	0	0	0
5614	0	4	0	5
5615	0	0	0	10
5616	0	0	10	0
5617	0	0	0	10
5618	0	0	0	10
5619	9	0	1	0
5620	10	0	0	0
5621	0	0	10	0
5622	10	0	0	0
5623	0	10	0	0
5624	10	0	0	0
5625	5	0	5	0
5626	9	0	0	0
5627	0	0	9	0
5628	5	0	4	0
5629	9	0	0	0
5630	2	0	6	0
5631	7	0	0	0
5632	8	0	0	0
5633	0	0	0	8
5634	8	0	0	0
5635	0	0	8	0
5636	8	0	0	0
5637	0	5	0	3
5638	0	4	0	4
5639	0	0	5	3
5640	0	0	5	3
5641	0	0	0	8
5642	0	0	0	8
5643	8	0	0	0
5644	8	0	0	0
5645	0	0	0	8
5646	0	0	0	8
5647	5	3	0	0
5648	8	0	0	0
5649	8	0	0	0
5650	8	0	0	0
5651	0	0	8	0
5652	7	0	0	0
5653	7	0	0	0
5654	0	0	0	7
5655	0	0	0	7
5656	7	0	0	0
5657	0	0	7	0
5658	0	0	7	0
5659	0	0	6	0
5660	6	0	0	0
5661	5	0	0	0
5662	4	0	0	0
5663	0	0	3	0
5664	3	0	0	0
5665	0	0	3	0
5666	0	2	0	0
5667	2	0	0	0
5668	0	0	2	0
5669	2	0	0	0
5670	2	0	0	0
5671	0	0	2	0
5672	2	0	0	0
5673	0	2	0	0
5674	2	0	0	0
5675	0	0	2	0
5676	0	0	0	2
5677	0	0	2	0
5678	0	0	2	0
5679	0	2	0	0
5680	2	0	0	0
5681	2	0	0	0
5682	0	0	0	1
5683	0	0	1	0
5684	1	0	0	0
5685	0	0	1	0
5686	1	0	0	0
5687	0	0	1	0
5688	0	0	0	1
5689	0	0	1	0
6024	0	0	0	1
6025	1	0	0	0
6026	1	0	0	0
6027	1	0	0	0
6028	0	0	1	0
6029	0	1	0	0
6030	0	1	0	0
6031	1	0	0	0
6032	0	0	0	1
6033	0	0	1	0
6034	0	0	0	1
6035	0	0	1	0
6036	0	0	0	1
6037	1	0	0	0
6038	1	0	0	0
6039	1	0	0	0
6040	0	0	1	0
6041	0	0	0	1
6042	0	0	0	1
6043	0	0	1	0
6044	1	0	0	0
6045	0	1	0	0
6046	0	1	0	0
6047	0	1	0	0
6048	0	1	0	0
6049	1	0	0	0
6050	0	1	0	0
6051	0	0	0	1
6052	0	1	0	0
6053	0	0	0	1
6054	0	0	1	0
6055	0	0	0	1
6056	0	0	1	0
6057	0	0	0	1
6058	0	1	0	0
6059	1	0	0	0
6060	0	1	0	0
6061	0	0	0	1
6062	0	0	0	1
6063	0	0	0	1
6064	1	0	0	0
6065	1	0	0	0
6066	1	0	0	0
6067	0	1	0	0
6068	0	0	0	1
6069	0	0	1	0
6070	0	0	0	1
6071	1	0	0	0
6072	0	0	1	0
6073	0	1	0	0
6074	1	0	0	0
6075	1	0	0	0
6076	0	0	0	1
6077	1	0	0	0
6078	0	0	0	1
6079	0	0	0	1
6080	1	0	0	0
6081	1	0	0	0
6082	0	0	0	1
6117	0	0	0	1
6118	0	0	1	0
6119	1	0	0	0
6120	1	0	0	0
6121	0	0	1	0
6122	1	0	0	0
6123	1	0	0	0
6124	1	0	0	0
6125	0	0	0	1
6126	1	0	0	0
6127	1	0	0	0
6128	1	0	0	0
6129	1	0	0	0
6130	1	0	0	0
6131	1	0	0	0
6132	0	0	0	1
6133	0	0	0	1
6134	0	0	1	0
6135	0	1	0	0
6136	0	0	0	1
6137	0	1	0	0
6138	0	0	0	1
6139	0	0	0	1
6140	0	0	0	1
6141	0	1	0	0
6142	1	0	0	0
6143	1	0	0	0
6144	0	0	0	1
6145	1	0	0	0
6146	0	1	0	0
6147	1	0	0	0
6148	1	0	0	0
6149	0	1	0	0
6150	0	1	0	0
6151	1	0	0	0
6152	0	1	0	0
6153	1	0	0	0
6233	0	1	0	0
6234	0	0	0	1
6235	1	0	0	0
6236	0	0	1	0
6237	0	0	0	1
6238	0	0	1	0
6239	1	0	0	0
6240	0	1	2	0
6241	0	0	0	3
6242	3	0	0	0
6243	0	2	0	1
6244	3	0	0	0
6245	0	0	2	1
6246	3	0	0	0
6247	0	1	0	2
6248	0	0	0	3
6249	3	0	0	0
6250	3	0	0	0
6251	0	0	0	3
6252	3	0	0	0
6253	3	0	0	0
6254	4	0	0	0
6255	0	0	0	3
6256	0	0	0	4
6257	0	0	4	0
6258	0	1	0	3
6259	4	0	0	0
6260	4	0	0	0
6261	0	0	0	4
6262	4	0	0	0
6263	0	4	0	0
6264	0	4	0	0
6265	0	0	0	4
6266	0	4	0	0
6267	4	0	0	0
6268	3	0	0	0
6269	0	3	0	0
6270	0	3	0	0
6271	3	0	0	0
6272	0	0	0	3
6273	3	0	0	0
6274	3	0	0	0
6275	0	3	0	0
6276	3	0	0	0
6277	0	3	0	0
6278	3	0	0	0
6279	3	0	0	0
6280	0	0	3	0
6281	0	3	0	0
6282	0	3	0	0
6283	0	0	0	3
6284	0	0	3	0
6285	0	0	0	3
6286	0	2	0	0
6287	0	2	0	0
6288	2	0	0	0
6289	2	0	0	0
6290	2	0	0	0
6291	0	0	2	0
6292	0	0	2	0
6293	0	0	0	2
6294	0	2	0	0
6295	2	0	0	0
6296	0	2	0	0
6297	0	0	0	2
6298	0	0	0	2
6299	0	0	0	2
6300	0	0	0	2
6301	0	0	2	0
6302	2	0	0	0
6303	0	2	0	0
6304	0	2	0	0
6305	0	2	0	0
6306	2	0	0	0
6307	2	0	0	0
6308	0	0	0	2
6309	0	0	0	2
6310	0	2	0	0
6311	0	2	0	0
6312	0	0	0	1
6313	1	0	0	0
6314	0	0	0	1
6315	1	0	0	0
6316	0	1	0	0
6317	1	0	0	0
6318	0	0	0	1
6319	0	0	0	1
6320	1	0	0	0
6321	0	0	0	1
6322	0	0	0	1
6323	0	0	1	0
6324	0	0	0	1
6325	0	0	1	0
6326	0	1	0	0
6327	0	0	0	1
6328	0	2	0	0
6329	0	1	0	0
6330	1	0	0	0
6331	0	0	1	0
6332	0	1	0	0
6333	0	0	0	1
6334	0	0	1	0
6335	0	0	1	0
6336	0	0	0	1
6337	0	0	0	1
6338	1	0	0	0
6339	0	0	0	1
6340	0	0	1	0
6341	0	1	0	0
6342	0	0	1	0
6343	1	0	0	0
6344	0	0	0	1
6345	0	0	0	1
6346	0	1	0	0
6347	0	0	0	1
6348	1	0	0	0
6349	1	0	0	0
6350	1	0	0	0
6351	0	0	1	0
6352	0	0	0	1
6353	0	0	1	0
6354	0	0	0	1
6355	1	0	0	0
6356	1	0	0	0
6357	0	0	0	1
6358	0	0	1	0
6359	1	0	0	0
6360	0	0	1	0
6361	1	0	0	0
6362	1	0	0	0
6363	0	0	1	0
6364	1	0	0	0
6365	0	0	0	1
6366	0	0	1	0
6367	0	0	0	1
6368	0	0	0	1
6369	0	1	0	0
6370	1	0	0	0
6371	1	0	0	0
6372	0	0	0	1
6373	0	0	1	0
6374	0	0	1	0
6375	1	0	0	0
6376	1	0	0	0
6377	0	1	0	0
6378	1	0	0	0
6379	0	0	1	0
6380	0	0	1	0
6381	1	0	0	0
6382	0	1	0	0
6383	0	1	0	0
6384	1	0	0	0
6385	0	0	0	1
6386	0	0	1	0
6387	0	0	0	1
6388	1	0	0	0
6389	1	0	0	0
6390	1	0	0	0
6391	1	0	0	0
6392	1	0	0	0
6393	0	0	0	2
6394	0	0	3	0
6395	0	0	0	3
6396	0	3	0	0
6397	3	0	0	0
6398	0	0	3	0
6399	0	3	0	0
6400	2	0	0	0
6401	0	2	0	0
6402	2	0	0	0
6403	0	0	2	0
6404	0	0	0	2
6405	2	0	0	0
6406	0	2	0	0
6407	2	0	0	0
6408	2	0	0	0
6409	0	0	0	2
6410	0	0	2	0
6411	0	0	0	2
6412	2	0	0	0
6413	0	2	0	0
6414	2	0	0	0
6415	0	2	0	0
6416	2	0	0	0
6417	0	0	0	2
6418	0	0	2	0
6419	0	0	2	0
6420	1	0	1	0
6421	2	0	0	0
6422	0	0	0	2
6423	0	0	0	2
6424	2	0	0	0
6425	2	0	0	0
6426	1	0	1	0
6427	0	2	0	0
6428	0	2	0	0
6429	2	0	0	0
6430	0	0	2	0
6431	0	0	0	2
6432	0	0	3	0
6433	0	0	3	0
6434	0	0	0	3
6435	3	0	0	0
6436	0	0	0	3
6437	0	3	0	0
6438	3	0	0	0
6439	3	0	0	0
6440	0	3	0	0
6441	0	2	0	1
6442	0	3	0	0
6443	3	0	0	0
6444	3	0	0	0
6445	0	3	0	0
6446	0	0	0	3
6447	3	0	0	0
6448	0	3	0	0
6449	0	0	0	3
6450	0	0	3	0
6451	0	0	0	3
6452	0	0	0	3
6453	2	0	1	0
6454	3	0	0	0
6455	3	0	0	0
6456	0	0	0	3
6457	0	0	3	0
6458	0	0	3	0
6459	0	0	0	3
6460	3	0	0	0
6461	0	0	3	0
6462	0	3	0	0
6463	0	3	0	0
6464	0	0	0	4
6465	3	0	0	0
6466	0	0	3	0
6467	0	3	0	0
6468	2	0	0	0
6469	0	0	2	0
6470	0	0	0	0
6471	2	0	0	0
6472	0	0	2	0
6473	2	0	0	0
6474	2	0	0	0
6475	0	0	2	0
6476	2	0	0	0
6477	0	0	0	2
6478	2	0	0	0
6479	0	0	0	2
6480	2	0	0	0
6481	0	0	2	0
6482	0	0	0	2
6483	0	0	0	2
6484	3	0	0	0
6485	0	0	0	3
6486	0	0	0	3
6487	3	0	0	0
6488	0	0	3	0
6489	3	0	0	0
6490	0	0	0	3
6491	0	3	0	0
6492	0	0	0	3
6493	0	0	4	0
6494	4	0	0	0
6495	4	0	0	0
6496	4	0	0	0
6497	5	0	0	0
6498	0	0	0	5
6499	0	5	0	0
6500	0	0	0	5
6501	3	0	1	0
6502	4	0	0	0
6503	0	4	0	0
6504	1	0	3	0
6505	4	0	0	0
6506	4	0	0	0
6507	0	4	0	0
6508	4	0	0	0
6509	4	0	0	0
6510	0	0	0	4
6511	0	0	4	0
6512	0	3	0	1
6513	0	4	0	0
6514	4	0	0	0
6515	4	0	0	0
6516	4	0	0	0
6517	4	0	0	0
6518	0	4	0	0
6519	4	0	0	0
6520	4	0	0	0
6521	0	0	0	4
6522	4	0	0	0
6523	3	0	0	0
6524	0	0	0	4
6525	4	0	0	0
6526	0	0	4	0
6527	0	0	0	4
6528	3	1	0	0
6529	0	4	0	0
6530	4	0	0	0
6531	0	1	0	3
6532	0	3	0	1
6533	0	0	0	4
6534	0	0	0	4
6535	4	0	0	0
6536	3	0	0	0
6537	0	0	0	3
6538	2	0	1	0
6539	3	0	0	0
6540	3	0	0	0
6541	0	0	0	3
6542	0	3	0	0
6543	0	0	0	3
6544	0	0	3	0
6545	0	0	0	3
6546	1	0	1	0
6547	0	0	2	0
6548	2	0	0	0
6549	2	0	0	0
6550	2	0	0	0
6551	0	0	0	1
6552	0	0	0	1
6553	0	0	1	0
6554	0	0	0	1
6555	0	0	1	0
6556	0	0	0	1
6557	0	0	1	0
6558	0	0	0	1
6559	1	0	0	0
6560	0	0	0	1
6561	2	0	0	0
6562	3	0	0	0
6563	0	0	3	0
6564	3	0	0	0
6565	0	4	0	0
6566	0	5	0	0
6567	0	5	0	0
6568	4	0	0	0
6569	4	0	0	0
6570	0	4	0	0
6571	4	0	0	0
6572	4	0	0	0
6573	0	0	0	4
6574	4	0	0	0
6575	4	0	0	0
6576	0	0	0	4
6577	4	0	0	0
6578	0	3	0	0
6579	4	0	0	0
6580	4	0	0	0
6581	0	0	4	0
6582	0	0	4	0
6583	4	0	0	0
6584	4	0	0	0
6585	3	0	0	0
6586	4	0	0	0
6587	0	0	4	0
6588	0	4	0	0
6589	4	0	0	0
6590	0	0	0	4
6591	3	0	0	0
6592	4	0	0	0
6593	0	0	4	0
6594	0	0	4	0
6595	4	0	0	0
6596	0	0	0	4
6597	4	0	0	0
6598	0	0	4	0
6599	0	0	4	0
6600	5	0	0	0
6601	0	5	0	0
6602	0	5	0	0
6603	5	0	0	0
6604	0	0	5	0
6605	0	0	5	0
6606	5	0	0	0
6607	0	5	0	0
6608	5	0	0	0
6609	5	0	0	0
6610	1	0	4	0
6611	0	5	0	0
6612	5	0	0	0
6613	0	0	0	5
6614	0	0	0	5
6615	0	4	0	1
6616	0	0	0	5
6617	5	0	0	0
6618	0	0	0	5
6619	0	0	5	0
6620	0	5	0	0
6621	5	0	0	0
6622	5	0	0	0
6623	0	5	0	0
6624	5	0	0	0
6625	0	0	3	0
6626	0	0	1	0
6627	1	0	0	0
6628	0	0	1	0
6629	1	0	0	0
6630	1	0	0	0
6631	1	0	0	0
6632	0	0	0	1
6633	1	0	0	0
6634	1	0	0	0
6635	0	0	0	1
6636	1	0	0	0
6637	0	0	1	0
6638	0	0	1	0
6639	1	0	0	0
6640	0	0	1	0
6641	1	0	0	0
6642	0	0	1	0
6643	1	0	0	0
6644	0	0	0	1
6645	1	0	0	0
6646	1	0	0	0
6647	0	0	1	0
6648	1	0	0	0
6649	0	0	1	0
6650	1	0	0	0
6651	1	0	0	0
6652	0	0	1	0
6653	0	1	0	0
6654	1	0	0	0
6655	0	1	0	0
6656	1	0	0	0
6657	0	0	0	1
6658	0	0	0	1
6659	0	0	1	0
6660	0	0	0	1
6661	1	0	0	0
6662	1	0	0	0
6663	0	1	0	0
6664	1	0	0	0
6665	0	0	0	1
6666	0	0	0	1
6667	1	0	0	0
6668	0	0	1	0
6669	0	0	0	1
6738	1	0	0	0
6739	1	0	0	0
6740	0	0	0	1
6741	1	0	0	0
6742	1	0	0	0
6743	1	0	0	0
6744	1	0	0	0
6745	0	0	0	1
6746	0	0	0	1
6747	0	0	0	1
6748	0	0	1	0
6749	1	0	0	0
6750	1	0	0	0
6751	0	1	0	0
6752	0	1	0	0
6753	1	0	0	0
6754	0	0	0	1
6755	0	1	0	0
6756	0	1	0	0
6757	0	0	0	1
6758	0	1	0	0
6759	1	0	0	0
6760	0	0	1	0
6761	0	0	1	0
6762	1	0	0	0
6763	0	0	1	0
6764	0	0	1	0
6765	0	0	1	0
6766	0	0	1	0
6767	1	0	0	0
6768	0	1	0	0
6769	0	1	0	0
6770	0	0	0	1
6771	2	0	0	0
6772	0	0	2	0
6773	2	0	0	0
6774	2	0	0	0
6775	1	0	1	0
6776	0	0	0	2
6777	0	0	0	2
6778	2	0	0	0
6779	1	1	0	0
6780	3	0	0	0
6781	4	0	0	0
6782	0	4	0	0
6783	4	0	0	0
6784	0	4	0	0
6785	4	0	0	0
6786	0	0	0	4
6787	4	0	0	0
6788	0	0	4	0
6789	0	1	0	3
6790	0	0	0	4
6791	0	0	0	4
6792	0	0	0	4
6793	4	0	0	0
6794	5	0	0	0
6795	0	0	0	5
6796	0	0	0	5
6797	0	0	5	0
6798	0	1	0	4
6799	6	0	1	0
6800	0	0	6	0
6801	6	0	0	0
6802	0	0	7	0
6803	0	0	7	0
6804	7	0	0	0
6805	0	0	7	0
6806	7	0	0	0
6807	7	0	0	0
6808	0	0	0	7
6809	0	0	0	7
6810	0	0	0	6
6811	0	0	0	6
6812	0	0	0	6
6813	0	6	0	0
6814	0	0	0	6
6815	5	0	0	0
6816	0	0	0	6
6817	0	0	0	6
6818	0	0	6	0
6819	0	6	0	0
6820	5	0	1	0
6821	6	0	0	0
6822	0	1	0	5
6823	6	0	0	0
6824	0	6	0	0
6825	6	0	0	0
6826	1	0	0	0
6827	0	1	0	0
6828	1	0	0	0
6829	1	0	0	0
6830	1	0	0	0
6831	1	0	0	0
6832	0	1	0	0
6833	0	0	0	1
6883	2	0	0	0
6884	0	0	0	2
6885	0	2	0	0
6886	2	0	0	0
6887	0	2	0	0
6888	2	0	0	0
6889	0	2	0	0
6890	0	0	0	2
6891	0	2	0	0
6892	0	2	0	0
6893	0	2	0	0
6894	2	0	0	0
6895	0	0	0	2
6896	0	0	2	0
6897	0	2	0	0
6898	2	0	0	0
6899	2	0	0	0
6900	2	0	0	0
6901	2	0	0	0
6902	0	0	0	2
6903	2	0	0	0
6904	2	0	0	0
6905	2	0	0	0
6906	0	0	2	0
6907	0	3	0	0
6908	3	0	0	0
6909	3	0	0	0
6910	3	0	0	0
6911	0	0	0	3
6912	0	0	0	2
6913	3	0	0	0
6914	0	0	0	3
6915	3	0	0	0
6916	2	0	0	0
6917	2	0	0	0
6918	0	2	0	0
6919	2	0	0	0
6920	0	0	0	2
6921	0	0	2	0
6922	0	0	0	2
6923	0	0	2	0
6924	0	0	2	0
6925	0	2	0	0
6926	2	0	0	0
6927	0	0	2	0
6928	0	0	1	0
6929	0	0	1	0
6930	0	0	1	0
6931	0	0	1	0
6932	0	0	0	1
6933	1	0	0	0
6934	0	0	1	0
6935	0	0	1	0
6936	2	0	0	0
6937	0	2	0	0
6938	0	0	2	0
6939	2	0	0	0
6940	0	0	2	0
6941	0	2	0	0
6942	2	0	0	0
6943	2	0	0	0
6944	0	0	0	2
6945	0	0	2	0
6946	0	0	0	2
6947	2	0	0	0
6948	0	0	0	2
6949	0	0	2	0
6950	0	3	0	0
6951	0	3	0	0
6952	0	3	0	0
6953	0	4	0	0
6954	0	0	0	5
6955	0	5	0	0
6956	0	5	0	0
6957	0	7	0	0
6958	8	0	0	0
6959	0	0	0	7
6960	0	0	0	8
6961	0	0	8	0
6962	1	7	0	0
6963	9	0	0	0
6964	0	0	9	0
6965	0	0	9	0
6966	9	0	0	0
6967	9	0	0	0
6968	8	0	0	1
6969	0	9	0	0
6970	9	0	0	0
6971	0	0	0	9
6972	9	0	0	0
6973	10	0	0	0
6974	3	7	0	0
6975	9	1	0	0
6976	0	0	0	10
6977	0	0	10	0
6978	0	9	0	1
6979	10	0	0	0
6980	9	1	0	0
6981	0	1	0	9
6982	0	0	0	10
6983	0	10	0	0
6984	10	0	0	0
6985	11	0	0	0
6986	11	0	0	0
6987	0	0	0	12
6988	12	0	0	0
6989	0	0	0	12
6990	0	12	0	0
6991	12	0	0	0
6992	0	12	0	0
6993	11	0	0	0
6994	0	0	11	0
6995	0	0	11	0
6996	12	0	0	0
6997	0	12	0	0
6998	0	0	0	12
6999	12	0	0	0
7000	0	2	0	9
7001	0	0	0	12
7002	12	0	0	0
7003	0	0	0	12
7004	0	0	0	12
7005	1	0	11	0
7006	2	0	10	0
7007	0	2	0	10
7008	12	0	0	0
7009	0	12	0	0
7010	0	0	12	0
7011	0	0	0	11
7012	0	0	12	0
7013	12	0	0	0
7014	0	0	0	12
7015	0	0	12	0
7016	0	0	12	0
7017	11	0	0	1
7018	0	0	12	0
7019	0	0	12	0
7020	5	0	0	1
7021	4	0	1	0
7022	4	0	1	0
7023	2	0	0	0
7024	2	0	0	0
7025	1	1	0	0
7026	2	0	0	0
7027	1	0	1	0
7028	1	0	0	1
7029	0	0	0	2
7030	1	0	0	0
7031	1	0	0	0
7032	0	0	0	1
7033	1	0	0	0
7034	1	0	0	0
7035	0	0	1	0
7036	1	0	0	0
7037	0	1	0	0
7038	5	0	0	0
7039	0	0	6	0
7040	6	0	0	0
7041	0	0	6	0
7042	6	0	0	0
7043	0	1	0	5
7044	6	0	0	0
7045	0	0	0	6
7046	0	0	0	6
7047	0	6	0	0
7048	6	0	0	0
7049	0	0	6	0
7050	6	0	0	0
7051	0	6	0	0
7052	0	6	0	0
7053	0	0	0	6
7054	0	0	6	0
7055	0	0	6	0
7056	5	0	0	0
7057	0	0	5	0
7058	0	0	5	0
7059	5	0	0	0
7060	0	0	5	0
7061	0	0	5	0
7062	5	0	0	0
7063	4	0	0	0
7064	5	0	0	0
7065	0	0	0	5
7066	5	0	0	0
7067	0	0	0	5
7068	0	0	5	0
7069	5	0	0	0
7070	5	0	0	0
7071	0	0	5	0
7072	0	0	5	0
7073	5	0	0	0
7074	0	0	0	5
7075	5	0	0	0
7076	5	0	0	0
7077	0	0	0	5
7078	0	0	0	5
7079	0	0	5	0
7080	0	0	5	0
7081	5	0	0	0
7082	0	0	4	0
7083	4	0	0	0
7084	4	0	0	0
7085	0	0	4	0
7086	0	0	0	4
7087	0	0	4	0
7088	4	0	0	0
7089	5	0	0	0
7090	0	0	0	5
7091	0	0	0	5
7092	7	0	0	0
7093	0	0	0	7
7094	7	0	0	0
7095	0	4	0	1
7096	5	0	0	0
7097	5	0	0	0
7098	5	0	0	0
7099	0	0	0	5
7100	5	0	0	0
7101	0	0	0	5
7102	5	0	0	0
7103	4	0	0	0
7104	5	0	0	0
7105	0	0	5	0
7106	0	0	0	5
7107	0	0	7	0
7108	0	0	7	0
7109	0	0	0	7
7110	7	0	0	0
7111	0	0	7	0
7112	7	0	0	0
7113	7	0	0	0
7114	7	0	0	0
7115	0	0	0	7
7116	0	0	0	7
7117	6	0	0	0
7118	7	0	0	0
7119	4	0	3	0
7120	0	7	0	0
7121	0	7	0	0
7122	7	0	0	0
7123	0	0	0	7
7124	0	0	0	7
7125	0	0	7	0
7126	0	0	7	0
7127	0	0	7	0
7128	7	0	0	0
7129	6	0	1	0
7130	0	0	0	7
7131	7	0	0	0
7132	0	0	7	0
7133	0	7	0	0
7134	7	0	0	0
7135	0	7	0	0
7136	0	7	0	0
7137	0	7	0	0
7138	7	0	0	0
7139	0	7	0	0
7140	0	5	1	1
7141	0	0	7	0
7142	7	0	0	0
7143	0	0	8	0
7144	0	0	8	0
7145	0	8	0	0
7146	7	0	0	0
7147	7	0	0	0
7148	7	0	0	0
7149	7	0	0	0
7150	7	0	0	0
7151	0	0	7	0
7152	0	0	7	0
7153	7	0	0	0
7154	0	0	7	0
7155	7	0	0	0
7156	0	0	7	0
7157	0	0	0	7
7158	0	0	6	0
7159	0	0	6	0
7160	0	0	0	6
7161	1	0	5	0
7162	0	0	6	0
7163	5	0	0	0
7164	0	0	5	0
7165	5	0	0	0
7166	2	0	2	0
7167	4	0	0	0
7168	0	0	4	0
7169	3	0	0	0
7170	3	0	0	0
7171	3	0	0	0
7172	3	0	0	0
7173	3	0	0	0
7174	3	0	0	0
7175	0	0	3	0
7176	3	0	0	0
7177	0	0	3	0
7178	0	3	0	0
7179	3	0	0	0
7180	0	0	3	0
7181	0	0	0	3
7182	1	0	0	0
7183	0	0	1	0
7184	0	0	1	0
7185	1	0	0	0
7186	0	1	0	0
7187	0	0	0	1
7188	0	0	1	0
7189	0	0	2	0
7190	0	0	2	0
7191	2	0	0	0
7192	0	0	2	0
7193	0	2	0	0
7194	0	0	0	2
7195	0	0	2	0
7196	0	0	0	2
7197	0	0	2	0
7198	0	0	0	2
7199	0	0	0	2
7200	0	2	0	0
7201	0	2	0	0
7202	0	0	0	2
7203	0	0	0	2
7204	0	0	2	0
7205	0	0	2	0
7206	0	0	2	0
7207	0	0	0	2
7208	0	0	0	2
7209	0	2	0	0
7210	0	0	0	2
7211	0	0	0	2
7212	0	0	2	0
7213	0	0	2	0
7214	0	0	2	0
7215	1	0	0	0
7216	0	0	1	0
7217	0	0	0	1
7218	1	0	0	0
7219	0	0	1	0
7220	0	1	0	0
7221	1	0	0	0
7222	0	0	1	0
7223	0	0	1	0
7224	1	0	0	0
7225	1	0	0	0
7226	0	0	1	0
7227	0	1	0	0
7228	1	0	0	0
7229	0	1	0	0
7230	0	0	0	1
7231	1	0	0	0
7232	0	0	0	1
7233	0	0	1	0
7234	0	0	1	0
7235	0	0	1	0
7236	0	1	0	0
7237	0	0	1	0
7238	0	1	0	0
7239	0	0	1	0
7240	0	0	1	0
7241	0	1	0	0
7242	0	0	1	0
7243	0	0	0	1
7244	0	1	0	0
7245	1	0	0	0
7246	1	0	0	0
7247	0	0	0	1
7248	0	0	1	0
7249	1	0	0	0
7250	0	1	0	0
7251	0	0	1	0
7252	0	1	0	0
7253	0	0	0	1
7254	0	0	1	0
7255	1	0	0	0
7256	0	1	0	0
7257	0	0	1	0
7258	0	0	1	0
7259	0	0	0	1
7260	2	0	0	0
7261	0	2	0	0
7262	2	0	0	0
7263	0	0	2	0
7264	1	0	1	0
7265	0	2	0	0
7266	0	2	0	0
7267	2	0	0	0
7268	0	0	2	0
7269	2	0	0	0
7270	0	2	0	0
7271	2	0	0	0
7272	2	0	0	0
7273	0	2	0	0
7274	0	0	0	2
7275	0	0	1	0
7276	0	0	0	2
7277	0	0	0	2
7278	0	0	2	0
7279	0	0	0	2
7280	0	2	0	0
7281	0	0	0	2
7282	0	0	2	0
7283	0	0	2	0
7284	0	0	0	2
7285	2	0	0	0
7286	0	0	0	2
7287	2	0	0	0
7288	0	0	2	0
7289	0	0	0	2
7290	0	0	2	0
7291	0	3	0	0
7292	3	0	0	0
7293	3	0	0	0
7294	0	3	0	0
7295	3	0	0	0
7296	0	0	3	0
7297	0	3	0	0
7298	3	0	0	0
7299	3	0	0	0
7300	2	0	0	0
7301	0	0	2	0
7302	0	2	0	0
7303	2	0	0	0
7304	2	0	0	0
7305	0	0	0	2
7306	0	0	0	2
7307	0	1	0	1
7308	0	0	2	0
7309	0	1	0	0
7310	0	0	0	2
7311	0	0	2	0
7312	2	0	0	0
7313	0	0	2	0
7314	2	0	0	0
7315	0	0	2	0
7316	0	2	0	0
7317	0	2	0	0
7318	2	0	0	0
7319	0	0	0	2
7320	2	0	0	0
7321	0	0	2	0
7322	2	0	0	0
7323	0	0	2	0
7324	0	0	2	0
7325	0	2	0	0
7326	0	0	2	0
7327	0	2	0	0
7328	2	0	0	0
7329	2	0	0	0
7330	0	2	0	0
7331	2	0	0	0
7332	0	0	2	0
7333	0	1	0	0
7334	1	0	0	0
7335	0	0	0	1
7336	1	0	0	0
7337	0	0	0	1
7338	0	0	1	0
7339	0	0	0	1
7340	0	0	0	1
7341	0	0	1	0
7342	0	1	0	0
7343	1	0	0	0
7344	1	0	0	0
7345	0	1	0	0
7346	0	0	0	1
7347	0	1	0	0
7348	1	0	0	0
7349	0	1	0	0
7350	0	0	1	0
7351	0	0	1	0
7352	0	0	0	1
7353	0	1	0	0
7354	0	0	0	1
7355	0	0	1	0
7356	0	0	1	0
7357	0	0	1	0
7358	0	0	1	0
7359	0	1	0	0
7360	1	0	0	0
7361	0	0	0	1
7362	0	0	0	1
7403	0	0	0	1
7404	1	0	0	0
7405	1	0	0	0
7406	3	0	0	0
7407	0	0	3	0
7408	0	0	2	0
7409	3	0	0	0
7410	0	0	0	3
7411	0	2	0	0
7412	3	0	0	0
7413	3	0	0	0
7414	0	3	0	0
7415	3	0	0	0
7416	0	0	3	0
7417	0	3	0	0
7418	0	0	0	3
7419	0	2	0	1
7420	0	3	0	0
7421	0	0	0	3
7422	3	0	0	0
7423	0	0	3	0
7424	0	0	3	0
7425	1	0	2	0
7426	0	3	0	0
7427	0	0	0	5
7428	0	0	0	5
7429	0	0	0	5
7430	0	0	5	0
7431	0	0	5	0
7432	0	0	5	0
7433	0	0	5	0
7434	0	5	0	0
7435	0	0	0	5
7436	0	0	6	0
7437	0	6	0	0
7438	0	0	0	6
7439	0	6	0	0
7440	0	0	0	6
7441	0	0	6	0
7442	0	0	6	0
7443	6	0	0	0
7444	6	0	0	0
7445	5	0	1	0
7446	6	0	0	0
7447	1	5	0	0
7448	4	0	0	2
7449	0	6	0	0
7450	6	0	0	0
7451	0	0	0	6
7452	0	6	0	0
7453	0	0	0	6
7454	0	0	6	0
7455	0	6	0	0
7456	6	0	0	0
7457	0	6	0	0
7458	0	6	0	0
7459	6	0	0	0
7460	0	6	0	0
7461	0	0	0	6
7462	4	0	1	0
7463	5	1	0	0
7464	0	0	0	6
7465	0	0	7	0
7466	0	0	0	7
7467	1	0	6	0
7468	0	7	0	0
7469	0	7	0	0
7470	0	0	0	7
7471	0	0	0	7
7472	0	0	6	0
7473	0	0	6	0
7474	6	0	0	0
7475	6	0	0	0
7476	0	6	0	0
7477	0	1	1	4
7478	0	4	0	0
7479	0	4	0	0
7480	4	0	0	0
7481	0	0	4	0
7482	0	0	0	4
7483	0	0	0	4
7484	0	0	4	0
7485	0	0	4	0
7486	4	0	0	0
7487	0	0	4	0
7488	0	0	0	4
7489	4	0	0	0
7490	4	0	0	0
7491	0	0	0	4
7492	4	0	0	0
7493	4	0	0	0
7494	4	0	0	0
7495	2	0	0	1
7496	0	3	0	0
7497	0	2	0	1
7498	0	2	1	0
7499	3	0	0	0
7500	3	0	0	0
7501	1	0	0	2
7502	1	2	0	0
7503	3	0	0	0
7504	0	0	3	0
7505	3	0	0	0
7506	0	0	2	1
7507	3	0	0	0
7508	0	0	0	2
7509	0	0	0	2
7510	0	0	0	2
7511	0	0	2	0
7512	0	0	2	0
7513	0	0	2	0
7514	2	0	0	0
7515	0	0	0	2
7516	2	0	0	0
7517	2	0	0	0
7518	0	2	0	0
7519	2	0	0	0
7520	0	0	0	2
7521	0	0	2	0
7522	2	0	0	0
7523	0	2	0	0
7524	0	2	0	0
7525	0	0	0	2
7526	0	0	3	0
7527	0	0	3	0
7528	3	0	0	0
7529	0	0	0	3
7530	0	0	3	0
7531	0	3	0	0
7532	4	0	0	0
7533	0	0	4	0
7534	0	0	0	5
7535	0	0	4	0
7536	0	0	4	0
7537	0	0	4	0
7538	4	0	0	0
7539	0	0	1	2
7540	3	0	0	0
7541	0	0	3	0
7542	1	0	2	0
7543	0	0	3	0
7544	3	0	0	0
7545	3	0	0	0
7546	3	0	0	0
7547	0	0	0	3
7548	0	0	0	3
7549	3	0	0	0
7550	0	0	3	0
7551	0	0	0	3
7552	3	0	0	0
7553	3	0	0	0
7554	0	0	0	3
7555	0	0	0	3
7556	3	0	0	0
7557	0	1	0	2
7558	3	0	0	0
7559	0	3	0	0
7560	3	0	0	0
7561	1	0	0	2
7562	6	0	0	0
7563	0	6	0	0
7564	6	0	0	0
7565	0	6	0	0
7566	6	0	0	0
7567	6	0	0	0
7568	0	0	0	6
7569	6	0	0	0
7570	0	0	0	6
7571	6	0	0	0
7572	0	6	0	0
7573	4	0	2	0
7574	0	0	6	0
7575	1	4	1	0
7576	0	0	0	5
7577	0	0	0	6
7578	0	0	6	0
7579	0	6	0	0
7580	0	0	0	6
7581	0	0	0	6
7582	0	0	6	0
7583	6	0	0	0
7584	4	0	2	0
7585	1	0	5	0
7586	6	0	0	0
7587	4	2	0	0
7588	0	0	0	6
7589	0	6	0	0
7590	0	0	6	0
7591	0	6	0	0
7592	6	0	0	0
7593	4	0	2	0
7594	6	0	0	0
7595	6	0	0	0
7596	0	6	0	0
7597	0	6	0	0
7598	5	0	0	0
7599	0	0	6	0
7600	0	5	0	0
7601	5	0	0	0
7602	0	0	5	0
7603	0	0	5	0
7604	4	0	0	0
7605	3	0	1	0
7606	1	2	0	0
7607	3	0	0	0
7608	2	0	1	0
7609	3	0	0	0
7610	3	0	0	0
7611	0	0	0	3
7612	0	0	3	0
7613	3	0	0	0
7614	3	0	0	0
7615	3	0	0	0
7616	3	0	0	0
7617	1	0	2	0
7618	0	0	3	0
7619	3	0	0	0
7620	1	0	0	2
7621	0	0	0	3
7622	0	0	0	3
7623	3	0	0	0
7624	0	0	0	3
7625	0	0	0	3
7626	3	0	0	0
7627	0	0	3	0
7628	0	3	0	0
7629	3	0	0	0
7630	0	1	1	0
7631	0	0	0	2
7632	0	0	2	0
7633	0	0	2	0
7634	1	0	0	0
7635	0	1	0	0
7642	1	0	0	0
7643	4	0	0	0
7644	4	0	0	0
7645	4	0	0	0
7646	4	0	0	0
7647	0	0	0	4
7648	0	4	0	0
7649	0	0	0	4
7650	0	0	4	0
7651	0	0	0	4
7652	0	0	4	0
7653	0	0	4	0
7654	4	0	0	0
7655	2	0	2	0
7656	0	1	0	3
7657	0	0	0	4
7658	0	0	4	0
7659	0	0	4	0
7660	0	0	0	4
7661	0	0	0	4
7662	0	0	0	4
7663	0	0	4	0
7664	4	0	0	0
7665	0	3	0	1
7666	4	0	0	0
7667	0	0	0	4
7668	4	0	0	0
7669	1	0	0	3
7670	0	4	0	0
7671	4	0	0	0
7672	4	0	0	0
7673	4	0	0	0
7674	0	2	0	2
7675	0	0	0	4
7676	0	0	4	0
7677	0	0	4	0
7678	0	4	0	0
7679	0	0	0	4
7680	1	0	3	0
7681	0	0	0	4
7682	0	0	4	0
7683	0	0	4	0
7684	0	0	0	4
7685	4	0	0	0
7686	0	1	0	3
7687	4	0	0	0
7688	0	0	0	4
7689	4	0	0	0
7690	4	0	0	0
7691	3	0	1	0
7692	4	0	0	0
7693	3	1	0	0
7694	0	0	0	4
7695	4	0	0	0
7696	0	0	0	4
7697	0	0	0	4
7698	0	4	0	0
7699	4	0	0	0
7700	0	0	0	5
7701	5	0	0	0
7702	5	0	0	0
7703	0	0	0	5
7704	0	0	5	0
7705	5	0	0	0
7706	0	0	0	5
7707	5	0	0	0
7708	0	0	5	0
7709	0	0	0	5
7710	5	0	0	0
7711	0	0	5	0
7712	0	0	5	0
7713	5	0	0	0
7714	0	0	5	0
7715	0	0	5	0
7716	0	5	0	0
7717	0	0	0	2
7718	0	0	0	1
7719	0	0	1	0
7720	1	0	0	0
7721	0	0	0	1
7722	1	0	0	0
7723	0	0	1	0
7724	0	0	1	0
7725	0	0	0	1
7726	0	0	0	1
7727	0	0	0	1
7728	1	0	0	0
7729	1	0	0	0
7730	0	0	1	0
7731	1	0	0	0
7732	1	0	0	0
7733	0	0	0	1
7734	1	0	0	0
7735	1	0	0	0
7736	0	0	0	1
7737	0	0	0	1
7738	0	0	0	1
7739	0	0	0	1
7740	0	0	0	1
7741	0	0	1	0
7742	0	1	0	0
7743	0	0	0	1
7744	0	0	1	0
7745	0	0	0	1
7746	1	0	0	0
7747	0	1	0	0
7748	0	0	0	1
7749	0	1	0	0
7750	0	0	0	1
7751	0	1	0	0
7752	0	0	0	1
7753	1	0	0	0
7754	0	0	0	1
7755	1	0	0	0
7756	0	0	1	0
7757	0	0	0	1
7758	0	0	1	0
7759	1	0	0	0
7760	1	0	0	0
7761	0	0	0	1
7762	1	0	0	0
7763	0	0	1	0
7764	1	0	0	0
7765	0	0	1	0
7766	0	0	0	1
7767	0	0	0	1
7768	1	0	0	0
7769	0	0	1	0
7770	0	0	1	0
7771	0	1	0	0
7773	0	0	1	0
7774	0	0	1	0
7775	0	0	1	0
7776	1	0	0	0
7777	0	0	0	1
7778	1	0	0	0
7779	0	1	0	0
7780	0	0	0	1
7781	0	1	0	0
7782	0	0	0	0
7783	0	1	0	0
7784	0	1	0	0
7785	0	0	0	0
7786	0	0	0	0
7787	0	0	0	1
7788	0	0	1	0
7789	0	0	0	1
7790	0	1	0	0
7791	0	0	1	0
7792	0	0	0	1
7793	0	0	0	1
7794	0	0	0	1
7795	0	1	0	0
7796	1	0	0	0
7797	0	0	2	0
7798	2	0	0	0
7799	0	2	0	0
7800	0	1	0	0
7801	0	2	0	0
7802	0	0	0	2
7803	0	0	0	2
7804	2	0	0	0
7805	0	0	0	2
7806	0	2	0	0
7807	0	2	0	0
7808	0	2	0	0
7809	2	0	0	0
7810	1	0	0	0
7811	1	1	0	0
7812	0	2	0	0
7813	0	2	0	0
7814	0	2	0	0
7815	0	0	2	0
7816	2	0	0	0
7817	0	0	2	0
7818	0	0	2	0
7819	0	0	2	0
7820	0	0	2	0
7821	2	0	0	0
7822	0	1	0	0
7823	0	2	0	0
7824	0	2	0	0
7825	0	0	2	0
7826	2	0	0	0
7827	0	2	0	0
7828	2	0	0	0
7829	0	0	2	0
7830	0	0	2	0
7831	0	2	0	0
7832	0	1	0	1
7833	0	2	0	0
7834	1	0	1	0
7835	0	0	2	0
7836	2	0	0	0
7837	1	0	0	0
7838	1	0	1	0
7839	2	0	0	0
7840	2	0	0	0
7841	0	0	0	2
7842	0	2	0	0
7843	0	0	2	0
7844	2	0	0	0
7845	2	0	0	0
7846	0	0	1	0
7847	2	0	0	0
7848	1	0	0	0
7849	0	0	1	0
7850	1	0	0	0
7851	1	0	0	0
7852	0	0	1	0
7853	0	0	1	0
7854	0	0	0	1
7855	0	0	1	0
7856	0	0	1	0
7857	1	0	0	0
7858	0	0	1	0
7859	1	0	0	0
7860	0	0	1	0
7861	0	1	0	0
7862	1	0	0	0
7863	1	0	0	0
7864	0	0	1	0
7865	1	0	0	0
7866	0	1	0	0
7867	1	0	0	0
7868	0	0	1	0
7869	1	0	0	0
7872	0	0	0	0
7873	1	0	0	0
7874	0	0	1	0
7875	0	0	0	0
7876	0	0	0	1
7877	0	1	0	0
7878	0	0	0	0
7879	0	0	1	0
7880	0	0	0	1
7881	0	0	1	0
7882	0	1	0	0
7883	0	0	1	0
7884	1	0	0	0
7885	0	0	0	1
7886	0	0	0	1
7887	1	0	0	0
7888	0	0	1	0
7889	0	0	0	1
7890	0	0	1	0
7891	1	0	0	0
7892	0	0	1	0
7893	0	1	0	0
7894	0	0	1	0
7895	0	0	1	0
7896	1	0	0	0
7897	0	0	0	1
7898	0	0	0	1
7899	0	1	0	0
7900	0	0	0	1
7901	0	0	0	1
7902	1	0	0	0
7903	0	0	1	0
7904	0	1	0	0
7905	1	0	0	0
7906	0	1	0	0
7907	0	0	0	0
7908	0	0	0	1
7909	0	0	0	0
7910	0	1	0	0
7911	0	1	0	0
7912	0	0	0	0
7913	0	0	1	0
7914	0	0	1	0
7915	0	0	1	0
7916	1	0	0	0
7917	0	1	0	0
7918	0	0	0	0
7919	1	0	0	0
7920	0	0	0	1
7921	0	1	0	0
7922	0	0	0	1
7923	0	0	0	0
7924	0	1	0	0
7925	0	0	1	0
7926	0	0	1	0
7927	1	0	0	0
7928	0	0	1	0
7929	0	0	0	0
7930	0	1	0	0
7931	0	0	0	1
7932	0	0	2	0
7933	0	0	0	1
7934	0	0	2	0
7935	0	1	0	0
7936	0	1	0	0
7937	0	0	0	2
7938	0	2	0	0
7939	0	0	0	2
7940	0	0	0	2
7941	0	2	0	0
7942	2	0	0	0
7943	0	0	2	0
7944	0	1	0	0
7945	0	0	0	1
7946	1	0	0	0
7947	0	1	0	0
7948	0	1	0	0
7949	2	0	0	0
7950	0	2	0	0
7951	0	2	0	0
7952	0	0	2	0
7953	2	0	0	0
7954	0	0	0	2
7955	0	0	0	2
7956	0	0	2	0
7957	2	0	0	0
7958	0	0	3	0
7959	3	0	0	0
7960	0	0	3	0
7961	3	0	0	0
7962	0	3	0	0
7963	0	0	0	3
7964	0	0	0	3
7965	0	2	0	1
7966	3	0	0	0
7967	0	0	0	3
7968	3	0	0	0
7969	0	0	0	3
7970	0	0	0	3
7971	3	0	0	0
7972	3	0	0	0
7973	0	0	0	3
7974	0	0	0	3
7975	0	0	3	0
7976	0	1	0	2
7977	3	0	0	0
7978	0	0	3	0
7979	0	0	0	3
7980	0	0	4	0
7981	4	0	0	0
7982	0	0	4	0
7983	4	0	0	0
7984	0	0	4	0
7985	0	3	0	0
7986	4	0	0	0
7987	0	0	4	0
7988	0	0	0	4
7989	0	0	4	0
7990	0	0	4	0
7991	4	0	0	0
7992	4	0	0	0
7993	0	4	0	0
7994	0	0	0	4
7995	0	1	0	3
7996	0	4	0	0
7997	0	0	0	4
7998	0	0	4	0
7999	0	0	4	0
8000	0	0	4	0
8001	4	0	0	0
8002	0	4	0	0
8003	0	0	4	0
8004	0	3	0	0
8005	3	0	0	0
8006	0	0	3	0
8007	0	3	0	0
8008	3	0	0	0
8009	0	0	3	0
8010	0	3	0	0
8011	0	3	0	0
8012	0	0	0	3
8013	0	3	0	0
8014	3	0	0	0
8015	0	0	3	0
8016	0	0	3	0
8017	0	0	3	0
8018	0	0	3	0
8019	2	0	0	0
8020	0	3	0	0
8021	0	0	0	2
8022	0	0	2	0
8023	0	2	0	0
8024	3	0	0	0
8025	0	0	3	0
8026	3	0	0	0
8027	0	0	3	0
8028	2	0	0	0
8029	0	0	2	0
8030	0	0	3	0
8031	0	0	3	0
8032	0	0	0	3
8033	0	0	3	0
8034	0	0	3	0
8035	0	0	3	0
8036	3	0	0	0
8037	3	0	0	0
8038	0	0	3	0
8039	0	2	0	1
8040	0	3	0	0
8041	0	3	0	0
8042	0	0	0	3
8043	0	0	0	3
8044	3	0	0	0
8045	3	0	0	0
8046	0	0	3	0
8047	0	0	0	3
8048	3	0	0	0
8049	0	0	0	3
8050	0	2	0	0
8051	0	0	0	2
8052	1	0	1	0
8053	0	0	2	0
8054	0	0	2	0
8055	2	0	0	0
8056	2	0	0	0
8057	1	0	1	0
8058	0	1	0	1
8059	0	2	0	0
8060	0	0	0	2
8061	0	0	0	2
8062	0	0	2	0
8063	0	0	1	1
8064	0	0	2	0
8065	0	2	0	0
8066	2	0	0	0
8067	0	0	2	0
8068	0	0	0	2
8069	2	0	0	0
8070	0	0	0	2
8071	0	0	0	2
8072	0	0	2	0
8073	0	0	2	0
8074	0	0	2	0
8075	0	0	2	0
8076	0	0	0	3
8077	0	3	0	0
8078	0	0	0	2
8079	0	0	4	0
8080	0	0	4	0
8081	4	0	0	0
8082	4	0	0	0
8083	0	4	0	0
8084	0	0	0	4
8085	4	0	0	0
8086	4	0	0	0
8087	4	0	0	0
8088	1	0	3	0
8089	4	0	0	0
8090	4	0	0	0
8091	0	0	3	0
8092	4	0	0	0
8093	0	0	4	0
8094	0	0	0	4
8095	0	0	4	0
8096	0	3	0	0
8097	0	0	0	3
8098	3	0	0	0
8099	0	0	0	3
8100	0	0	0	2
8101	2	0	0	0
8102	2	0	1	0
8103	0	0	0	2
8104	0	1	0	0
8105	0	0	0	2
8106	0	0	2	0
8107	0	2	0	0
8108	0	0	0	2
8109	0	0	0	2
8110	0	0	2	0
8111	2	0	0	0
8112	0	0	0	2
8113	2	0	0	0
8114	0	1	0	0
8115	0	1	0	0
8116	0	0	0	2
8117	0	2	0	0
8118	5	0	0	0
8119	0	0	4	0
8120	0	4	0	0
8121	5	0	0	0
8122	5	0	0	0
8123	0	0	0	5
8124	5	0	0	0
8125	0	0	4	0
8126	0	0	0	5
8127	5	0	0	0
8128	0	0	5	0
8129	0	0	0	4
8130	0	0	5	0
8131	0	0	4	0
8132	0	6	0	0
8133	0	0	0	5
8134	0	0	5	0
8135	6	0	0	0
8136	6	0	0	0
8137	0	0	5	0
8138	0	0	5	0
8139	0	0	0	6
8140	6	0	0	0
8141	0	7	0	0
8142	7	0	0	0
8143	0	0	7	0
8144	8	0	0	0
8145	0	0	0	9
8146	9	0	0	0
8147	0	0	8	0
8148	5	0	2	0
8149	7	0	0	0
8150	0	0	0	7
8151	0	1	0	6
8152	5	2	0	0
8153	0	0	0	7
8154	0	0	0	6
8155	0	0	7	0
8156	7	0	0	0
8157	7	0	0	0
8158	0	0	5	2
8159	0	0	0	6
8160	7	0	0	0
8161	0	0	5	2
8162	0	0	0	6
8163	7	0	0	0
8164	0	7	0	0
8165	0	0	0	7
8166	6	0	0	0
8167	0	0	7	0
8168	0	7	0	0
8169	7	0	0	0
8170	7	0	0	0
8171	0	0	0	7
8172	0	0	0	9
8173	0	0	0	9
8174	0	0	9	0
8175	0	1	0	8
8176	10	0	0	0
8177	0	0	10	0
8178	10	0	0	0
8179	0	0	10	0
8180	0	9	0	0
8181	0	0	0	11
8182	10	0	0	0
8183	0	0	0	11
8184	0	11	0	0
8185	0	11	0	0
8186	0	0	10	0
8187	0	11	0	0
8188	11	0	0	0
8189	8	0	0	0
8190	0	7	0	0
8191	5	0	2	0
8192	0	0	0	8
8193	6	0	1	0
8194	0	7	0	0
8195	0	8	0	0
8196	0	0	0	8
8197	8	0	0	0
8198	0	8	0	0
8199	8	0	0	0
8200	8	0	0	0
8201	0	0	7	0
8202	8	0	0	0
8203	7	0	0	0
8204	0	0	0	7
8205	7	0	0	0
8206	7	0	0	0
8207	0	0	6	0
8208	7	0	0	0
8209	0	8	0	0
8210	8	0	0	0
8211	0	0	7	0
8212	0	0	8	0
8213	0	0	8	0
8214	0	7	0	0
8215	0	0	0	7
8216	0	0	0	6
8217	5	0	1	0
8218	0	0	7	0
8219	7	0	0	0
8220	7	0	0	0
8221	0	0	6	1
8222	0	3	0	4
8223	8	0	0	0
8224	0	0	8	0
8225	0	9	0	0
8226	0	0	0	9
8227	0	0	0	9
8228	0	0	0	8
8229	0	0	9	0
8230	0	9	0	0
8231	0	0	0	9
8232	9	0	0	0
8233	0	0	0	9
8234	9	0	0	0
8235	9	0	0	0
8236	9	0	0	0
8237	8	0	0	0
8238	0	0	0	9
8239	0	0	9	0
8240	0	0	9	0
8241	0	0	9	0
8242	0	0	11	0
8243	3	0	8	0
8244	0	0	13	0
8245	0	11	0	0
8246	9	0	0	0
8247	10	0	0	0
8248	0	0	14	0
8249	0	0	0	14
8250	0	0	14	0
8251	0	0	11	3
8252	0	0	0	14
8253	0	14	0	0
8254	14	0	0	0
8255	13	0	0	0
8256	13	0	0	0
8257	11	0	0	0
8258	11	0	2	0
8259	0	0	13	0
8260	0	13	0	0
8261	13	0	0	0
8262	0	0	13	0
8263	0	12	0	0
8264	14	0	0	0
8265	0	0	0	14
8266	14	0	0	0
8267	0	0	13	0
8268	0	0	0	14
8269	0	0	0	15
8270	0	0	14	0
8271	0	0	14	0
8272	14	0	1	0
8273	0	0	0	16
8274	0	0	15	0
8275	0	0	16	0
8276	0	14	0	0
8277	0	16	0	0
8278	0	0	0	16
8279	0	0	16	0
8280	0	15	0	0
8281	0	0	0	17
8282	1	0	16	0
8283	0	0	0	17
8284	17	0	0	0
8285	17	0	0	0
8286	0	0	16	1
8287	16	0	0	0
8288	0	0	15	0
8289	15	0	0	0
8290	5	9	0	0
8291	12	0	0	0
8292	0	0	13	0
8293	14	0	0	0
8294	3	0	0	11
8295	0	0	0	15
8296	14	0	0	0
8297	15	0	0	0
8298	1	0	14	0
8299	15	0	0	0
8300	12	3	0	0
8301	0	0	14	0
8302	14	0	0	0
8303	3	0	11	0
8304	0	15	0	0
8305	0	0	0	15
8306	6	9	0	0
8307	12	0	3	0
8308	0	0	16	0
8309	0	17	0	0
8310	0	17	0	0
8311	17	0	0	0
8312	1	0	15	0
8313	1	16	0	0
8314	16	0	0	0
8315	0	0	16	0
8316	0	16	0	0
8317	13	0	0	1
8318	0	0	14	0
8319	13	0	0	0
8320	0	0	13	0
8321	0	0	8	0
8322	0	0	7	0
8323	7	0	0	0
8324	0	0	6	0
8325	0	0	0	7
8326	7	0	0	0
8327	0	0	8	0
8328	0	0	8	0
8329	8	0	0	0
8330	0	0	8	0
8331	0	8	0	0
8332	7	0	0	0
8333	0	0	6	0
8334	0	7	0	0
8335	0	0	4	0
8336	0	0	0	4
8337	0	4	0	0
8338	0	0	0	4
8339	0	4	0	0
8340	4	0	0	0
8341	3	0	0	0
8342	0	0	3	0
8343	4	0	0	0
8344	0	4	0	0
8345	0	0	0	4
8346	0	0	0	3
8347	3	0	0	0
8348	0	0	3	0
8349	4	0	0	0
8350	0	0	0	4
8351	4	0	0	0
8352	1	0	3	0
8353	4	0	0	0
8354	0	4	0	0
8355	4	0	0	0
8356	0	0	0	4
8357	0	0	4	0
8358	0	0	4	0
8359	3	0	1	0
8360	0	0	4	0
8361	0	4	0	0
8362	4	0	0	0
8363	0	4	0	0
8364	0	0	0	3
8365	0	0	0	2
8366	3	0	0	0
8367	0	3	0	0
8368	3	0	0	0
8369	3	0	0	0
8370	0	1	0	2
8371	0	3	0	0
8372	3	0	0	0
8373	2	0	1	0
8374	0	2	0	1
8375	3	0	0	0
8376	3	0	0	0
8377	0	3	0	0
8378	3	0	0	0
8379	0	3	0	0
8380	3	0	0	0
8381	0	1	1	0
8382	0	3	0	0
8383	0	3	0	0
8384	2	1	0	0
8385	1	2	0	0
8386	0	3	0	0
8387	3	0	0	0
8388	3	0	0	0
8389	0	0	0	3
8390	3	0	0	0
8391	3	0	0	0
8392	0	0	0	3
8393	0	1	2	0
8394	1	1	0	0
8395	1	0	0	1
8396	0	0	2	0
8397	1	1	0	0
8398	0	0	0	3
8399	0	0	0	3
8400	0	0	3	0
8401	0	0	0	3
8402	0	0	3	0
8403	0	3	0	0
8404	0	3	0	0
8405	0	0	0	3
8406	0	0	3	0
8407	0	0	3	0
8408	0	3	0	0
8409	0	0	0	3
8410	2	0	1	0
8411	0	1	2	0
8412	3	0	0	0
8413	3	0	0	0
8414	0	0	3	0
8415	0	3	0	0
8416	3	0	0	0
8417	0	3	0	0
8418	3	0	0	0
8419	2	0	1	0
8420	0	0	3	0
8421	3	0	0	0
8422	2	0	1	0
8423	0	0	3	0
8424	2	0	0	0
8425	2	0	0	0
8426	0	0	2	0
8427	1	1	0	0
8428	2	0	0	0
8429	0	0	2	0
8430	2	0	0	0
8431	2	0	0	0
8432	0	0	2	0
8433	2	0	0	0
8434	0	0	2	0
8435	0	0	2	0
8436	0	0	0	2
8437	0	0	2	0
8438	0	0	2	0
8439	0	0	2	0
8440	0	2	0	0
8441	0	0	0	2
8442	0	0	0	2
8443	0	0	0	2
8444	0	2	0	0
8445	0	2	0	0
8446	2	0	0	0
8447	0	0	2	0
8448	0	0	0	2
8449	0	2	0	0
8450	2	0	0	0
8451	0	0	2	0
8452	2	0	0	0
8453	0	2	0	0
8454	0	2	0	0
8455	0	1	0	0
8456	0	1	0	0
8457	1	0	0	0
8458	1	0	0	0
8459	0	0	1	0
8460	0	0	0	1
8461	1	0	0	0
8462	0	1	0	0
8463	0	1	0	0
8464	0	0	0	1
8465	0	0	0	1
8466	0	0	0	1
8467	1	0	0	0
8468	1	0	0	0
8469	0	0	1	0
8470	1	0	0	0
8471	0	1	0	0
8472	0	0	0	0
8485	0	0	1	0
8486	0	0	1	0
8487	0	0	1	0
8488	1	0	0	0
8489	0	0	1	0
8490	0	1	0	0
8491	1	0	0	0
8492	0	0	1	0
8493	0	0	0	1
8494	0	0	0	1
8495	0	0	1	0
8496	1	0	0	0
8497	0	0	0	1
8498	0	1	0	0
8499	0	0	0	1
8500	0	2	0	0
8501	2	0	0	0
8502	0	0	2	0
8503	0	2	0	0
8504	0	0	0	2
8505	0	0	0	2
8506	0	2	0	0
8507	0	0	0	2
8508	0	0	0	2
8509	0	0	0	2
8510	0	0	0	2
8511	0	0	0	2
8512	2	0	0	0
8513	2	0	0	0
8514	2	0	0	0
8515	2	0	0	0
8516	0	0	2	0
8517	2	0	0	0
8518	2	0	0	0
8519	2	0	0	0
8520	2	0	0	0
8521	0	0	2	0
8522	0	0	2	0
8523	0	0	2	0
8524	0	0	2	0
8525	0	0	2	0
8526	0	0	2	0
8527	2	0	0	0
8528	0	2	0	0
8529	0	0	0	2
8530	0	0	2	0
8531	0	0	2	0
8532	2	0	0	0
8533	2	0	0	0
8534	0	0	2	0
8535	0	0	2	0
8536	0	0	2	0
8537	0	0	0	2
8538	0	0	0	2
8539	2	0	0	0
8540	2	0	0	0
8541	0	0	0	2
8542	0	0	0	2
8543	0	0	0	2
8544	2	0	0	0
8545	0	2	0	0
8546	0	0	0	2
8547	0	2	0	0
8548	0	0	0	2
8549	2	0	0	0
8550	2	0	0	0
8551	0	0	2	0
8552	2	0	0	0
8553	2	0	0	0
8554	2	0	0	0
8555	2	0	0	0
8556	0	0	2	0
8557	0	0	2	0
8558	0	2	0	0
8559	2	0	0	0
8560	1	0	0	0
8561	0	0	1	0
8562	1	0	0	0
8563	1	0	0	0
8564	1	0	0	0
8565	0	0	0	1
8566	0	1	0	0
8567	0	1	0	0
8568	0	0	0	1
8569	0	0	0	1
8570	0	0	1	0
8571	1	0	0	0
8771	2	0	0	0
8772	0	0	2	0
8773	2	0	0	0
8774	0	0	2	0
8775	2	0	0	0
8776	2	0	0	0
8777	0	0	2	0
8778	0	0	0	2
8779	0	0	2	0
8780	0	0	0	2
8781	0	0	0	2
8782	2	0	0	0
8783	2	0	0	0
8784	2	0	0	0
8785	0	0	2	0
8786	0	0	0	2
8787	0	0	2	0
8788	0	0	2	0
8789	0	2	0	0
8790	2	0	0	0
8791	0	0	2	0
8792	0	0	0	2
8793	0	0	0	2
8794	0	0	0	2
8795	0	0	2	0
8796	2	0	0	0
8797	0	2	0	0
8798	2	0	0	0
8799	0	0	2	0
8800	0	0	0	2
8801	0	2	0	0
8802	0	0	0	2
8803	0	0	2	0
8804	0	2	0	0
8805	0	0	0	2
8806	2	0	0	0
8807	0	0	2	0
8808	0	2	0	0
8809	2	0	0	0
8810	0	2	0	0
8811	0	0	2	0
8812	0	2	0	0
8813	2	0	0	0
8814	0	0	2	0
8815	2	0	0	0
8816	0	2	0	0
8817	2	0	0	0
8818	0	2	0	0
8819	2	0	0	0
8820	0	0	0	2
8821	0	0	2	0
8822	0	0	2	0
8823	0	2	0	0
8824	0	2	0	0
8825	0	2	0	0
8826	0	0	2	0
8827	0	2	0	0
8828	0	0	2	0
8829	2	0	0	0
8830	0	0	2	0
8831	1	1	0	0
8832	0	0	0	2
8833	2	0	0	0
8834	0	2	0	0
8835	2	0	0	0
8836	0	1	0	1
8837	0	2	0	0
8838	0	2	0	0
8839	0	0	2	0
8840	0	0	2	0
8841	1	0	0	0
8842	0	0	1	0
8843	0	0	0	1
8844	1	0	0	0
8845	0	0	0	1
8846	0	0	0	1
8847	1	0	0	0
8848	0	1	0	0
8849	1	0	0	0
8850	1	0	0	0
8851	1	0	0	0
8852	0	0	1	0
8853	1	0	0	0
8854	0	1	0	0
8855	0	0	0	1
8856	0	0	1	0
8857	0	1	0	0
8858	0	0	0	1
8859	0	0	1	0
8860	1	0	0	0
8861	0	1	0	0
8862	1	0	0	0
8863	0	1	0	0
8864	1	0	0	0
8865	0	0	1	0
8866	1	0	0	0
8867	1	0	0	0
8868	0	0	1	0
8869	0	0	1	0
8870	0	0	1	0
8871	1	0	0	0
8872	0	1	0	0
8873	0	0	0	1
8874	0	0	0	1
8875	0	0	0	1
8876	0	1	0	0
8877	0	1	0	0
8878	0	0	1	0
8879	0	1	0	0
8880	0	0	0	1
8881	0	0	1	0
8882	0	0	1	0
8883	0	0	1	0
8884	1	0	0	0
8885	0	1	0	0
