	A	C	G	T
111	0	1	0	0
112	0	0	1	0
113	1	0	0	0
114	1	0	0	0
115	0	1	0	0
116	1	0	0	0
117	0	0	1	0
118	0	0	1	0
119	0	0	1	0
120	1	0	0	0
121	0	1	0	0
122	0	0	0	1
123	0	0	0	1
124	0	0	1	0
125	1	0	0	0
126	1	0	0	0
127	1	0	0	0
128	0	0	1	0
129	0	1	0	0
130	0	0	1	0
131	1	0	0	0
132	1	0	0	0
133	1	0	0	0
134	0	0	1	0
135	0	0	0	1
136	1	0	0	0
137	1	0	0	0
138	0	0	1	0
139	1	0	0	0
140	0	1	0	0
141	0	1	0	0
267	0	0	1	0
268	1	0	0	0
269	0	0	1	0
270	1	0	0	0
271	0	0	1	0
272	0	1	0	0
273	0	0	1	0
274	0	0	0	2
275	0	2	0	0
276	2	0	0	0
277	0	0	2	0
278	0	0	0	2
279	2	0	0	0
280	0	0	0	2
281	0	0	0	2
282	2	0	0	0
283	2	0	0	0
284	0	0	2	0
285	2	0	0	0
286	0	0	2	0
287	0	0	2	0
288	0	2	0	0
289	0	0	2	0
290	2	0	0	0
291	1	1	0	0
292	2	0	0	0
293	2	0	0	0
294	0	0	0	2
295	0	0	0	2
296	0	0	0	2
297	1	0	1	0
298	0	0	2	0
299	2	0	0	0
300	0	0	0	2
301	2	0	0	0
302	0	0	2	0
303	2	0	0	0
304	0	0	0	2
305	0	0	2	0
306	0	0	2	0
307	0	0	2	0
308	2	0	0	0
309	2	0	0	0
310	2	0	0	0
311	2	0	0	0
312	1	0	1	0
313	2	0	0	0
314	0	0	0	2
315	0	0	0	2
316	2	0	0	0
317	0	0	2	0
318	0	0	2	0
319	0	0	0	2
320	0	0	0	2
321	0	0	2	0
322	2	0	0	0
323	0	0	2	0
324	0	0	2	0
325	0	2	0	0
326	0	1	0	0
327	2	0	0	0
328	0	0	2	0
329	0	0	3	0
330	0	0	3	0
331	0	0	3	0
332	0	0	3	0
333	3	0	0	0
334	3	0	0	0
335	3	0	0	0
336	0	0	3	0
337	3	0	0	0
338	2	0	0	0
339	2	0	0	0
340	0	2	0	0
341	2	0	0	0
342	2	0	0	0
343	0	0	0	2
344	2	0	0	0
345	0	0	0	2
346	1	0	0	0
347	1	0	0	0
348	0	0	1	0
349	0	0	0	1
350	0	0	0	1
351	1	0	0	0
352	1	0	0	0
353	1	0	0	0
354	1	0	0	0
355	0	1	0	0
356	1	0	0	0
357	0	1	0	0
358	0	0	0	0
359	0	0	0	1
360	1	0	0	0
361	0	0	1	0
362	0	0	0	1
363	1	0	0	0
364	0	0	0	1
365	0	0	0	0
366	0	0	2	0
367	0	0	2	0
368	0	2	0	0
369	2	0	0	0
370	2	0	0	0
371	0	0	2	0
372	0	2	0	0
373	2	0	0	0
374	0	0	2	0
375	1	0	1	0
376	0	0	1	0
377	3	0	0	0
378	0	0	3	0
379	0	3	0	0
380	0	0	0	3
381	0	0	3	0
382	0	0	2	0
383	3	0	0	0
384	3	0	0	0
385	3	0	0	0
386	0	0	3	0
387	3	0	0	0
388	0	0	0	3
389	0	0	0	3
390	0	0	0	3
391	0	0	2	0
392	0	3	0	0
393	3	0	0	0
394	0	3	0	0
395	0	0	0	3
396	0	0	0	3
397	3	0	0	0
398	3	0	0	0
399	0	3	0	0
400	0	3	0	0
401	0	2	0	0
402	0	0	0	2
403	0	0	2	0
404	0	0	2	0
405	0	2	0	0
406	0	2	0	0
407	0	0	0	2
408	0	0	0	2
409	0	0	0	2
410	0	0	0	2
411	2	0	0	0
412	0	0	2	0
413	2	0	0	0
414	2	0	0	0
415	2	0	0	0
416	0	2	0	0
417	3	0	0	0
418	0	0	0	3
419	0	5	0	0
420	5	0	0	0
421	0	0	5	0
422	5	0	0	0
423	5	0	0	0
424	0	0	5	0
425	0	0	5	0
426	0	4	0	1
427	0	0	0	5
428	0	0	5	0
429	0	0	0	5
430	5	0	0	0
431	2	0	3	0
432	5	0	0	0
433	0	5	0	0
434	5	0	0	0
435	5	0	0	0
436	5	0	0	0
437	0	0	0	5
438	5	0	0	0
439	5	0	0	0
440	0	0	0	5
441	0	0	5	0
442	5	0	0	0
443	5	0	0	0
444	1	0	0	4
445	0	5	0	0
446	5	0	0	0
447	0	0	5	0
448	0	5	0	0
449	0	0	0	4
450	4	0	0	0
451	0	4	0	0
452	5	0	0	0
453	5	0	0	0
454	0	6	0	0
455	0	6	0	0
456	6	0	0	0
457	0	0	6	0
458	0	6	0	0
459	0	0	0	6
460	0	6	0	0
461	0	0	0	6
462	0	6	0	0
463	0	6	0	0
464	6	0	0	0
465	0	0	6	0
466	6	0	0	0
467	0	5	0	0
468	7	0	0	0
469	0	0	8	0
470	0	0	8	0
471	8	0	0	0
472	7	0	0	0
473	0	8	0	0
474	8	0	0	0
475	0	0	8	0
476	8	0	0	0
477	0	0	8	0
478	0	0	8	0
479	7	0	0	0
480	6	0	0	0
481	7	0	0	0
482	0	0	0	7
483	0	0	0	7
484	7	0	0	0
485	7	0	0	0
486	7	0	0	0
487	0	0	0	7
488	0	7	0	0
489	7	0	0	0
490	0	0	0	7
491	0	0	0	5
492	0	0	5	0
493	0	0	0	5
494	0	0	0	5
495	0	6	0	0
496	9	0	0	0
497	9	0	0	0
498	0	9	0	0
499	9	0	0	0
500	0	8	0	0
501	9	0	0	0
502	0	0	9	0
503	0	0	0	9
504	9	0	0	0
505	0	0	9	0
506	0	9	0	0
507	9	0	0	0
508	8	0	1	0
509	0	8	0	1
510	0	0	0	9
511	0	9	0	0
512	0	0	0	9
513	0	9	0	0
514	0	0	0	9
515	8	0	0	1
516	0	1	0	8
517	0	0	0	9
518	0	0	9	0
519	0	0	0	9
520	0	0	9	0
521	0	0	0	9
522	9	0	0	0
523	0	9	0	0
524	9	0	0	0
525	0	0	0	9
526	8	0	1	0
527	9	0	0	0
528	9	0	0	0
529	9	0	0	0
530	7	0	2	0
531	0	0	9	0
532	9	0	0	0
533	0	0	0	9
534	9	0	0	0
535	0	0	9	0
536	9	0	0	0
537	0	0	1	5
538	5	0	1	0
539	0	0	0	7
540	7	0	0	0
541	0	7	0	0
542	0	0	7	0
543	7	0	0	0
544	0	0	7	0
545	7	0	0	0
546	0	7	0	0
547	7	0	0	0
548	0	7	0	0
549	0	7	0	0
550	6	0	1	0
551	6	0	0	0
552	1	0	5	0
553	0	0	6	0
554	6	0	0	0
555	6	0	0	0
556	0	0	6	0
557	0	6	0	0
558	0	5	0	0
559	0	0	0	6
560	0	0	0	6
561	6	0	0	0
562	0	0	4	2
563	6	0	0	0
564	0	6	0	0
565	6	0	0	0
566	3	0	0	0
567	0	0	3	0
568	2	0	0	0
569	0	0	0	2
570	1	0	0	0
571	0	0	1	0
572	1	0	0	0
573	1	0	0	0
574	0	0	1	0
575	1	0	0	0
576	1	0	0	0
577	0	0	1	0
578	1	0	0	0
579	1	0	0	0
580	0	1	0	0
581	1	0	0	0
582	2	0	0	0
583	2	0	0	0
584	2	0	0	0
585	0	2	0	0
586	2	0	0	0
587	1	0	1	0
588	0	0	2	0
589	2	0	0	0
590	0	0	2	0
591	0	0	0	2
592	0	2	0	0
593	2	0	0	0
594	0	0	2	0
595	0	2	0	0
596	2	0	0	0
597	2	0	0	0
598	2	0	0	0
599	2	0	0	0
600	2	0	0	0
601	2	0	0	0
602	0	2	0	0
603	2	0	0	0
604	0	2	0	0
605	2	0	0	0
606	0	0	2	0
607	0	2	0	0
608	2	0	0	0
609	0	0	2	0
610	0	0	2	0
611	0	2	0	0
612	1	0	0	0
613	1	0	0	0
614	1	0	0	0
615	1	0	0	0
616	0	0	1	0
617	0	1	0	0
618	0	0	1	0
619	0	0	1	0
620	0	1	0	0
621	0	0	0	1
622	0	0	1	0
623	1	0	0	0
624	0	1	0	0
625	0	0	1	0
626	0	0	1	0
627	1	0	0	0
628	1	0	0	0
629	2	0	0	0
630	1	0	1	0
631	0	0	2	0
632	0	0	0	2
633	0	1	0	1
634	2	0	0	0
635	0	0	2	0
636	0	0	0	3
637	0	3	0	0
638	3	0	0	0
639	3	0	0	0
640	3	0	0	0
641	3	0	0	0
642	0	1	0	2
643	0	0	0	3
644	3	0	0	0
645	0	0	0	3
646	0	3	0	0
647	0	3	0	0
648	1	0	0	2
649	3	0	0	0
650	0	0	0	3
651	3	0	0	0
652	0	0	3	0
653	0	0	0	3
654	0	0	3	0
655	0	3	0	0
656	2	0	0	0
657	0	0	2	0
658	2	0	0	0
659	2	0	0	0
660	0	0	0	2
661	0	2	0	0
662	0	0	0	2
663	1	0	0	1
664	0	5	0	0
665	5	0	0	0
666	5	0	0	0
667	0	0	5	0
668	0	0	5	0
669	0	0	5	0
670	0	5	0	0
671	5	0	0	0
672	5	0	0	0
673	5	0	0	0
674	0	0	0	5
675	0	0	5	0
676	0	0	5	0
677	0	0	0	4
678	4	0	0	0
679	0	4	0	0
680	4	0	0	0
681	0	0	0	4
682	0	4	0	0
683	4	0	0	0
684	4	0	0	0
685	0	4	0	0
686	0	4	0	0
687	0	4	0	0
688	0	0	0	4
689	0	0	0	4
690	0	0	4	0
691	0	0	0	6
692	0	5	0	0
693	6	0	0	0
694	0	6	0	0
695	0	6	0	0
696	0	6	0	0
697	6	0	0	0
698	0	0	6	0
699	6	0	0	0
700	5	0	0	0
701	0	6	0	0
702	0	0	0	6
703	0	0	0	6
704	0	0	0	6
705	0	0	6	0
706	6	0	0	0
707	5	0	0	0
708	0	0	0	5
709	0	0	5	0
710	0	5	0	0
711	5	0	0	0
712	0	0	0	5
713	0	0	5	0
714	0	0	5	0
715	0	0	5	0
716	0	0	0	5
717	5	0	0	0
718	5	0	0	0
719	5	0	0	0
720	5	0	0	0
721	0	0	5	0
722	0	0	0	5
723	5	0	0	0
724	0	0	5	0
725	0	0	0	4
726	5	0	0	0
727	0	0	5	0
728	5	0	0	0
729	0	0	5	0
730	0	0	5	0
731	5	0	0	0
732	0	0	5	0
733	4	0	0	0
734	2	0	0	0
735	0	0	2	0
736	2	0	0	0
737	2	0	0	0
738	0	0	0	2
739	0	0	0	2
740	0	0	0	2
741	0	2	0	0
742	2	0	0	0
743	0	0	2	0
744	0	2	0	0
745	0	2	0	0
746	0	2	0	0
747	1	0	0	0
748	0	0	2	0
749	1	0	0	0
750	0	0	2	0
751	0	0	2	0
752	0	0	0	2
753	2	0	0	0
754	2	0	0	0
755	0	0	0	2
756	1	0	0	0
757	0	2	0	0
758	0	2	0	0
759	0	2	0	0
760	2	0	0	0
761	0	0	0	2
762	0	0	2	0
763	0	0	0	2
764	0	0	0	2
765	0	0	0	2
766	2	0	0	0
767	0	2	0	0
768	1	0	0	0
769	0	0	2	0
770	0	2	0	0
771	1	0	0	0
772	0	0	0	2
773	0	0	0	2
774	2	0	0	0
775	0	0	0	2
776	0	2	0	0
777	1	0	0	0
778	0	0	2	0
779	2	0	0	0
780	2	0	0	0
781	0	0	2	0
782	0	0	2	0
831	0	0	0	1
832	0	1	0	0
833	1	0	0	0
834	1	0	0	0
835	0	0	1	0
836	0	1	0	0
837	1	0	0	0
838	0	0	0	0
839	0	1	0	0
840	0	1	0	0
841	1	0	0	0
842	0	0	0	1
843	0	0	1	0
844	0	1	0	0
845	1	0	0	0
846	1	0	0	0
847	1	0	0	0
848	0	0	0	1
849	0	0	1	0
850	0	0	0	1
851	0	0	0	1
852	0	0	0	0
853	1	0	0	0
854	1	0	0	0
855	1	0	0	0
856	0	0	0	0
857	1	0	0	0
858	0	0	0	1
859	1	0	0	0
860	0	1	0	0
861	0	1	0	0
862	1	0	0	0
863	0	0	0	1
864	0	1	0	0
865	1	0	0	0
866	1	0	0	0
867	0	0	0	1
868	1	0	1	0
869	2	0	0	0
870	1	0	1	0
871	0	0	2	0
872	4	0	0	0
873	1	0	2	0
874	0	0	4	0
875	0	4	0	0
876	0	0	0	4
877	0	0	4	0
878	0	4	0	0
879	4	0	0	0
880	0	0	4	0
881	4	0	0	0
882	4	0	0	0
883	0	0	0	4
884	0	0	4	0
885	0	0	4	0
886	0	0	3	0
887	4	0	0	0
888	0	0	0	3
889	4	0	0	0
890	0	0	4	0
891	2	0	2	0
892	0	0	1	2
893	0	0	0	4
894	3	0	1	0
895	0	4	0	0
896	4	0	0	0
897	0	0	0	4
898	0	4	0	0
899	0	4	0	0
900	4	0	0	0
901	0	0	4	0
902	0	0	0	4
903	0	0	3	0
904	0	3	0	0
905	3	0	0	0
906	0	0	0	3
907	0	0	3	0
908	1	2	0	0
909	3	0	0	0
910	0	0	3	0
911	0	0	3	0
912	0	0	3	0
913	0	3	0	0
914	0	4	0	0
915	0	0	0	4
916	3	0	1	0
917	0	0	0	4
918	0	0	0	4
919	0	0	4	0
920	0	4	0	0
921	4	0	0	0
922	0	4	0	0
923	0	4	0	0
924	4	0	0	0
925	0	0	4	0
926	0	0	4	0
927	0	4	0	0
928	0	4	0	0
929	4	0	0	0
930	4	0	0	0
931	1	3	0	0
932	0	0	0	4
933	0	0	4	0
934	4	0	0	0
935	0	0	4	0
936	4	0	0	0
937	0	0	4	0
938	4	0	0	0
939	4	0	0	0
940	0	4	0	0
941	0	4	0	0
942	4	0	0	0
943	1	0	0	0
944	0	0	1	0
945	0	0	1	0
946	0	0	1	0
947	0	0	1	0
948	1	0	0	0
949	1	0	0	0
950	0	0	1	0
951	0	0	0	2
952	0	0	2	0
953	2	0	0	0
954	0	0	0	2
955	2	0	0	0
956	0	0	0	2
957	2	0	0	0
958	0	0	2	0
959	0	2	0	0
960	2	0	0	0
961	0	0	2	0
962	0	0	2	0
963	0	0	2	0
964	2	0	0	0
965	0	2	0	0
966	0	0	0	2
967	2	0	0	0
968	0	2	0	0
969	0	0	0	2
970	2	0	0	0
971	0	0	2	0
972	0	0	0	2
973	2	0	0	0
974	2	0	0	0
975	0	3	0	0
976	0	3	0	0
977	0	0	0	3
978	0	0	0	3
979	0	3	0	0
980	3	0	0	0
981	0	0	3	0
982	0	0	2	0
983	3	0	0	0
984	3	0	0	0
985	0	3	0	0
986	2	0	0	0
987	2	0	0	0
988	0	0	2	0
989	0	0	0	2
990	2	0	0	0
991	0	0	2	0
992	0	2	0	0
993	2	0	0	0
994	0	0	0	2
995	0	0	2	0
996	0	0	2	0
997	2	0	0	0
998	0	0	0	2
999	0	0	2	0
1000	2	0	0	0
1001	0	2	0	0
1002	2	0	0	0
1003	0	2	0	0
1004	2	0	0	0
1005	0	0	0	2
1006	2	0	0	0
1007	1	1	0	0
1008	0	2	0	0
1009	0	2	0	0
1010	0	2	0	0
1011	2	0	0	0
1012	0	2	0	0
1013	0	2	0	0
1014	0	0	0	2
1015	0	0	2	0
1016	0	0	0	2
1017	0	0	0	2
1018	0	2	0	0
1019	0	2	0	0
1020	2	0	0	0
1021	0	0	2	0
1022	0	0	0	2
1023	0	0	2	0
1024	0	0	2	0
1025	0	0	2	0
1026	1	0	0	0
1027	0	0	1	0
1028	1	0	0	0
1029	0	1	0	0
1030	1	0	0	0
1031	0	0	0	1
1032	0	1	0	0
1033	0	0	0	1
1034	1	0	0	0
1035	0	0	0	1
1036	1	0	0	0
1037	1	0	0	0
1038	1	0	0	0
1039	1	0	0	0
1040	0	0	1	0
1041	1	0	0	0
1042	0	0	0	1
1043	0	0	1	0
1044	0	0	1	0
1045	1	0	0	0
1046	0	0	0	1
1047	1	0	0	0
1048	1	0	0	0
1049	0	0	0	1
1050	0	0	0	1
1051	0	1	0	0
1052	0	0	0	1
1053	0	0	1	0
1054	0	0	1	0
1055	0	0	2	0
1056	0	0	2	0
1057	0	0	0	2
1058	0	0	0	2
1059	1	0	0	0
1060	1	0	0	0
1061	1	0	0	0
1062	0	0	0	1
1063	1	0	0	0
1064	1	0	0	0
1065	1	0	0	0
1066	1	0	0	0
1067	0	0	0	1
1068	1	0	0	0
1069	0	0	1	0
1070	0	0	0	1
1071	1	0	0	0
1072	1	0	0	0
1073	0	0	1	0
1074	1	0	0	0
1075	1	0	0	0
1076	0	0	0	1
1077	0	0	1	0
1078	0	0	0	1
1079	1	0	0	0
1080	0	0	0	1
1081	1	0	0	0
1082	0	0	1	0
1083	0	1	0	0
1084	0	1	0	0
1085	0	1	0	0
1086	0	0	0	1
1087	0	0	1	0
1088	0	0	0	1
1089	0	1	0	0
1090	1	0	0	0
1091	0	0	1	0
1092	0	1	0	0
1093	1	0	0	0
1094	0	0	0	1
1095	0	0	0	1
1096	0	0	0	1
1097	0	0	0	1
1098	0	0	1	0
1099	0	0	1	0
1100	1	0	0	0
1101	0	1	0	0
1102	1	0	0	0
1103	0	0	0	1
1104	1	0	0	0
1105	1	0	0	0
1106	1	0	0	0
1107	1	0	0	0
1108	0	1	0	0
1109	1	0	0	0
1110	1	0	0	0
1111	0	0	2	0
1112	0	0	2	0
1113	1	0	1	0
1114	0	1	0	0
1115	0	2	0	0
1116	2	0	0	0
1117	2	0	0	0
1118	2	0	0	0
1119	1	0	1	0
1120	0	0	2	0
1121	2	0	0	0
1122	2	0	0	0
1123	0	2	0	0
1124	0	2	0	0
1125	0	1	0	0
1126	0	0	0	1
1127	0	0	0	1
1128	0	0	0	1
1129	1	0	0	0
1130	0	0	1	0
1131	1	0	0	0
1132	0	0	1	0
1133	1	0	0	0
1134	0	1	0	0
1135	0	0	0	0
1136	1	0	0	0
1137	0	0	0	1
1138	0	0	1	0
1139	0	0	0	1
1140	1	0	0	0
1141	0	0	1	0
1142	1	0	0	0
1143	0	0	0	1
1144	0	1	0	0
1145	0	0	1	0
1146	0	0	1	0
1147	0	0	0	1
1148	0	0	0	1
1149	0	1	0	0
1150	0	0	0	1
1151	0	0	0	1
1152	0	0	0	1
1153	1	0	0	0
1154	1	0	0	0
1155	1	0	0	0
1156	1	0	0	0
1157	0	1	0	0
1158	0	1	0	0
1159	0	0	0	1
1160	0	0	0	1
1161	1	0	0	0
1162	1	0	0	0
1163	0	0	1	0
1164	1	0	0	0
1165	0	0	2	0
1166	0	2	0	0
1167	0	0	0	2
1168	0	0	3	0
1169	3	0	0	0
1170	3	0	0	0
1171	0	4	0	0
1172	4	0	0	0
1173	4	0	0	0
1174	0	0	3	1
1175	0	4	0	0
1176	0	0	0	4
1177	3	0	0	0
1178	0	4	0	0
1179	4	0	0	0
1180	0	5	0	0
1181	5	0	0	0
1182	5	0	0	0
1183	0	0	4	0
1184	4	0	0	0
1185	1	0	1	2
1186	0	0	4	0
1187	0	0	0	4
1188	4	0	0	0
1189	4	0	0	0
1190	4	0	0	0
1191	4	0	0	0
1192	4	0	0	0
1193	4	0	0	0
1194	0	0	0	4
1195	0	0	0	4
1196	0	0	4	0
1197	0	0	3	0
1198	4	0	0	0
1199	0	0	0	4
1200	0	0	4	0
1201	4	0	0	0
1202	0	4	0	0
1203	4	0	0	0
1204	0	0	4	0
1205	4	0	0	0
1206	0	4	0	0
1207	4	0	0	0
1208	0	4	0	0
1209	0	4	0	0
1210	0	0	0	4
1211	0	0	0	4
1212	0	0	4	0
1213	0	0	0	4
1214	0	0	0	3
1215	0	0	4	0
1216	0	0	3	0
1217	0	0	0	4
1218	0	4	0	0
1219	0	4	0	0
1220	4	0	0	0
1221	4	0	0	0
1222	4	0	0	0
1223	4	0	0	0
1224	0	0	0	3
1225	0	0	4	0
1226	0	4	0	0
1227	1	0	3	0
1228	4	0	0	0
1229	4	0	0	0
1230	0	4	0	0
1231	0	5	0	0
1232	0	5	0	0
1233	5	0	0	0
1234	1	0	4	0
1235	5	0	0	0
1236	0	0	0	5
1237	0	0	0	5
1238	0	0	4	0
1239	0	0	0	4
1240	4	0	0	0
1241	4	0	0	0
1242	0	0	4	0
1243	5	0	0	0
1244	0	4	0	0
1245	0	4	0	0
1246	4	0	0	0
1247	0	0	0	4
1248	0	0	0	4
1249	0	0	0	4
1250	0	0	0	4
1251	4	0	0	0
1252	3	0	0	0
1253	0	0	3	0
1254	3	0	0	0
1255	0	0	2	0
1256	0	3	0	0
1257	3	0	0	0
1258	0	0	0	3
1259	0	0	0	3
1260	3	0	0	0
1261	0	0	3	0
1262	0	0	3	0
1263	4	0	0	0
1264	0	4	0	0
1265	0	4	0	0
1266	5	0	0	0
1267	0	0	5	0
1268	0	0	5	0
1269	0	0	5	0
1270	0	0	5	0
1271	0	5	0	0
1272	0	2	0	3
1273	0	0	0	5
1274	0	5	0	0
1275	5	0	0	0
1276	0	0	0	4
1277	0	0	0	5
1278	5	0	0	0
1279	0	0	5	0
1280	5	0	0	0
1281	5	0	0	0
1282	0	0	5	0
1283	5	0	0	0
1284	5	0	0	0
1285	5	0	0	0
1286	0	0	0	6
1287	0	0	6	0
1288	6	0	0	0
1289	0	0	0	5
1290	0	0	6	0
1291	6	0	0	0
1292	0	6	0	0
1293	6	0	0	0
1294	0	0	5	0
1295	0	6	0	0
1296	6	0	0	0
1297	0	0	0	5
1298	0	0	6	0
1299	0	0	0	6
1300	0	7	0	0
1301	7	0	0	0
1302	1	0	6	0
1303	0	0	7	0
1304	0	0	6	0
1305	6	0	0	0
1306	0	0	5	0
1307	0	0	0	5
1308	0	0	5	0
1309	0	0	4	0
1310	0	0	5	0
1311	5	0	0	0
1312	0	0	5	0
1313	0	0	5	0
1314	5	0	0	0
1315	0	5	0	0
1316	0	5	0	0
1317	0	0	0	5
1318	0	0	6	0
1319	0	0	6	0
1320	0	6	0	0
1321	0	6	0	0
1322	6	0	0	0
1323	0	6	0	0
1324	6	0	0	0
1325	6	0	0	0
1326	6	0	0	0
1327	0	0	6	0
1328	0	6	0	0
1329	6	0	0	0
1330	5	0	1	0
1331	0	0	6	0
1332	5	0	1	0
1333	0	0	6	0
1334	0	0	0	6
1335	0	0	5	0
1336	0	0	0	5
1337	0	0	0	5
1338	0	0	4	0
1339	0	0	4	0
1340	0	3	0	0
1341	0	0	0	4
1342	0	0	4	0
1343	4	0	0	0
1344	0	0	5	0
1345	0	0	4	0
1346	0	5	0	0
1347	5	0	0	0
1348	5	0	0	0
1349	0	0	0	5
1350	0	0	5	0
1351	5	0	0	0
1352	0	0	5	0
1353	0	4	0	0
1354	0	4	0	0
1355	5	0	0	0
1356	5	0	0	0
1357	0	0	6	0
1358	0	3	0	0
1359	2	0	0	3
1360	4	0	0	0
1361	4	0	0	0
1362	0	5	0	0
1363	5	0	0	0
1364	5	0	0	0
1365	0	0	0	5
1366	5	0	0	0
1367	0	0	0	4
1368	4	0	0	0
1369	4	0	0	0
1370	4	0	0	0
1371	0	4	0	0
1372	4	0	0	0
1373	0	0	0	4
1374	4	0	0	0
1375	4	0	0	0
1376	0	0	0	4
1377	0	0	4	0
1378	5	0	0	0
1379	0	0	0	5
1380	0	0	5	0
1381	0	5	0	0
1382	4	0	0	0
1383	0	0	4	0
1384	4	0	0	0
1385	4	0	0	0
1386	4	0	0	0
1387	3	0	1	0
1388	0	0	4	0
1389	0	4	0	0
1390	4	0	0	0
1391	4	0	0	0
1392	0	0	0	4
1393	0	0	0	4
1394	0	0	0	4
1395	0	0	0	4
1396	3	0	0	0
1397	4	0	0	0
1398	4	0	0	0
1399	0	0	4	0
1400	0	0	4	0
1401	1	3	0	0
1402	0	3	0	1
1403	0	4	0	0
1404	0	0	0	4
1405	4	0	0	0
1406	2	0	2	0
1407	4	0	0	0
1408	4	0	0	0
1409	0	0	4	0
1410	4	0	0	0
1411	4	0	0	0
1412	0	0	0	4
1413	0	0	0	4
1414	2	0	1	0
1415	0	0	0	3
1416	0	0	0	3
1417	3	0	0	0
1418	3	0	0	0
1419	2	0	0	0
1420	0	0	0	4
1421	0	0	4	0
1422	0	0	0	5
1423	0	0	0	4
1424	0	0	0	4
1425	0	1	0	3
1426	5	0	0	0
1427	5	0	0	0
1428	0	5	0	0
1429	0	0	0	4
1430	0	0	4	0
1431	0	0	0	4
1432	0	0	5	0
1433	0	0	5	0
1434	0	5	0	0
1435	5	0	0	0
1436	5	0	0	0
1437	0	0	5	0
1438	0	0	5	0
1439	5	0	0	0
1440	5	0	0	0
1441	0	0	5	0
1442	0	0	5	0
1443	0	0	5	0
1444	0	5	0	0
1445	5	0	0	0
1446	0	5	0	0
1447	0	4	0	0
1448	0	0	0	4
1449	4	0	0	0
1450	0	0	4	0
1451	0	4	0	0
1452	0	4	0	0
1453	4	0	0	0
1454	0	0	4	0
1455	4	0	0	0
1456	4	0	0	0
1457	4	0	0	0
1458	0	0	0	4
1459	0	0	0	4
1460	0	0	4	0
1461	0	4	0	0
1462	4	0	0	0
1463	0	0	4	0
1464	4	0	0	0
1465	0	0	5	0
1466	0	5	0	0
1467	0	5	0	0
1468	0	5	0	0
1469	0	5	0	0
1470	0	0	0	5
1471	5	0	0	0
1472	0	0	5	0
1473	0	0	5	0
1474	5	0	0	0
1475	5	0	0	0
1476	5	0	0	0
1477	5	0	0	0
1478	0	0	5	0
1479	0	0	5	0
1480	0	0	5	0
1481	0	0	5	0
1482	0	5	1	0
1483	0	0	0	6
1484	0	0	6	0
1485	0	0	0	6
1486	0	0	0	6
1487	0	0	6	0
1488	0	0	6	0
1489	6	0	0	0
1490	6	0	0	0
1491	6	0	0	0
1492	0	0	0	6
1493	0	0	6	0
1494	0	0	0	6
1495	0	0	5	0
1496	0	0	4	0
1497	3	0	0	0
1498	3	0	0	0
1499	2	0	1	0
1500	0	0	3	0
1501	0	0	3	0
1502	3	0	0	0
1503	3	0	0	0
1504	0	0	2	0
1505	0	0	2	0
1506	2	0	0	0
1507	0	2	0	0
1508	2	0	0	0
1509	0	2	0	0
1510	0	2	0	0
1511	2	0	0	0
1512	2	0	0	0
1513	2	0	0	0
1514	0	0	0	2
1515	0	0	2	0
1516	2	0	0	0
1517	2	0	0	0
1518	2	0	0	0
1519	0	0	2	0
1520	2	0	0	0
1521	0	2	0	0
1522	0	0	0	2
1523	0	0	2	0
1524	0	0	0	2
1525	1	0	0	0
1526	0	0	1	0
1527	0	0	0	1
1528	0	0	1	0
1529	1	0	0	0
1530	0	0	1	0
1531	3	0	0	0
1532	0	0	3	0
1533	0	0	3	0
1534	0	3	0	0
1535	3	0	0	0
1536	0	0	3	0
1537	0	0	3	0
1538	0	3	0	0
1539	0	0	0	3
1540	3	0	0	0
1541	3	0	0	0
1542	0	0	0	3
1543	0	0	0	3
1544	0	0	0	3
1545	0	0	0	3
1546	0	0	0	3
1547	0	0	0	3
1548	3	0	0	0
1549	0	0	3	0
1550	0	0	3	0
1551	0	0	3	0
1552	3	0	0	0
1553	3	0	0	0
1554	2	0	0	0
1555	2	0	0	0
1556	0	0	0	2
1557	0	0	0	2
1558	0	0	0	2
1559	0	0	2	0
1560	0	0	2	0
1561	0	2	0	0
1562	0	2	0	0
1563	0	0	0	2
1564	0	0	0	2
1565	0	2	0	0
1566	0	2	0	0
1567	2	0	0	0
1568	2	0	0	0
1569	0	2	0	0
1570	2	0	0	0
1571	2	0	0	0
1572	0	0	2	0
1573	0	0	2	0
1574	0	0	2	0
1575	0	0	2	0
1576	2	0	0	0
1577	0	0	2	0
1578	0	0	2	0
1579	0	2	0	0
1580	0	2	0	0
1581	0	0	2	0
1582	0	0	2	0
1583	0	0	2	0
1584	2	0	0	0
1585	2	0	0	0
1586	2	0	0	0
1587	0	0	0	2
1588	0	0	0	2
1589	0	0	0	2
1590	0	2	0	0
1591	0	2	0	0
1592	0	0	0	2
1593	0	0	0	2
1594	0	2	0	0
1595	2	0	0	0
1596	0	0	2	0
1597	2	0	0	0
1598	2	0	0	0
1599	0	2	0	0
1600	2	0	0	0
1601	0	0	2	0
1602	2	0	0	0
1606	0	0	1	0
1607	1	0	0	0
1608	0	0	1	0
1609	0	1	0	0
1610	0	1	0	0
1611	1	0	0	0
1612	1	0	0	0
1613	0	1	0	0
1614	1	0	0	0
1615	0	0	2	0
1616	0	2	0	0
1617	0	2	0	0
1618	0	2	0	0
1619	0	2	0	0
1620	2	0	0	0
1621	0	2	0	0
1622	0	2	0	0
1623	2	0	0	0
1624	0	0	2	0
1625	0	2	0	0
1626	2	0	0	0
1627	0	0	2	0
1628	2	0	0	0
1629	0	0	2	0
1630	2	0	0	0
1631	0	0	2	0
1632	0	2	0	0
1633	0	0	0	1
1634	0	0	0	2
1635	0	2	0	0
1636	2	0	0	0
1637	0	0	2	0
1638	0	0	2	0
1639	0	0	0	2
1640	0	0	0	2
1641	0	2	0	0
1642	0	0	2	0
1643	2	0	0	0
1644	0	0	2	0
1645	0	0	2	0
1646	2	0	0	0
1647	0	0	2	0
1648	2	0	0	0
1649	0	2	0	0
1650	2	0	0	0
1651	2	0	0	0
1652	0	2	0	0
1653	0	2	0	0
1654	0	0	0	2
1655	0	2	0	0
1656	0	2	0	0
1657	0	0	2	0
1658	1	1	0	0
1659	0	0	2	0
1660	0	2	0	0
1661	2	0	0	0
1662	0	0	2	0
1663	2	0	0	0
1664	1	0	0	0
1665	0	0	2	0
1666	0	2	0	0
1667	2	0	0	0
1668	0	0	2	0
1669	0	0	2	0
1670	0	0	0	2
1671	0	0	2	0
1672	0	2	0	0
1673	0	2	0	0
1674	0	0	2	0
1675	2	0	0	0
1676	2	0	0	0
1677	2	0	0	0
1678	0	0	1	0
1679	1	0	0	0
1680	0	1	0	0
1681	1	0	0	0
1682	0	0	1	0
1683	0	0	1	0
1684	0	0	1	0
1685	1	0	0	0
1686	1	0	0	0
1706	0	2	0	0
1707	2	0	0	0
1708	0	2	0	0
1709	0	0	0	2
1710	0	2	0	0
1711	0	0	0	2
1712	0	0	0	2
1713	0	0	0	2
1714	0	0	2	0
1715	0	0	2	0
1716	0	2	0	0
1717	2	0	0	0
1718	2	0	0	0
1719	0	4	0	0
1720	0	0	4	0
1721	4	0	0	0
1722	0	5	0	0
1723	0	5	0	0
1724	0	5	0	0
1725	0	1	0	4
1726	0	0	0	5
1727	4	0	0	1
1728	0	0	5	0
1729	0	0	0	5
1730	0	5	0	0
1731	5	0	0	0
1732	0	5	0	0
1733	5	0	0	0
1734	5	0	0	0
1735	0	0	0	5
1736	5	0	0	0
1737	5	0	0	0
1738	5	0	0	0
1739	5	0	0	0
1740	0	0	5	0
1741	0	0	0	5
1742	5	0	0	0
1743	0	0	5	0
1744	0	0	5	0
1745	0	0	5	0
1746	0	0	5	0
1747	0	0	5	0
1748	0	5	0	0
1749	0	5	0	0
1750	5	0	0	0
1751	0	0	5	0
1752	5	0	0	0
1753	0	5	0	0
1754	5	0	0	0
1755	5	0	0	0
1756	5	0	0	0
1757	0	0	5	0
1758	0	0	5	0
1759	5	0	0	0
1760	0	0	5	0
1761	0	0	5	0
1762	0	5	0	0
1763	0	0	0	5
1764	0	5	0	0
1765	0	0	0	5
1766	0	5	0	0
1767	0	0	0	5
1768	0	0	0	5
1769	5	0	0	0
1770	0	0	5	0
1771	5	0	0	0
1772	0	0	0	5
1773	5	0	0	0
1774	0	5	0	0
1775	4	0	0	0
1776	1	0	5	0
1777	0	0	6	0
1778	6	0	0	0
1779	0	0	5	0
1780	0	6	0	0
1781	3	0	0	0
1782	0	0	2	0
1783	3	0	0	0
1784	0	0	0	3
1785	0	0	3	0
1786	3	0	0	0
1787	0	0	0	2
1788	3	0	0	0
1789	0	3	0	0
1790	3	0	0	0
1791	0	0	3	0
1792	0	0	0	3
1793	1	0	0	0
1794	0	0	0	1
1795	0	0	0	1
1796	2	0	0	0
1797	0	0	2	0
1798	2	0	0	0
1799	1	0	0	0
1800	0	0	2	0
1801	2	0	0	0
1802	1	0	0	0
1803	2	0	0	0
1804	0	0	0	2
1805	2	0	0	0
1806	2	0	0	0
1807	2	0	0	0
1808	0	0	0	2
1809	0	0	0	1
1810	0	0	0	2
1811	0	0	2	0
1812	0	2	0	0
1813	0	2	0	0
1814	2	0	0	0
1815	0	0	2	0
1816	0	0	2	0
1817	2	0	0	0
1818	2	0	0	0
1819	2	0	0	0
1820	2	0	0	0
1821	0	0	0	2
1822	0	0	2	0
1823	0	0	2	0
1824	2	0	0	0
1825	3	0	0	0
1826	3	0	0	0
1827	0	3	0	0
1828	0	3	0	0
1829	3	0	0	0
1830	3	0	0	0
1831	3	0	0	0
1832	3	0	0	0
1833	3	0	0	0
1834	0	0	0	3
1835	0	0	3	0
1836	3	0	0	0
1837	0	0	0	3
1838	3	0	0	0
1839	0	0	2	0
1840	0	0	3	0
1841	3	0	0	0
1842	0	0	3	0
1843	0	0	3	0
1844	3	0	0	0
1845	3	0	0	0
1846	0	0	0	3
1847	0	0	0	3
1848	0	0	2	0
1849	0	0	2	0
1850	2	0	0	0
1851	0	0	2	0
1852	0	0	2	0
1853	0	0	0	2
1854	0	0	0	2
1855	0	0	0	2
1856	0	0	0	2
1857	2	0	0	0
1858	0	0	0	2
1859	0	2	0	0
1860	2	0	0	0
1861	2	0	0	0
1862	2	0	0	0
1863	0	0	2	0
1864	0	0	0	2
1865	2	0	0	0
1866	2	0	0	0
1867	0	0	2	0
1868	0	0	2	0
1869	0	2	0	0
1870	2	0	0	0
1871	0	0	2	0
1872	0	0	0	2
1873	2	0	0	0
1874	0	0	0	2
1875	0	0	2	0
1876	2	0	0	0
1877	0	0	0	2
1878	0	2	0	0
1879	2	0	0	0
1880	2	0	0	0
1881	2	0	0	0
1882	0	0	0	2
1883	2	0	0	0
1884	2	0	0	0
1885	2	0	0	0
1886	0	0	0	2
1887	2	0	0	0
1888	0	0	0	2
1889	2	0	0	0
1890	0	0	2	0
1891	2	0	0	0
1892	2	0	0	0
1893	2	0	0	0
1894	0	0	0	2
1895	0	0	0	2
1896	0	0	0	2
1897	0	0	2	0
1898	0	0	0	2
1899	0	0	1	0
1900	0	0	1	0
1901	1	0	0	0
1902	1	0	0	0
1903	1	0	0	0
1904	1	0	0	0
1905	1	0	0	0
1906	1	0	0	0
1907	0	0	1	0
1908	0	0	1	0
1909	0	1	0	0
1910	0	0	0	1
1911	1	0	0	0
1912	0	0	0	1
1913	1	0	0	0
1914	0	0	1	0
1915	0	0	1	0
1972	1	0	0	0
1973	0	0	1	0
1974	0	1	0	0
1975	0	0	0	1
1976	0	0	0	1
1977	0	0	1	0
1978	0	0	2	0
1979	2	0	0	0
1980	0	0	0	2
1981	0	0	2	0
1982	0	2	0	0
1983	2	0	0	0
1984	0	2	0	0
1985	2	0	0	0
1986	0	2	0	0
1987	0	0	0	2
1988	2	0	0	0
1989	2	0	0	0
1990	2	0	0	0
1991	0	0	0	2
1992	0	0	0	2
1993	0	0	0	2
1994	0	0	0	2
1995	0	2	0	0
1996	0	2	0	0
1997	2	0	0	0
1998	2	0	0	0
1999	0	0	0	2
2000	0	0	0	2
2001	2	0	0	0
2002	0	0	2	0
2003	0	0	0	2
2004	0	2	0	0
2005	0	2	0	0
2006	0	2	0	0
2007	2	0	0	0
2008	0	0	0	2
2009	0	0	0	2
2010	0	0	2	0
2011	2	0	0	0
2012	0	0	2	0
2013	3	0	0	0
2014	0	3	0	0
2015	0	0	0	3
2016	0	0	3	0
2017	0	0	0	3
2018	3	0	0	0
2019	0	3	0	0
2020	0	3	0	0
2021	3	0	0	0
2022	0	0	3	0
2023	0	0	0	3
2024	3	0	0	0
2025	3	0	0	0
2026	3	0	0	0
2027	3	0	0	0
2028	0	0	0	3
2029	0	0	0	3
2030	3	0	0	0
2031	3	0	0	0
2032	3	0	0	0
2033	2	0	1	0
2034	0	3	0	0
2035	0	3	0	0
2036	3	0	0	0
2037	0	0	3	0
2038	0	0	3	0
2039	3	0	0	0
2040	3	0	0	0
2041	0	0	0	3
2042	0	0	3	0
2043	0	0	3	0
2044	2	0	0	0
2045	0	0	0	2
2046	0	0	3	0
2047	0	0	3	0
2048	0	3	0	0
2049	0	2	0	0
2050	0	3	0	0
2051	3	0	0	0
2052	3	0	0	0
2053	2	0	0	0
2054	0	0	2	0
2055	0	0	2	0
2056	0	0	0	2
2057	0	0	0	2
2058	2	0	0	0
2059	2	0	0	0
2060	2	0	0	0
2061	0	2	0	0
2062	1	0	0	0
2063	2	0	0	0
2064	0	0	0	1
2065	0	0	2	0
2066	0	0	2	0
2067	0	2	0	0
2068	0	2	0	0
2069	2	0	0	0
2070	0	0	0	2
2071	0	0	0	2
2072	1	0	1	0
2073	2	0	0	0
2074	0	2	0	0
2075	2	0	0	0
2076	0	0	2	0
2077	2	0	0	0
2078	2	0	0	0
2079	0	0	1	0
2080	2	0	0	0
2081	1	0	0	0
2082	2	0	0	0
2083	2	0	0	0
2084	1	0	0	0
2085	2	0	0	0
2086	0	0	0	2
2087	2	0	0	0
2088	2	0	0	0
2089	2	0	0	0
2090	2	0	0	0
2091	0	0	2	0
2092	0	2	0	0
2093	2	0	0	0
2094	0	0	0	2
2095	0	0	0	2
2096	2	0	0	0
2097	2	0	0	0
2098	0	2	0	0
2099	2	0	0	0
2100	0	0	2	0
2101	0	2	0	0
2102	2	0	0	0
2103	2	0	0	0
2104	0	0	0	2
2105	0	0	0	1
2106	0	0	0	2
2107	0	0	2	0
2108	0	0	0	2
2109	0	0	2	0
2110	2	0	0	0
2111	2	0	0	0
2112	0	0	2	0
2113	2	0	0	0
2114	2	0	0	0
2115	2	0	0	0
2116	0	0	0	2
2117	0	0	1	0
2118	0	0	1	0
2119	1	0	0	0
2127	0	0	1	0
2128	0	0	1	0
2129	1	0	0	0
2130	1	0	0	0
2131	1	0	0	0
2132	1	0	0	0
2133	1	0	0	0
2134	0	0	0	1
2135	0	0	0	1
2136	1	0	0	0
2137	0	1	0	0
2138	1	0	0	0
2139	1	0	0	0
2140	1	0	0	0
2141	1	0	0	0
2142	1	0	0	0
2143	0	0	0	1
2144	0	0	0	1
2145	0	0	1	0
2146	0	0	1	0
2147	0	0	1	0
2148	0	1	0	0
2149	0	1	0	0
2150	0	0	0	1
2151	0	0	1	0
2152	1	0	0	0
2153	1	0	0	0
2154	1	0	0	0
2155	1	0	0	0
2156	0	0	0	1
2157	0	1	0	0
2158	0	1	0	0
2159	1	0	0	0
2160	0	0	0	1
2161	1	0	0	0
2162	0	0	0	1
2163	1	0	0	0
2164	1	0	0	0
2165	0	1	0	0
2166	1	0	0	0
2167	0	1	0	0
2168	0	0	0	1
2169	0	1	0	0
2170	0	1	0	0
2171	0	0	1	0
2172	1	0	0	0
2173	0	0	0	1
2174	1	0	0	0
2175	0	0	0	1
2176	0	0	0	1
2177	0	1	0	0
2178	0	0	2	0
2179	0	2	0	0
2180	0	2	0	0
2181	2	0	0	0
2182	0	0	0	2
2183	2	0	0	0
2184	2	0	0	0
2185	2	0	0	0
2186	0	0	2	0
2187	2	0	0	0
2188	2	0	0	0
2189	2	0	0	0
2190	3	0	0	0
2191	3	0	0	0
2192	0	0	3	0
2193	0	0	3	0
2194	3	0	0	0
2195	0	2	0	1
2196	3	0	0	0
2197	0	0	3	0
2198	0	0	0	3
2199	2	0	0	0
2200	0	2	0	0
2201	0	0	0	2
2202	2	0	0	0
2203	2	0	0	0
2204	1	0	1	0
2205	0	0	0	2
2206	0	0	2	0
2207	0	0	2	0
2208	2	0	0	0
2209	0	0	2	0
2210	2	0	0	0
2211	2	0	0	0
2212	2	0	0	0
2213	2	0	0	0
2214	0	0	0	2
2215	0	0	0	2
2216	2	0	0	0
2217	0	0	2	0
2218	0	0	0	2
2219	0	0	2	0
2220	0	0	2	0
2221	2	0	0	0
2222	0	0	0	2
2223	0	0	0	2
2224	0	0	0	2
2225	0	2	0	0
2226	2	0	0	0
2227	0	0	2	0
2228	0	0	3	0
2229	0	0	2	0
2230	3	0	0	0
2231	0	0	3	0
2232	0	3	0	0
2233	0	0	0	4
2234	0	4	0	0
2235	4	0	0	0
2236	4	0	0	0
2237	0	0	0	4
2238	4	0	0	0
2239	4	0	0	0
2240	5	0	0	0
2241	5	0	0	0
2242	0	0	5	0
2243	5	0	0	0
2244	5	0	0	0
2245	0	5	0	0
2246	0	0	0	5
2247	0	5	0	0
2248	5	0	0	0
2249	4	0	0	0
2250	0	0	4	0
2251	4	0	0	0
2252	0	3	0	1
2253	0	0	0	4
2254	0	0	0	4
2255	0	0	0	4
2256	0	0	0	4
2257	0	0	4	0
2258	0	0	4	0
2259	0	0	4	0
2260	4	0	0	0
2261	3	0	0	0
2262	0	0	2	0
2263	0	0	0	3
2264	0	0	0	3
2265	0	3	0	0
2266	3	0	0	0
2267	3	0	0	0
2268	0	0	0	3
2269	0	0	0	3
2270	3	0	0	0
2271	0	0	3	0
2272	0	0	3	0
2273	3	0	0	0
2274	3	0	0	0
2275	0	0	0	3
2276	3	0	0	0
2277	0	3	0	0
2278	0	3	0	0
2279	3	0	0	0
2280	0	3	0	0
2281	3	0	0	0
2282	0	3	0	0
2283	0	3	0	0
2284	0	3	0	0
2285	3	0	0	0
2286	0	0	3	0
2287	0	4	0	0
2288	4	0	0	0
2289	0	0	4	0
2290	0	0	4	0
2291	0	0	2	0
2292	0	0	0	4
2293	0	0	0	4
2294	4	0	0	0
2295	4	0	0	0
2296	4	0	0	0
2297	4	0	0	0
2298	4	0	0	0
2299	4	0	0	0
2300	0	0	3	0
2301	3	0	0	0
2302	3	0	0	0
2303	3	0	0	0
2304	3	0	0	0
2305	2	0	0	0
2306	2	0	0	0
2307	0	0	0	2
2308	0	2	0	0
2309	2	0	0	0
2310	0	0	2	0
2311	0	0	0	2
2312	0	0	1	0
2313	1	0	0	0
2314	0	1	0	0
2315	1	0	0	0
2316	0	0	1	0
2317	0	0	0	1
2318	1	0	0	0
2319	0	1	0	0
2320	0	0	0	1
2321	0	0	1	0
2322	0	0	1	0
2323	1	0	0	0
2324	0	0	0	1
2325	0	0	1	0
2326	0	0	0	1
2327	0	0	1	0
2328	0	0	1	0
2329	0	0	2	0
2330	0	0	2	0
2331	0	0	2	0
2332	2	0	0	0
2333	0	0	0	2
2334	0	0	2	0
2335	0	2	0	0
2336	2	0	0	0
2337	0	0	0	2
2338	2	0	0	0
2339	0	0	0	3
2340	0	0	0	3
2341	0	0	0	3
2342	0	0	0	3
2343	0	0	0	3
2344	0	3	0	0
2345	3	0	0	0
2346	0	0	3	0
2347	0	0	0	3
2348	0	1	0	2
2349	0	3	0	0
2350	0	3	0	0
2351	0	0	0	3
2352	0	0	0	3
2353	0	0	0	3
2354	2	0	1	0
2355	0	0	3	0
2356	3	0	0	0
2357	0	0	0	3
2358	0	0	3	0
2359	2	0	0	0
2360	2	0	0	0
2361	0	0	2	0
2362	0	0	2	0
2363	0	2	0	0
2364	0	0	0	2
2365	0	0	0	2
2366	0	2	0	0
2367	2	0	0	0
2368	0	0	2	0
2369	0	0	2	0
2370	2	0	0	0
2371	2	0	0	0
2372	2	0	0	0
2373	0	0	0	2
2374	3	0	0	0
2375	0	0	0	3
2376	3	0	0	0
2377	0	3	0	0
2378	0	0	0	3
2379	0	0	3	0
2380	0	3	0	0
2381	3	0	0	0
2382	0	0	0	3
2383	0	0	0	3
2384	0	2	0	1
2385	3	0	0	0
2386	0	3	0	0
2387	0	2	0	1
2388	3	0	0	0
2389	0	0	0	3
2390	3	0	0	0
2391	0	3	0	0
2392	0	3	0	0
2393	0	0	0	3
2394	3	0	0	0
2395	0	0	3	0
2396	0	0	0	3
2397	3	0	0	0
2398	0	0	0	3
2399	3	0	0	0
2400	3	0	0	0
2401	2	0	0	0
2402	0	1	0	1
2403	2	0	0	0
2404	2	0	0	0
2405	0	0	0	2
2406	0	0	2	0
2407	2	0	0	0
2408	3	0	0	0
2409	3	0	0	0
2410	0	3	0	0
2411	3	0	0	0
2412	0	3	0	0
2413	0	3	0	0
2414	2	0	0	0
2415	0	0	2	0
2416	0	0	2	0
2417	1	0	1	0
2418	1	0	1	0
2419	0	0	0	2
2420	0	0	0	2
2421	2	0	0	0
2422	0	0	2	0
2423	2	0	0	0
2424	0	0	0	2
2425	2	0	0	0
2426	0	1	0	1
2427	0	2	0	0
2428	2	0	0	0
2429	2	0	0	0
2430	0	0	0	2
2431	2	0	0	0
2432	0	0	0	2
2433	2	0	0	0
2434	2	0	0	0
2435	0	0	0	2
2436	0	0	2	0
2437	0	0	0	2
2438	0	0	2	0
2439	0	2	0	0
2440	0	0	0	2
2441	0	0	0	3
2442	0	3	0	0
2443	0	3	0	0
2444	2	0	0	0
2445	0	2	0	0
2446	2	0	0	0
2447	0	0	2	0
2448	0	0	2	0
2449	0	0	2	0
2450	2	0	0	0
2451	0	0	0	2
2452	0	0	2	0
2453	0	0	2	0
2454	2	0	0	0
2455	2	0	0	0
2456	2	0	0	0
2457	0	0	3	0
2458	0	0	3	0
2459	3	0	0	0
2460	0	0	0	3
2461	0	3	0	0
2462	4	0	0	0
2463	0	4	0	0
2464	0	4	0	0
2465	4	0	0	0
2466	0	0	4	0
2467	0	4	0	0
2468	4	0	0	0
2469	4	0	0	0
2470	0	0	0	4
2471	4	0	0	0
2472	0	0	0	4
2473	0	0	0	4
2474	0	4	0	0
2475	0	4	0	0
2476	4	0	0	0
2477	0	0	4	0
2478	4	0	0	0
2479	0	0	4	0
2480	0	0	0	3
2481	3	0	0	0
2482	0	0	4	0
2483	0	5	0	0
2484	5	0	0	0
2485	0	0	0	5
2486	0	0	5	0
2487	5	0	0	0
2488	0	5	0	0
2489	5	0	0	0
2490	5	0	0	0
2491	5	0	0	0
2492	5	0	0	0
2493	5	0	0	0
2494	0	0	0	5
2495	0	5	0	0
2496	0	0	0	5
2497	0	0	0	5
2498	5	0	0	0
2499	0	0	5	0
2500	6	0	0	0
2501	0	0	6	0
2502	0	6	0	0
2503	0	6	0	0
2504	0	4	0	1
2505	0	0	0	6
2506	0	0	0	6
2507	0	5	0	2
2508	7	0	0	0
2509	0	0	8	0
2510	0	0	8	0
2511	5	0	2	0
2512	0	7	0	0
2513	7	0	0	0
2514	0	7	0	0
2515	7	0	0	0
2516	7	0	0	1
2517	8	0	0	0
2518	8	0	0	0
2519	0	0	0	8
2520	0	9	0	0
2521	0	11	0	0
2522	11	0	0	0
2523	0	0	11	0
2524	11	0	0	0
2525	1	10	0	0
2526	14	0	0	0
2527	0	0	0	13
2528	14	0	0	0
2529	0	0	14	0
2530	0	0	0	14
2531	0	1	1	12
2532	14	0	0	0
2533	0	0	0	14
2534	0	14	0	0
2535	0	0	0	14
2536	14	0	0	0
2537	0	0	0	14
2538	0	14	0	0
2539	14	0	0	0
2540	13	0	1	0
2541	0	0	0	14
2542	14	0	0	0
2543	0	0	0	14
2544	14	0	0	0
2545	0	0	0	14
2546	0	0	14	0
2547	0	0	14	0
2548	14	0	0	0
2549	0	0	0	14
2550	0	0	14	0
2551	14	0	0	0
2552	0	13	0	1
2553	0	0	0	14
2554	0	0	0	14
2555	0	0	14	0
2556	0	0	0	14
2557	14	0	0	0
2558	0	0	0	14
2559	0	0	14	0
2560	0	0	0	14
2561	14	0	0	0
2562	0	0	14	0
2563	0	0	14	0
2564	14	0	0	0
2565	0	0	0	14
2566	0	14	0	0
2567	1	0	0	13
2568	0	0	14	0
2569	14	0	0	0
2570	0	13	0	1
2571	0	0	0	14
2572	0	0	0	12
2573	15	0	0	0
2574	1	0	14	0
2575	15	0	0	0
2576	15	0	0	0
2577	15	0	0	0
2578	0	0	0	14
2579	14	0	0	0
2580	0	0	13	0
2581	0	0	13	0
2582	0	0	13	0
2583	0	13	0	0
2584	15	0	0	0
2585	15	0	0	0
2586	0	13	0	0
2587	15	0	0	0
2588	0	0	0	15
2589	14	0	0	0
2590	1	0	12	0
2591	12	0	1	0
2592	2	0	11	0
2593	0	13	0	0
2594	10	0	0	0
2595	8	0	0	0
2596	6	0	0	0
2597	0	0	3	0
2598	3	0	0	0
2599	0	0	0	3
2600	3	0	0	0
2601	0	0	3	0
2602	3	0	0	0
2603	2	0	1	0
2604	0	0	3	0
2605	3	0	0	0
2606	3	0	0	0
2607	0	0	0	3
2608	0	0	0	3
2609	3	0	0	0
2610	3	0	0	0
2611	0	0	3	0
2612	3	0	0	0
2613	0	0	3	0
2614	3	0	0	0
2615	3	0	0	0
2616	0	3	0	0
2617	3	0	0	0
2618	0	0	0	3
2619	0	3	0	0
2620	0	0	0	3
2621	3	0	0	0
2622	0	0	0	3
2623	0	0	0	3
2624	3	0	0	0
2625	3	0	0	0
2626	0	0	3	0
2627	0	0	3	0
2628	0	0	0	3
2629	0	0	3	0
2630	0	0	3	0
2631	0	0	3	0
2632	0	0	3	0
2633	3	0	0	0
2634	0	0	0	3
2635	0	0	0	3
2636	0	1	0	2
2637	3	0	0	0
2638	0	3	0	0
2639	0	0	0	3
2640	3	0	0	0
2641	0	3	0	0
2642	2	0	1	0
2643	0	3	0	0
2644	0	3	0	0
2645	3	0	0	0
2646	0	0	3	0
2647	3	0	0	0
2648	0	2	0	0
2649	2	0	0	0
2650	2	0	0	0
2651	2	0	0	0
2652	3	0	0	0
2653	3	0	0	0
2654	3	0	0	0
2655	0	3	0	0
2656	3	0	0	0
2657	0	0	0	2
2658	0	2	0	0
2659	1	0	0	0
2660	0	0	3	0
2661	3	0	0	0
2662	3	0	0	0
2663	2	0	0	0
2664	0	0	3	0
2665	3	0	0	0
2666	3	0	0	0
2667	0	3	0	0
2668	0	3	0	0
2669	0	3	0	0
2670	0	3	0	0
2671	0	3	0	0
2672	3	0	0	0
2673	0	0	0	3
2674	0	0	0	3
2675	0	0	0	3
2676	0	3	0	0
2677	0	0	0	3
2678	3	0	0	0
2679	0	0	0	3
2680	0	0	3	0
2681	0	0	3	0
2682	3	0	0	0
2683	0	0	0	3
2684	0	0	3	0
2685	0	0	4	0
2686	0	0	4	0
2687	0	0	4	0
2688	0	0	0	4
2689	4	0	0	0
2690	0	0	0	4
2691	0	0	4	0
2692	4	0	0	0
2693	4	0	0	0
2694	0	4	0	0
2695	0	0	0	4
2696	0	3	0	1
2697	0	4	0	0
2698	4	0	0	0
2699	0	0	0	4
2700	0	4	0	0
2701	0	3	0	0
2702	0	0	0	4
2703	0	0	4	0
2704	4	0	0	0
2705	0	4	0	0
2706	4	0	0	0
2707	4	0	0	0
2708	4	0	0	0
2709	0	0	0	4
2710	0	0	4	0
2711	0	0	3	0
2712	4	0	0	0
2713	0	4	0	0
2714	3	0	0	0
2715	0	0	4	0
2716	0	0	0	4
2717	4	0	0	0
2718	0	4	0	0
2719	4	0	0	0
2720	0	0	4	0
2721	0	4	0	0
2722	0	4	0	0
2723	0	0	0	4
2724	4	0	0	0
2725	0	0	0	4
2726	3	0	0	0
2727	0	3	0	0
2728	3	0	0	0
2729	0	0	0	2
2730	0	2	0	0
2731	0	0	0	2
2732	0	0	2	0
2733	0	0	1	0
2734	0	1	0	0
2735	1	0	0	0
2736	0	0	1	0
2737	1	0	0	0
2738	1	0	0	0
2739	1	0	0	0
2740	1	0	0	0
2741	0	0	1	0
2742	0	0	1	0
2743	1	0	0	0
2744	0	0	0	1
2745	1	0	0	0
2746	0	0	1	0
2747	0	1	0	0
2748	0	0	0	1
2749	0	0	1	0
2750	0	0	1	0
2751	1	0	0	0
2752	0	1	0	0
2753	0	0	0	1
2754	0	0	1	0
2755	0	0	0	1
2756	0	1	0	0
2757	1	0	0	0
2758	1	0	0	0
2759	0	0	0	1
2760	0	0	1	0
2761	1	0	0	0
2762	0	0	0	1
2763	1	0	0	0
2764	0	0	0	1
2765	1	0	0	0
2766	0	1	0	0
2767	1	0	0	0
2768	0	0	1	0
2769	1	0	0	0
2770	1	0	0	0
2771	0	0	1	0
2835	1	0	0	0
2836	1	0	0	0
2837	1	0	0	0
2838	0	1	0	0
2839	0	0	0	1
2840	0	1	0	0
2841	0	1	0	0
2842	0	0	0	1
2843	0	0	0	2
2844	2	0	0	0
2845	0	0	2	0
2846	0	0	2	0
2847	0	0	2	0
2848	0	0	2	0
2849	0	0	2	0
2850	0	0	2	0
2851	0	1	0	1
2852	0	2	0	0
2853	2	0	0	0
2854	2	0	0	0
2855	2	0	0	0
2856	0	0	2	0
2857	0	2	0	0
2858	2	0	0	0
2859	0	2	0	0
2860	0	0	0	2
2861	2	0	0	0
2862	2	0	0	0
2863	0	3	0	0
2864	3	0	0	0
2865	0	0	3	0
2866	3	0	0	0
2867	0	4	0	0
2868	4	0	0	0
2869	0	0	0	4
2870	0	4	0	0
2871	0	0	4	0
2872	0	0	0	4
2873	3	0	1	0
2874	0	4	0	0
2875	0	4	0	0
2876	4	0	0	0
2877	0	4	0	0
2878	0	0	0	4
2879	4	0	0	0
2880	4	0	0	0
2881	0	4	0	0
2882	0	0	0	4
2883	0	0	4	0
2884	4	0	0	0
2885	4	0	0	0
2886	0	0	4	0
2887	4	0	0	0
2888	4	0	0	0
2889	0	0	4	0
2890	0	4	0	0
2891	4	0	0	0
2892	0	0	4	0
2893	4	0	0	0
2894	4	0	0	0
2895	0	0	0	4
2896	0	0	0	4
2897	4	0	0	0
2898	0	0	4	0
2899	4	0	0	0
2900	4	0	0	0
2901	0	0	0	4
2902	0	0	0	4
2903	0	0	4	0
2904	0	0	4	0
2905	0	4	0	0
2906	4	0	0	0
2907	0	0	3	0
2908	3	0	0	0
2909	0	0	3	0
2910	3	0	0	0
2911	3	0	0	0
2912	0	1	0	2
2913	3	0	0	0
2914	0	0	3	0
2915	0	0	3	0
2916	0	0	3	0
2917	2	0	0	0
2918	2	0	0	0
2919	2	0	0	0
2920	0	0	0	3
2921	0	0	0	3
2922	0	3	0	0
2923	0	0	0	3
2924	3	0	0	0
2925	3	0	0	0
2926	3	0	0	0
2927	3	0	0	0
2928	0	0	3	0
2929	3	0	0	0
2930	3	0	0	0
2931	0	4	0	0
2932	0	4	0	0
2933	4	0	0	0
2934	0	0	4	0
2935	0	0	0	4
2936	4	0	0	0
2937	0	4	0	0
2938	4	0	0	0
2939	0	0	3	0
2940	0	0	3	0
2941	0	0	3	0
2942	3	0	0	0
2943	0	0	3	0
2944	0	0	0	3
2945	3	0	0	0
2946	0	0	0	3
2947	3	0	0	0
2948	0	0	0	3
2949	0	0	0	3
2950	3	0	0	0
2951	0	0	0	3
2952	0	0	3	0
2953	3	0	0	0
2954	0	3	0	0
2955	0	3	0	0
2956	0	3	0	0
2957	3	0	0	0
2958	0	0	0	3
2959	0	3	0	0
2960	3	0	0	0
2961	3	0	0	0
2962	3	0	0	0
2963	3	0	0	0
2964	0	0	3	0
2965	3	0	0	0
2966	0	3	0	0
2967	0	0	0	3
2968	0	0	0	3
2969	0	0	3	0
2970	3	0	0	0
2971	0	0	0	3
2972	3	0	0	0
2973	0	0	3	0
2974	0	3	0	0
2975	0	0	0	3
2976	0	0	3	0
2977	3	0	0	0
2978	3	0	0	0
2979	3	0	0	0
2980	0	0	0	3
2981	3	0	0	0
2982	0	3	0	0
2983	3	0	0	0
2984	0	0	3	0
2985	3	0	0	0
2986	3	0	0	0
2987	3	0	0	0
2988	0	4	0	0
2989	3	0	0	0
2990	0	0	3	0
2991	0	0	3	0
2992	0	0	3	0
2993	0	0	3	0
2994	2	1	0	0
2995	2	0	0	0
2996	0	0	0	2
2997	0	0	2	0
2998	2	0	0	0
2999	0	2	0	0
3000	0	2	0	0
3001	2	0	0	0
3002	2	0	0	0
3003	0	0	0	1
3004	0	0	2	0
3005	0	0	2	0
3006	2	0	0	0
3007	0	2	0	0
3008	2	0	0	0
3009	0	0	0	1
3010	2	0	0	0
3011	0	0	0	2
3012	0	2	0	0
3013	2	0	0	0
3014	2	0	0	0
3015	2	0	0	0
3016	0	0	0	2
3017	0	0	0	2
3018	0	0	0	2
3019	2	0	0	0
3020	0	2	0	0
3021	0	2	0	0
3022	2	0	0	0
3023	2	0	0	0
3024	0	0	2	0
3025	2	0	0	0
3026	2	0	0	0
3027	0	2	0	0
3028	0	2	0	0
3029	2	0	0	0
3030	0	0	0	2
3031	0	0	0	2
3032	0	2	0	0
3033	2	0	0	0
3034	2	0	0	0
3035	2	0	0	0
3036	2	0	0	0
3037	2	0	0	0
3038	0	0	0	2
3039	0	0	0	2
3040	0	0	0	2
3041	0	0	2	0
3042	2	0	0	0
3043	2	0	0	0
3044	0	0	2	0
3045	2	0	0	0
3046	0	2	0	0
3047	1	0	0	0
3048	0	0	2	0
3049	0	0	2	0
3050	2	0	0	0
3051	1	0	0	0
3052	2	0	0	0
3053	0	0	2	0
3054	0	0	0	3
3055	2	0	0	0
3056	0	0	0	3
3057	0	0	3	0
3058	0	3	0	0
3059	3	0	0	0
3060	2	0	0	0
3061	2	0	0	0
3062	2	0	0	0
3063	2	0	0	0
3064	0	0	2	0
3065	0	0	2	0
3066	2	0	0	0
3067	0	0	2	0
3068	0	0	2	0
3069	2	0	0	0
3070	0	2	0	0
3071	0	0	0	2
3072	0	0	2	0
3073	0	2	0	0
3074	0	2	0	0
3075	0	2	0	0
3076	2	0	0	0
3077	0	2	0	0
3078	2	0	0	0
3079	0	2	0	0
3080	0	0	0	2
3081	2	0	0	0
3082	2	0	0	0
3083	0	0	0	2
3084	0	0	2	0
3085	2	0	0	0
3086	0	0	0	2
3087	0	0	2	0
3088	0	0	0	2
3089	2	0	0	0
3090	2	0	0	0
3091	2	0	0	0
3092	1	0	1	0
3093	0	2	0	0
3094	2	0	0	0
3095	0	0	2	0
3096	0	0	0	2
3097	0	0	0	2
3098	2	0	0	0
3099	2	0	0	0
3100	0	2	0	0
3101	1	0	0	0
3102	0	0	2	0
3103	2	0	0	0
3104	0	0	2	0
3105	0	0	2	0
3106	0	2	0	0
3107	1	0	0	0
3108	0	0	1	0
3109	0	0	0	1
3110	0	0	1	0
3111	0	1	0	0
3112	1	0	0	0
3113	1	0	0	0
3114	1	0	0	0
3115	1	0	0	0
3116	1	0	0	0
3117	1	0	0	0
3118	0	0	0	1
3119	1	0	0	0
3120	0	0	1	0
3121	0	1	0	0
3122	0	1	0	0
3123	1	0	0	0
3124	0	0	1	0
3125	0	0	1	0
3126	0	0	1	0
3127	1	0	0	0
3128	1	0	0	0
3200	0	0	1	0
3201	1	0	0	0
3202	0	1	0	0
3203	2	0	0	0
3204	0	0	2	0
3205	2	0	0	0
3206	0	2	0	0
3207	0	0	0	2
3208	2	0	0	0
3209	0	0	0	2
3210	0	0	0	2
3211	0	0	2	0
3212	0	0	2	0
3213	0	2	0	0
3214	2	0	0	0
3215	2	0	0	0
3216	0	0	2	0
3217	0	2	0	0
3218	0	2	0	0
3219	2	0	0	0
3220	0	2	0	0
3221	0	2	0	0
3222	0	0	0	2
3223	0	0	2	0
3224	0	0	2	0
3225	2	0	0	0
3226	0	0	0	2
3227	0	0	0	2
3228	0	2	0	0
3229	0	2	0	0
3230	0	0	0	2
3231	0	0	2	0
3232	2	0	0	0
3233	0	0	1	1
3234	0	0	0	2
3235	0	0	2	0
3236	0	0	2	0
3237	0	0	2	0
3238	2	0	0	0
3239	0	0	2	0
3240	0	0	0	2
3241	0	0	0	2
3242	0	0	0	2
3243	0	0	2	0
3244	0	0	0	2
3245	0	0	0	2
3246	2	0	0	0
3247	2	0	0	0
3248	0	0	0	2
3249	2	0	0	0
3250	0	2	0	0
3251	0	2	0	0
3252	0	2	0	0
3253	0	1	0	0
3254	0	0	0	2
3255	0	2	0	0
3256	0	2	0	0
3257	0	2	0	0
3258	0	2	0	0
3259	0	0	0	2
3260	2	0	0	0
3261	0	0	1	0
3262	0	0	0	2
3263	2	0	0	0
3264	2	0	0	0
3265	2	0	0	0
3266	2	0	0	0
3267	0	0	0	2
3268	0	0	0	2
3269	1	0	1	0
3270	0	0	0	3
3271	0	0	2	0
3272	0	0	2	0
3273	0	0	0	3
3274	3	0	0	0
3275	0	3	0	0
3276	0	2	0	0
3277	2	0	0	0
3278	2	0	0	0
3279	0	2	0	0
3280	0	0	0	2
3281	0	0	1	0
3282	0	0	2	0
3283	2	0	0	0
3284	2	0	0	0
3285	2	0	0	0
3286	2	0	0	0
3287	1	0	1	0
3288	0	0	2	0
3289	3	0	0	0
3290	3	0	0	0
3291	0	3	0	0
3292	0	3	0	0
3293	0	2	0	1
3294	3	0	0	0
3295	0	0	0	3
3296	3	0	0	0
3297	0	0	3	0
3298	0	3	0	0
3299	3	0	0	0
3300	0	0	3	0
3301	0	0	3	0
3302	3	0	0	0
3303	0	0	2	0
3304	0	3	0	0
3305	3	0	0	0
3306	0	0	3	0
3307	3	0	0	0
3308	3	0	0	0
3309	3	0	0	0
3310	0	3	0	0
3311	0	2	0	1
3312	0	0	0	4
3313	0	0	0	4
3314	0	3	0	0
3315	0	0	0	4
3316	4	0	0	0
3317	0	0	0	4
3318	0	0	4	0
3319	0	0	0	4
3320	4	0	0	0
3321	0	0	4	0
3322	4	0	0	0
3323	0	0	0	4
3324	0	0	4	0
3325	0	0	4	0
3326	4	0	0	0
3327	0	0	4	0
3328	0	4	0	0
3329	4	0	0	0
3330	0	0	4	0
3331	0	4	0	0
3332	0	0	0	4
3333	4	0	0	0
3334	4	0	0	0
3335	0	0	0	4
3336	4	0	0	0
3337	0	0	4	0
3338	0	0	4	0
3339	0	0	3	0
3340	4	0	0	0
3341	3	0	0	0
3342	4	0	0	0
3343	0	3	0	0
3344	0	0	0	3
3345	3	0	0	0
3346	3	0	0	0
3347	3	0	0	0
3348	2	1	0	0
3349	0	0	0	3
3350	3	0	0	0
3351	0	0	3	0
3352	0	0	3	0
3353	3	0	0	0
3354	3	0	0	0
3355	3	0	0	0
3356	3	0	0	0
3357	0	0	3	0
3358	0	3	0	0
3359	2	0	0	0
3360	0	0	2	0
3361	0	0	2	0
3362	0	0	2	0
3363	0	0	0	2
3364	2	0	0	0
3365	0	0	0	2
3366	0	0	2	0
3367	0	0	0	2
3368	0	0	0	2
3369	2	0	0	0
3370	0	2	0	0
3371	0	0	0	2
3372	0	0	2	0
3373	2	0	0	0
3374	0	2	0	0
3375	2	0	0	0
3381	1	0	0	0
3382	0	0	1	0
3383	0	0	1	0
3384	0	1	0	0
3385	1	0	0	0
3386	0	0	1	0
3387	1	0	0	0
3388	2	0	0	0
3389	2	0	0	0
3390	1	0	1	0
3391	0	0	0	2
3392	0	0	0	3
3393	0	0	3	0
3394	0	0	0	3
3395	0	1	0	2
3396	0	0	0	4
3397	0	4	0	0
3398	0	0	0	4
3399	0	4	0	0
3400	0	0	0	4
3401	4	0	0	0
3402	4	0	0	0
3403	0	4	0	0
3404	0	0	0	4
3405	0	0	4	0
3406	4	0	0	0
3407	4	0	0	0
3408	4	0	0	0
3409	0	4	0	0
3410	4	0	0	0
3411	4	0	0	0
3412	0	4	0	0
3413	4	0	0	0
3414	4	0	0	0
3415	4	0	0	0
3416	0	0	0	4
3417	0	4	0	0
3418	4	0	0	0
3419	0	0	4	0
3420	4	0	0	0
3421	4	0	0	0
3422	0	0	4	0
3423	0	0	4	0
3424	0	5	0	0
3425	0	0	0	5
3426	0	0	5	0
3427	5	0	0	0
3428	0	0	4	0
3429	0	0	0	4
3430	0	0	0	4
3431	4	0	0	0
3432	0	4	0	0
3433	4	0	0	0
3434	4	0	0	0
3435	0	0	4	0
3436	0	4	0	0
3437	4	0	0	0
3438	4	0	0	0
3439	0	0	0	4
3440	0	0	0	4
3441	0	4	0	0
3442	4	0	0	0
3443	0	0	4	0
3444	0	3	0	1
3445	0	0	0	4
3446	4	0	0	0
3447	0	0	4	0
3448	0	4	0	0
3449	0	0	0	5
3450	0	0	0	5
3451	0	0	0	4
3452	1	0	3	0
3453	0	4	0	0
3454	4	0	0	0
3455	0	0	4	0
3456	0	0	4	0
3457	4	0	0	0
3458	0	0	0	4
3459	0	0	0	4
3460	0	4	0	0
3461	4	0	0	0
3462	0	0	4	0
3463	0	0	3	0
3464	3	0	0	0
3465	0	0	0	3
3466	0	3	0	0
3467	2	0	0	0
3468	0	0	2	0
3469	1	0	0	0
3470	2	0	0	0
3471	0	0	2	0
3472	0	0	0	2
3473	1	0	0	0
3474	2	0	0	0
3475	2	0	0	0
3476	0	2	0	0
3477	3	0	0	0
3478	0	0	0	3
3479	3	0	0	0
3480	0	0	3	0
3481	0	0	0	3
3482	3	0	0	0
3483	3	0	0	0
3484	0	3	0	0
3485	3	0	0	0
3486	0	0	2	0
3487	3	0	0	0
3488	0	3	0	0
3489	0	0	0	3
3490	0	3	0	0
3491	3	0	0	0
3492	0	3	0	0
3493	3	0	0	0
3494	0	0	3	0
3495	0	0	0	3
3496	3	0	0	0
3497	0	0	0	3
3498	0	0	3	0
3499	0	3	0	0
3500	3	0	0	0
3501	0	0	0	3
3502	0	0	0	3
3503	0	0	3	0
3504	0	0	3	0
3505	0	0	3	0
3506	3	0	0	0
3507	1	2	0	0
3508	0	0	0	3
3509	0	3	0	0
3510	3	0	0	0
3511	0	0	0	3
3512	0	0	0	3
3513	0	2	0	0
3514	3	0	0	0
3515	3	0	0	0
3516	0	0	3	0
3517	0	3	0	0
3518	2	0	0	0
3519	0	3	0	0
3520	2	0	0	1
3521	3	0	0	0
3522	0	3	0	0
3523	0	3	0	0
3524	1	0	0	0
3525	0	0	1	0
3526	1	0	0	0
3527	0	0	0	1
3528	1	0	0	0
3529	1	0	0	0
3530	0	0	1	0
3531	1	0	0	0
3532	0	0	2	0
3533	0	0	0	2
3534	0	0	2	0
3535	2	0	0	0
3536	2	0	0	0
3537	0	0	0	2
3538	0	2	0	0
3539	2	0	0	0
3540	0	0	2	0
3541	2	0	0	0
3542	1	0	1	0
3543	0	0	0	2
3544	0	0	0	2
3545	2	0	0	0
3546	0	0	1	0
3547	0	0	0	2
3548	0	0	0	1
3549	1	0	0	0
3550	1	0	0	0
3551	0	1	0	0
3552	0	1	0	0
3553	1	0	0	0
3554	1	0	0	0
3555	1	0	0	0
3556	0	0	0	1
3557	1	0	0	0
3558	1	0	0	0
3559	0	0	0	1
3560	1	0	0	0
3561	0	0	1	0
3562	1	0	0	0
3563	1	0	0	0
3564	0	1	0	0
3565	1	0	0	0
3566	1	0	0	0
3567	0	0	0	1
3568	0	0	0	1
3569	1	0	0	0
3570	1	0	0	0
3571	0	0	0	1
3572	1	0	0	0
3573	1	0	0	0
3574	1	0	0	0
3575	0	0	0	1
3576	1	0	0	0
3577	1	0	0	0
3578	0	0	2	0
3579	0	0	2	0
3580	2	0	0	0
3581	2	0	0	0
3582	2	0	0	0
3583	0	0	2	0
3584	1	0	1	0
3585	2	0	0	0
3586	0	0	0	2
3587	0	2	0	0
3588	0	0	0	2
3589	2	0	0	0
3590	0	2	0	0
3591	0	2	0	0
3592	0	0	0	2
3593	0	0	2	0
3594	0	0	0	2
3595	0	2	0	0
3596	2	0	0	0
3597	0	0	0	2
3598	0	0	2	0
3599	0	0	2	0
3600	0	0	2	0
3601	0	0	0	2
3602	2	0	0	0
3603	0	2	0	0
3604	0	2	0	0
3605	0	0	0	1
3606	0	0	1	0
3607	0	1	0	0
3608	1	0	0	0
3609	0	1	0	0
3610	1	0	0	0
3611	0	0	0	2
3612	2	0	0	0
3613	2	0	0	0
3614	2	0	0	0
3615	0	0	2	0
3616	0	0	2	0
3617	2	0	0	0
3618	2	0	0	0
3619	0	0	0	1
3620	0	0	0	2
3621	0	0	2	0
3622	0	0	2	0
3623	2	0	0	0
3624	0	0	3	0
3625	0	0	4	0
3626	4	0	0	0
3627	4	0	0	0
3628	4	0	0	0
3629	0	0	0	4
3630	0	0	4	0
3631	4	0	0	0
3632	4	0	0	0
3633	0	4	0	0
3634	4	0	0	0
3635	2	0	2	0
3636	0	0	4	0
3637	0	0	0	4
3638	4	0	0	0
3639	0	0	4	0
3640	4	0	0	0
3641	0	4	0	0
3642	4	0	0	0
3643	4	0	0	0
3644	4	0	0	0
3645	0	0	0	4
3646	0	0	0	4
3647	4	0	0	0
3648	0	0	4	0
3649	0	0	0	4
3650	4	0	0	0
3651	4	0	0	0
3652	0	0	4	0
3653	0	0	0	4
3654	4	0	0	0
3655	4	0	0	0
3656	4	0	0	0
3657	0	0	6	0
3658	0	0	6	0
3659	6	0	0	0
3660	6	0	0	0
3661	0	0	0	6
3662	0	6	0	0
3663	6	0	0	0
3664	0	0	6	0
3665	0	0	6	0
3666	6	0	0	0
3667	0	0	5	0
3668	5	0	0	0
3669	0	0	5	0
3670	0	0	0	5
3671	0	0	5	0
3672	0	5	0	0
3673	0	0	0	5
3674	0	0	5	0
3675	0	0	0	5
3676	0	0	0	5
3677	0	0	0	5
3678	0	5	0	0
3679	0	0	0	5
3680	5	0	0	0
3681	0	0	5	0
3682	5	0	0	0
3683	0	0	0	4
3684	0	0	4	0
3685	0	0	4	0
3686	4	0	0	0
3687	4	0	0	0
3688	0	0	0	4
3689	4	0	0	0
3690	0	0	4	0
3691	4	0	0	0
3692	4	0	0	0
3693	4	0	0	0
3694	4	0	0	0
3695	0	0	4	0
3696	0	0	4	0
3697	0	3	0	0
3698	0	0	0	3
3699	0	3	0	0
3700	3	0	0	0
3701	3	0	0	0
3702	0	0	3	0
3703	3	0	0	0
3704	0	0	3	0
3705	0	0	3	0
3706	3	0	0	0
3707	0	0	3	0
3708	0	3	0	0
3709	3	0	0	0
3710	0	0	0	4
3711	0	0	4	0
3712	4	0	0	0
3713	4	0	0	0
3714	4	0	0	0
3715	0	0	4	0
3716	5	0	0	0
3717	0	0	0	5
3718	5	0	0	0
3719	0	0	0	5
3720	0	5	0	0
3721	4	0	0	0
3722	0	3	0	0
3723	3	0	0	0
3724	0	0	3	0
3725	0	3	0	0
3726	3	0	0	0
3727	3	0	0	0
3728	0	0	0	1
3729	0	0	0	2
3730	0	0	2	0
3731	0	0	2	0
3732	2	0	0	0
3733	0	0	3	0
3734	3	0	0	0
3735	0	0	3	0
3736	0	3	0	0
3737	3	0	0	0
3738	2	0	0	0
3739	0	0	0	3
3740	0	0	3	0
3741	0	0	3	0
3742	0	4	0	0
3743	0	0	0	4
3744	3	0	0	0
3745	0	0	4	0
3746	0	0	0	4
3747	0	0	4	0
3748	4	0	0	0
3749	4	0	0	0
3750	0	0	0	4
3751	0	0	0	4
3752	0	0	0	4
3753	4	0	0	0
3754	4	0	0	0
3755	0	0	0	4
3756	0	4	0	1
3757	0	0	0	5
3758	0	0	5	0
3759	0	5	0	0
3760	0	5	0	0
3761	5	0	0	0
3762	0	5	0	0
3763	0	5	0	0
3764	0	5	0	0
3765	0	0	5	0
3766	0	0	0	5
3767	5	0	0	0
3768	0	0	5	0
3769	0	0	0	5
3770	5	0	0	0
3771	0	0	5	0
3772	0	5	0	0
3773	5	0	0	0
3774	5	0	0	0
3775	5	0	0	0
3776	5	0	0	0
3777	0	0	5	0
3778	5	0	0	0
3779	3	0	2	0
3780	5	0	0	0
3781	0	0	0	5
3782	5	0	0	0
3783	0	0	5	0
3784	0	0	0	5
3785	5	0	0	0
3786	0	0	4	0
3787	0	4	0	0
3788	0	0	0	4
3789	4	0	0	0
3790	0	0	4	0
3791	0	4	0	0
3792	0	0	0	3
3793	0	0	4	0
3794	0	0	0	4
3795	0	0	4	0
3796	3	0	0	0
3797	0	0	0	4
3798	4	0	0	0
3799	4	0	0	0
3800	4	0	0	0
3801	0	0	0	4
3802	0	0	4	0
3803	0	0	0	4
3804	0	4	0	0
3805	4	0	0	0
3806	0	0	3	0
3807	0	3	0	0
3808	0	0	0	2
3809	1	0	0	0
3810	2	0	0	0
3811	2	0	0	0
3812	0	0	2	0
3813	0	0	2	0
3814	0	0	1	0
3815	0	0	2	0
3816	0	0	2	0
3817	1	0	0	0
3818	1	0	0	0
3819	0	0	1	0
3820	0	1	0	0
3821	0	1	0	0
3822	1	0	0	0
3823	0	0	0	1
3824	1	0	0	0
3825	0	1	0	0
3826	1	0	0	0
3827	0	0	0	1
3889	0	0	0	1
3890	0	1	0	0
3891	1	0	0	0
3892	0	0	0	1
3893	0	1	0	0
3894	0	1	0	0
3895	0	0	0	1
3896	0	0	1	0
3897	0	0	1	0
3898	0	0	0	1
3899	1	0	0	0
3900	0	0	1	0
3901	0	1	0	0
3902	1	0	0	0
3903	0	0	1	0
3904	0	0	0	1
3905	0	1	0	0
3906	0	1	0	0
3907	1	0	0	0
3908	0	0	0	1
3909	0	0	1	0
3910	0	0	0	1
3911	1	0	0	0
3912	0	0	1	0
3913	0	1	0	0
3914	0	1	0	0
3915	1	0	0	0
3916	0	0	1	0
3917	0	0	0	1
3918	0	0	2	0
3919	0	0	2	0
3920	0	2	0	0
3921	0	0	0	2
3922	2	0	0	0
3923	0	2	0	0
3924	2	0	0	0
3925	0	0	0	2
3926	2	0	0	0
3927	0	0	2	0
3928	2	0	0	0
3929	2	0	0	0
3930	0	0	2	0
3931	0	2	0	0
3932	2	0	0	0
3933	0	0	2	0
3934	2	0	0	0
3935	0	0	2	0
3936	0	0	2	0
3937	0	0	0	2
3938	0	1	0	1
3939	2	0	0	0
3940	0	0	0	2
3941	0	2	0	0
3942	0	2	0	0
3943	0	2	0	0
3944	2	0	0	0
3945	0	0	2	0
3946	0	2	0	0
3947	2	0	0	0
3948	0	0	2	0
3949	2	0	0	0
3950	2	0	0	0
3951	2	0	0	0
3952	0	2	0	0
3953	2	0	0	0
3954	0	0	2	0
3955	0	0	2	0
3956	2	0	0	0
3957	0	2	0	0
3958	2	0	0	0
3959	2	0	0	0
3960	0	0	2	0
3961	1	0	0	0
3962	1	0	0	0
3963	1	0	0	0
3964	0	1	0	0
3965	1	0	0	0
3966	0	0	1	0
3967	0	1	0	0
3968	1	0	0	0
3969	0	0	0	1
3970	1	0	0	0
3971	0	1	0	0
3972	0	0	0	1
3973	0	0	0	1
3974	0	0	0	1
3975	1	0	0	0
3976	0	0	0	1
3977	1	0	0	0
3978	0	1	0	0
3979	0	0	0	1
3980	1	0	0	0
3981	1	0	0	0
3982	1	0	0	0
3983	0	0	1	0
3984	0	0	0	1
3985	0	0	0	1
3986	1	0	0	0
3987	0	0	1	0
3988	0	1	0	0
3989	1	0	0	0
3990	0	0	1	0
3991	0	0	2	0
3992	2	0	0	0
3993	1	0	0	0
3994	0	0	1	0
3995	1	0	0	0
3996	0	0	0	0
3997	0	0	1	0
3998	0	0	1	0
3999	0	2	0	0
4000	0	2	0	0
4001	2	0	0	0
4002	0	0	2	0
4003	0	0	0	1
4004	0	2	0	0
4005	2	0	0	0
4006	2	0	0	0
4007	2	0	0	0
4008	0	0	1	0
4009	0	0	0	2
4010	2	0	0	0
4011	2	0	0	0
4012	0	0	0	3
4013	3	0	0	0
4014	0	3	0	0
4015	4	0	0	0
4016	0	0	0	5
4017	5	0	0	0
4018	0	5	0	0
4019	5	0	0	0
4020	0	0	4	0
4021	5	0	0	0
4022	0	5	0	0
4023	5	0	0	0
4024	5	0	0	0
4025	0	0	0	4
4026	0	0	5	0
4027	0	0	4	0
4028	0	4	0	0
4029	5	0	0	0
4030	0	0	4	0
4031	1	0	0	3
4032	5	0	0	0
4033	5	0	0	0
4034	0	0	0	5
4035	0	0	0	5
4036	0	0	0	5
4037	0	2	0	3
4038	5	0	0	0
4039	0	5	0	0
4040	0	5	0	0
4041	5	0	0	0
4042	0	0	4	0
4043	0	0	0	5
4044	0	0	5	0
4045	0	5	0	0
4046	0	0	0	3
4047	1	0	3	0
4048	0	5	0	0
4049	5	0	0	0
4050	0	0	3	0
4051	0	0	0	4
4052	0	0	0	5
4053	5	0	0	0
4054	5	0	0	0
4055	0	0	5	0
4056	0	0	5	0
4057	0	4	0	0
4058	5	0	0	0
4059	0	0	4	0
4060	0	5	0	0
4061	0	4	0	0
4062	0	0	0	5
4063	0	0	3	0
4064	1	0	0	3
4065	0	0	0	4
4066	0	0	3	0
4067	0	0	4	0
4068	0	0	0	4
4069	0	0	3	0
4070	0	0	3	0
4071	0	0	3	0
4072	0	3	0	0
4073	3	0	0	0
4074	0	0	3	0
4075	0	0	3	0
4076	0	0	0	3
4077	4	0	0	0
4078	0	0	0	4
4079	0	5	0	0
4080	0	5	0	0
4081	5	0	0	0
4082	5	0	0	0
4083	0	5	0	0
4084	5	0	0	0
4085	0	0	5	0
4086	0	0	3	0
4087	3	0	0	0
4088	2	0	0	0
4089	0	0	0	2
4090	0	0	0	3
4091	0	0	0	4
4092	0	0	4	0
4093	0	0	3	0
4094	0	0	4	0
4095	5	0	0	0
4096	0	0	0	5
4097	0	0	0	6
4098	0	5	0	0
4099	0	5	0	0
4100	0	6	0	0
4101	0	0	0	6
4102	5	0	0	0
4103	0	6	0	0
4104	5	0	0	0
4105	6	0	0	0
4106	0	0	0	6
4107	0	6	0	0
4108	0	5	0	0
4109	0	6	0	0
4110	0	5	0	0
4111	8	0	0	0
4112	8	0	0	0
4113	8	0	0	0
4114	0	0	8	0
4115	0	0	0	8
4116	0	7	0	0
4117	8	0	0	0
4118	0	0	7	0
4119	0	0	8	0
4120	0	0	8	0
4121	8	0	0	0
4122	0	0	8	0
4123	0	0	0	8
4124	9	0	0	0
4125	0	0	9	0
4126	0	0	0	9
4127	8	0	0	0
4128	0	0	9	0
4129	9	0	0	0
4130	9	0	0	0
4131	0	0	0	9
4132	0	9	0	0
4133	0	8	0	0
4134	9	0	0	0
4135	0	0	0	9
4136	0	0	9	0
4137	9	0	0	0
4138	8	0	0	0
4139	0	0	0	9
4140	9	0	0	0
4141	8	0	0	0
4142	9	0	0	0
4143	0	0	7	0
4144	9	0	0	0
4145	8	0	0	0
4146	0	0	0	9
4147	0	0	0	9
4148	8	0	0	0
4149	7	0	0	0
4150	8	0	0	0
4151	0	0	7	0
4152	7	0	0	0
4153	6	0	0	0
4154	6	0	0	0
4155	7	0	0	0
4156	0	0	0	7
4157	0	5	0	0
4158	7	0	0	0
4159	0	0	0	7
4160	7	0	0	0
4161	0	0	5	0
4162	0	0	5	0
4163	0	0	5	0
4164	0	5	0	0
4165	5	0	0	0
4166	1	0	2	0
4167	1	0	3	0
4168	1	0	0	4
4169	5	0	0	0
4170	5	0	0	0
4171	0	0	5	0
4172	4	0	0	0
4173	0	0	4	0
4174	4	0	0	0
4175	0	0	3	1
4176	0	4	0	0
4177	4	0	0	0
4178	4	0	0	0
4179	0	0	4	0
4180	0	4	0	0
4181	0	0	0	4
4182	0	0	4	0
4183	4	0	0	0
4184	0	0	3	0
4185	0	3	0	0
4186	2	0	0	0
4187	0	2	0	0
4188	0	2	0	0
4189	0	0	0	2
4190	0	0	0	2
4191	2	0	0	0
4192	4	0	0	0
4193	0	0	4	0
4194	4	0	0	0
4195	0	6	0	0
4196	6	0	0	0
4197	0	0	5	0
4198	0	6	0	0
4199	6	0	0	0
4200	0	0	5	0
4201	0	0	0	6
4202	6	0	0	0
4203	0	6	0	0
4204	5	0	0	0
4205	6	0	0	0
4206	6	0	0	0
4207	0	0	0	5
4208	0	0	6	0
4209	0	0	6	0
4210	0	6	0	0
4211	6	0	0	0
4212	0	0	6	0
4213	0	0	0	6
4214	6	0	0	0
4215	0	0	0	6
4216	0	0	0	6
4217	0	6	0	0
4218	6	0	0	0
4219	0	0	0	5
4220	0	0	0	5
4221	0	6	0	0
4222	6	0	0	0
4223	0	6	0	0
4224	6	0	0	0
4225	6	0	0	0
4226	0	0	0	6
4227	0	0	0	5
4228	0	0	0	6
4229	0	0	0	6
4230	6	0	0	0
4231	6	0	0	0
4232	6	0	0	0
4233	6	0	0	0
4234	0	0	6	0
4235	6	0	0	0
4236	6	0	0	0
4237	6	0	0	0
4238	6	0	0	0
4239	0	0	6	0
4240	0	0	5	0
4241	0	0	6	0
4242	0	0	6	0
4243	0	0	3	0
4244	0	0	5	0
4245	4	0	0	0
4246	0	0	0	5
4247	0	0	0	4
4248	0	0	5	0
4249	0	0	7	0
4250	3	0	4	0
4251	0	0	7	0
4252	0	0	7	0
4253	0	0	7	0
4254	0	0	0	7
4255	7	0	0	0
4256	0	7	0	0
4257	7	0	0	0
4258	0	0	7	0
4259	0	0	0	7
4260	0	0	7	0
4261	0	6	0	0
4262	5	0	0	0
4263	0	0	5	0
4264	0	0	5	0
4265	0	0	5	0
4266	0	0	6	0
4267	4	0	0	0
4268	0	0	4	0
4269	4	0	0	0
4270	0	0	4	0
4271	4	0	0	0
4272	4	0	0	0
4273	0	0	0	4
4274	4	0	0	0
4275	4	0	0	0
4276	0	0	0	4
4277	4	0	0	0
4278	0	0	4	0
4279	4	0	0	0
4280	0	4	0	0
4281	4	0	0	0
4282	0	0	0	4
4283	4	0	0	0
4284	4	0	0	0
4285	0	0	0	5
4286	5	0	0	0
4287	0	0	5	0
4288	0	5	0	0
4289	5	0	0	0
4290	5	0	0	0
4291	0	5	0	0
4292	5	0	0	0
4293	0	0	5	0
4294	5	0	0	0
4295	0	5	0	0
4296	5	0	0	0
4297	0	0	0	5
4298	5	0	0	0
4299	0	5	0	0
4300	5	0	0	0
4301	5	0	0	0
4302	5	0	0	0
4303	0	5	0	0
4304	0	0	0	5
4305	5	0	0	0
4306	5	0	0	0
4307	5	0	0	0
4308	0	0	5	0
4309	5	0	0	0
4310	5	0	0	0
4311	0	0	0	5
4312	0	0	0	5
4313	5	0	0	0
4314	0	5	0	0
4315	5	0	0	0
4316	3	0	1	0
4317	3	0	0	0
4318	3	0	0	0
4319	3	0	0	0
4320	0	3	0	0
4321	2	0	0	0
4322	2	0	0	0
4323	2	0	0	0
4324	0	0	0	2
4325	0	0	0	2
4326	2	0	0	0
4327	0	0	0	2
4328	3	0	0	0
4329	3	0	0	0
4330	3	0	0	0
4331	4	0	0	0
4332	4	0	0	0
4333	0	0	0	4
4334	0	0	0	4
4335	0	4	0	0
4336	4	0	0	0
4337	3	0	0	0
4338	3	0	0	0
4339	3	0	0	0
4340	0	1	0	2
4341	0	0	0	3
4342	0	0	0	3
4343	0	0	0	4
4344	0	4	0	0
4345	0	0	5	0
4346	0	0	5	0
4347	0	0	5	0
4348	0	0	0	5
4349	0	0	0	5
4350	0	0	0	5
4351	5	0	0	0
4352	0	0	0	5
4353	0	0	0	5
4354	5	0	0	0
4355	0	5	0	0
4356	5	0	0	0
4357	0	0	4	0
4358	4	0	0	0
4359	0	0	4	0
4360	4	0	0	0
4361	0	4	0	0
4362	4	0	0	0
4363	0	0	4	0
4364	0	4	0	0
4365	4	0	0	0
4366	0	0	4	0
4367	4	0	0	0
4368	0	0	4	0
4369	4	0	0	0
4370	0	3	0	1
4371	0	4	0	0
4372	0	6	0	0
4373	0	0	0	6
4374	6	0	0	0
4375	0	0	0	6
4376	0	0	0	6
4377	0	0	0	6
4378	0	0	6	0
4379	0	0	6	0
4380	6	0	0	0
4381	6	0	0	0
4382	6	0	0	0
4383	0	0	6	0
4384	0	0	6	0
4385	6	0	0	0
4386	0	6	0	0
4387	0	7	0	0
4388	6	0	0	1
4389	0	0	7	0
4390	0	7	0	0
4391	0	7	0	0
4392	7	0	0	0
4393	7	0	0	0
4394	7	0	0	0
4395	0	7	0	0
4396	0	0	0	7
4397	7	0	0	0
4398	0	7	0	0
4399	0	0	0	7
4400	0	7	0	0
4401	0	1	0	6
4402	0	0	7	0
4403	0	0	7	0
4404	6	0	0	0
4405	6	0	0	0
4406	5	0	0	0
4407	0	0	5	0
4408	0	0	5	0
4409	0	0	0	6
4410	0	0	6	0
4411	6	0	0	0
4412	6	0	0	0
4413	0	0	6	0
4414	0	0	6	0
4415	0	0	7	0
4416	0	0	7	0
4417	0	5	0	0
4418	6	0	0	0
4419	0	0	6	0
4420	0	0	0	6
4421	6	0	0	0
4422	0	0	6	0
4423	0	0	0	6
4424	6	0	0	0
4425	6	0	0	0
4426	0	0	0	6
4427	6	0	0	0
4428	0	6	0	0
4429	6	0	0	0
4430	6	0	0	0
4431	0	0	6	0
4432	6	0	0	0
4433	0	0	0	6
4434	6	0	0	0
4435	6	0	0	0
4436	0	6	0	0
4437	6	0	0	0
4438	0	0	6	0
4439	0	0	0	6
4440	0	0	6	0
4441	6	0	0	0
4442	0	5	0	0
4443	6	0	0	0
4444	0	0	0	6
4445	6	0	0	0
4446	7	0	0	0
4447	5	0	0	0
4448	0	0	5	0
4449	0	0	9	0
4450	0	0	0	8
4451	9	0	0	0
4452	0	0	9	0
4453	0	0	0	9
4454	9	0	0	0
4455	0	9	0	0
4456	0	9	0	0
4457	9	0	0	0
4458	9	0	0	0
4459	0	0	9	0
4460	0	0	9	0
4461	9	0	0	0
4462	0	0	8	0
4463	0	0	9	0
4464	8	0	0	0
4465	8	0	0	0
4466	0	0	8	0
4467	0	0	8	0
4468	0	0	0	8
4469	7	0	0	0
4470	8	0	0	0
4471	8	0	0	0
4472	8	0	0	0
4473	8	0	0	0
4474	0	0	0	7
4475	0	8	0	0
4476	8	0	0	0
4477	0	0	0	8
4478	0	0	0	8
4479	8	0	0	0
4480	8	0	0	0
4481	0	0	7	0
4482	0	0	8	0
4483	8	0	0	0
4484	0	8	0	0
4485	0	0	0	8
4486	8	0	0	0
4487	0	0	0	6
4488	0	0	8	0
4489	0	0	8	0
4490	8	0	0	0
4491	8	0	0	0
4492	8	0	0	0
4493	8	0	0	0
4494	0	8	0	0
4495	8	0	0	0
4496	0	0	8	0
4497	8	0	0	0
4498	0	0	0	8
4499	0	0	8	0
4500	0	0	8	0
4501	0	8	0	0
4502	8	0	0	0
4503	0	0	8	0
4504	0	0	8	0
4505	0	0	0	8
4506	0	0	8	0
4507	0	8	0	0
4508	0	0	0	8
4509	0	0	8	0
4510	8	0	0	0
4511	0	0	0	8
4512	0	0	0	8
4513	1	0	7	0
4514	0	0	0	8
4515	0	0	8	0
4516	0	0	0	9
4517	0	0	9	0
4518	2	1	6	0
4519	0	9	0	0
4520	7	0	0	0
4521	0	0	7	0
4522	0	0	3	0
4523	0	0	0	3
4524	1	0	0	0
4525	0	0	2	0
4526	2	0	0	0
4527	0	2	0	0
4528	2	0	0	0
4529	0	0	2	0
4530	0	0	2	0
4531	2	0	0	0
4532	0	0	0	2
4533	0	0	2	0
4534	2	0	0	0
4535	0	0	2	0
4536	0	0	3	0
4537	3	0	0	0
4538	0	0	0	3
4539	0	0	0	3
4540	3	0	0	0
4541	0	0	3	0
4542	3	0	0	0
4543	3	0	0	0
4544	0	3	0	0
4545	3	0	0	0
4546	0	0	0	3
4547	0	0	3	0
4548	0	0	3	0
4549	3	0	0	0
4550	3	0	0	0
4551	0	0	0	3
4552	3	0	0	0
4553	0	0	2	0
4554	0	0	0	3
4555	0	3	0	0
4556	0	0	0	3
4557	3	0	0	0
4558	0	0	3	0
4559	0	0	0	3
4560	1	0	1	0
4561	2	0	0	0
4562	2	0	0	0
4563	2	0	0	0
4564	0	2	0	0
4565	2	0	0	0
4566	0	2	0	0
4567	0	2	0	0
4568	2	0	0	0
4569	0	0	0	2
4570	2	0	0	0
4571	0	0	0	2
4572	0	0	2	0
4573	0	0	0	2
4574	2	0	0	0
4575	0	2	0	0
4576	2	0	0	0
4577	0	0	0	2
4578	0	0	0	2
4579	0	0	0	2
4580	0	2	0	0
4581	2	0	0	0
4582	2	0	0	0
4583	0	0	2	0
4584	0	0	2	0
4585	2	0	0	0
4586	2	0	0	0
4587	2	0	0	0
4588	0	0	2	0
4589	0	2	0	0
4590	0	0	0	2
4591	1	0	0	0
4592	0	0	1	0
4593	0	0	1	0
4594	1	0	0	0
4595	0	0	2	0
4596	2	0	0	0
4597	0	0	0	2
4598	0	0	2	0
4599	0	0	2	0
4600	0	0	0	2
4601	0	0	0	2
4602	0	0	0	2
4603	0	0	0	3
4604	3	0	0	0
4605	0	3	0	0
4606	3	0	0	0
4607	0	0	3	0
4608	2	0	0	0
4609	0	2	0	0
4610	2	0	0	0
4611	0	0	0	2
4612	0	2	0	0
4613	2	0	0	0
4614	0	0	0	1
4615	0	0	0	2
4616	1	0	0	1
4617	0	0	0	1
4618	0	0	2	0
4619	2	0	0	0
4620	2	0	0	0
4621	2	0	0	0
4622	0	0	2	0
4623	0	2	0	0
4624	1	0	1	0
4625	0	0	2	0
4626	2	0	0	0
4627	0	2	0	0
4628	2	0	0	0
4629	0	0	0	2
4630	0	2	0	0
4631	0	2	0	0
4632	2	0	0	0
4633	1	0	0	0
4634	2	0	0	0
4635	2	0	0	0
4636	0	0	2	0
4637	0	0	0	2
4638	2	0	0	0
4639	1	0	0	0
4640	0	0	2	0
4641	0	0	0	0
4642	0	0	0	2
4643	0	3	0	0
4644	3	0	0	0
4645	0	0	3	0
4646	3	0	0	0
4647	3	0	0	0
4648	0	0	3	0
4649	0	0	0	3
4650	1	0	2	0
4651	0	3	0	0
4652	3	0	0	0
4653	0	3	0	0
4654	3	0	0	0
4655	0	0	0	2
4656	0	2	0	0
4657	0	3	0	0
4658	0	3	0	0
4659	3	0	0	0
4660	0	0	0	3
4661	0	0	0	3
4662	3	0	0	0
4663	0	0	3	0
4664	0	0	3	0
4665	0	0	3	0
4666	0	0	3	0
4667	2	0	0	0
4668	0	0	0	1
4669	0	0	2	0
4670	0	2	0	0
4671	0	0	0	2
4672	2	0	0	0
4673	1	0	1	0
4674	2	0	0	0
4675	0	0	0	1
4676	0	0	0	1
4677	1	0	0	0
4678	0	0	1	0
4679	0	0	0	1
4680	1	0	0	0
4681	1	0	0	0
4682	0	0	0	1
4683	1	0	0	0
4684	1	0	0	0
4685	1	0	0	0
4686	1	0	0	0
4687	1	0	0	0
4688	0	1	0	0
4689	1	0	0	0
4690	0	0	0	1
4691	1	0	0	0
4692	0	0	0	1
4693	0	0	0	1
4694	0	0	1	0
4695	0	0	1	0
4696	0	0	1	0
4697	0	0	1	0
4698	0	1	0	0
4699	0	1	0	0
4700	0	0	0	1
4701	0	0	1	0
4702	0	1	0	0
4703	1	0	0	0
4704	0	0	1	0
4705	0	1	0	0
4706	0	2	0	0
4707	2	0	0	0
4708	0	0	2	0
4709	0	0	2	0
4710	3	0	0	0
4711	0	0	3	0
4712	3	0	0	0
4713	3	0	0	0
4714	3	0	0	0
4715	0	0	3	0
4716	3	0	0	0
4717	0	0	3	0
4718	0	3	0	0
4719	0	0	0	2
4720	0	0	0	3
4721	0	0	3	0
4722	0	0	3	0
4723	0	3	0	0
4724	3	0	0	0
4725	0	0	0	3
4726	0	0	0	3
4727	0	0	0	3
4728	0	0	3	0
4729	0	0	3	0
4730	0	0	3	0
4731	0	0	0	2
4732	0	2	0	0
4733	2	0	0	0
4734	0	0	0	3
4735	0	0	3	0
4736	0	0	3	0
4737	3	0	0	0
4738	0	0	3	0
4739	0	0	0	3
4740	0	3	0	0
4741	0	0	0	3
4742	0	3	0	0
4743	0	3	0	0
4744	3	0	0	0
4745	0	0	0	2
4746	3	0	0	0
4747	0	0	3	0
4748	3	0	0	0
4749	3	0	0	0
4750	0	0	0	3
4751	0	0	3	0
4752	0	0	3	0
4753	3	0	0	0
4754	0	0	3	0
4755	3	0	0	0
4756	0	0	0	3
4757	0	0	0	3
4758	0	0	3	0
4759	3	0	0	0
4760	0	0	3	0
4761	3	0	0	0
4762	3	0	0	0
4763	0	0	3	0
4764	3	0	0	0
4765	0	0	0	3
4766	3	0	0	0
4767	0	0	0	3
4768	3	0	0	0
4769	0	0	3	0
4770	0	2	0	1
4771	3	0	0	0
4772	0	3	0	0
4773	3	0	0	0
4774	0	3	0	0
4775	2	0	0	0
4776	2	0	0	0
4777	0	0	2	0
4778	0	0	0	2
4779	2	0	0	0
4780	0	0	2	0
4781	2	0	0	0
4782	0	2	0	0
4783	0	2	0	0
4784	0	2	0	0
4785	0	0	0	1
4786	0	0	1	0
4787	0	0	1	0
4788	0	1	0	0
4789	0	1	0	0
4790	0	0	0	1
4791	0	0	1	0
4792	0	0	1	0
4793	0	1	0	0
4794	1	0	0	0
4795	0	0	1	0
4796	1	0	0	0
4797	0	1	0	0
4798	0	1	0	0
4799	1	0	0	0
4800	1	0	0	0
4801	0	1	0	0
4802	0	0	0	1
4803	1	0	0	0
4804	1	0	0	0
4805	0	0	0	1
4806	0	0	0	1
4822	0	0	1	0
4823	1	0	0	0
4824	0	0	0	1
4825	0	0	0	1
4826	0	0	1	0
4827	0	0	0	1
4828	0	0	0	1
4829	0	0	0	1
4830	0	0	0	1
4831	0	0	1	0
4832	0	1	0	0
4833	1	0	0	0
4834	0	0	1	0
4835	1	0	0	0
4836	0	1	0	0
4837	0	0	0	2
4838	0	2	0	0
4839	0	0	0	2
4840	0	0	2	0
4841	0	2	0	0
4842	0	1	0	0
4843	2	0	0	0
4844	0	0	0	2
4845	2	0	0	0
4846	2	0	0	0
4847	0	0	2	0
4848	2	0	0	0
4849	2	0	0	0
4850	2	0	0	0
4851	3	0	0	0
4852	0	0	3	0
4853	0	2	0	0
4854	0	3	0	0
4855	2	0	0	0
4856	0	0	0	3
4857	3	0	0	0
4858	0	0	0	3
4859	0	0	0	3
4860	1	0	0	0
4861	0	0	3	0
4862	0	0	3	0
4863	3	0	0	0
4864	0	0	3	0
4865	3	0	0	0
4866	3	0	0	0
4867	3	0	0	0
4868	0	0	0	3
4869	3	0	0	0
4870	0	0	3	0
4871	0	0	0	3
4872	0	0	0	3
4873	2	0	0	0
4874	0	0	3	0
4875	0	2	0	0
4876	0	2	0	0
4877	0	3	0	0
4878	0	0	0	3
4879	2	0	0	0
4880	0	0	3	0
4881	0	0	3	0
4882	0	0	0	3
4883	0	0	3	0
4884	0	1	0	2
4885	0	0	3	0
4886	3	0	0	0
4887	0	0	2	1
4888	0	0	0	3
4889	3	0	0	0
4890	0	0	0	3
4891	0	3	0	0
4892	1	0	2	0
4893	3	0	0	0
4894	0	0	3	0
4895	0	3	0	0
4896	3	0	0	0
4897	0	0	2	0
4898	0	0	2	0
4899	2	0	0	0
4900	0	2	0	0
4901	2	0	0	0
4902	0	0	0	2
4903	2	0	0	0
4904	2	0	0	0
4905	0	2	0	0
4906	2	0	0	0
4907	1	0	0	0
4908	0	0	2	0
4909	0	0	2	0
4910	0	0	0	3
4911	3	0	0	0
4912	0	0	2	0
4913	0	0	2	0
4914	2	0	0	0
4915	0	0	0	2
4916	0	2	0	0
4917	0	0	0	2
4918	0	2	0	0
4919	0	0	0	2
4920	2	0	0	0
4921	0	2	0	0
4922	1	0	0	0
4923	1	0	0	0
4924	0	0	0	1
4925	1	0	0	0
4926	0	1	0	0
4927	0	0	0	1
4928	0	0	0	1
4929	0	0	1	0
4930	0	0	1	0
4931	0	1	0	0
4932	1	0	0	0
4933	0	1	0	0
4934	0	0	0	1
4935	0	0	1	0
4936	1	0	0	0
4937	0	1	0	0
4938	1	0	0	0
4939	0	0	1	0
4940	0	1	0	0
4941	1	0	0	0
4942	0	0	0	1
4943	0	0	0	1
4944	0	0	1	0
4945	1	0	0	0
4946	0	0	0	1
4947	1	0	0	0
4948	1	0	0	0
4949	0	1	0	0
4950	1	0	0	0
4951	0	2	0	0
4952	0	2	0	0
4953	2	0	0	0
4954	2	0	0	0
4955	2	0	0	0
4956	2	0	0	0
4957	3	0	0	0
4958	3	0	0	0
4959	0	0	3	0
4960	3	0	0	0
4961	0	0	3	0
4962	3	0	0	0
4963	3	0	0	0
4964	3	0	0	0
4965	0	0	3	0
4966	0	3	0	0
4967	0	3	0	0
4968	3	0	0	0
4969	0	3	0	0
4970	0	3	0	0
4971	0	3	0	0
4972	0	3	0	0
4973	0	0	0	3
4974	0	0	3	0
4975	0	3	0	0
4976	0	3	0	0
4977	0	0	0	3
4978	3	0	0	0
4979	0	0	3	0
4980	0	1	0	2
4981	0	0	3	0
4982	0	0	0	3
4983	0	0	0	3
4984	3	0	0	0
4985	0	0	3	0
4986	0	0	3	0
4987	3	0	0	0
4988	3	0	0	0
4989	3	0	0	0
4990	0	0	0	3
4991	0	0	0	3
4992	3	0	0	0
4993	0	0	4	0
4994	0	0	0	4
4995	4	0	0	0
4996	0	0	4	0
4997	4	0	0	0
4998	0	0	4	0
4999	0	0	4	0
5000	4	0	0	0
5001	0	0	0	4
5002	4	0	0	0
5003	0	0	4	0
5004	4	0	0	0
5005	0	0	0	4
5006	0	0	4	0
5007	0	0	4	0
5008	4	0	0	0
5009	4	0	0	0
5010	0	4	0	0
5011	4	0	0	0
5012	4	0	0	0
5013	0	2	1	0
5014	0	3	0	0
5015	0	3	0	0
5016	0	3	0	0
5017	0	3	0	0
5018	3	0	0	0
5019	0	0	3	0
5020	3	0	0	0
5021	2	0	0	0
5022	0	0	2	0
5023	2	0	0	0
5024	0	2	0	0
5025	0	2	0	0
5026	2	0	0	0
5027	0	0	2	0
5028	0	0	2	0
5029	0	0	2	0
5030	0	0	1	0
5031	0	1	0	0
5032	0	2	0	0
5033	0	0	2	0
5034	0	2	0	0
5035	2	0	0	0
5036	0	0	1	0
5037	2	0	0	0
5038	0	0	2	0
5039	0	0	2	0
5040	0	0	2	0
5041	2	0	0	0
5042	2	0	0	0
5043	0	2	0	0
5044	0	2	0	0
5045	2	0	0	0
5046	0	0	0	2
5047	2	0	0	0
5048	0	2	0	0
5049	2	0	0	0
5050	2	0	0	0
5051	0	0	0	2
5052	0	0	2	0
5053	2	0	0	0
5054	1	0	1	0
5055	0	0	0	2
5056	0	0	2	0
5057	0	0	2	0
5058	1	0	1	0
5059	0	2	0	0
5060	2	0	0	0
5061	0	2	0	0
5062	0	0	0	2
5063	1	0	0	0
5064	0	0	1	0
5065	1	0	0	0
5066	0	0	1	0
5067	0	1	0	0
5068	0	0	0	1
5069	0	0	0	1
5070	0	0	0	1
5071	0	0	0	1
5072	1	0	0	0
5073	0	0	1	0
5074	1	0	0	0
5075	1	0	0	0
5076	0	0	1	0
5077	1	0	0	0
5078	1	0	0	0
5079	0	1	0	0
5080	0	0	0	1
5081	0	0	0	1
5082	1	0	0	0
5083	1	0	0	0
5084	0	0	1	0
5085	0	1	0	0
5086	1	0	0	0
5087	0	0	1	0
5088	0	0	1	0
5089	1	0	0	0
5090	1	0	0	0
5091	0	0	1	0
5092	0	1	0	0
5093	0	0	0	1
5094	0	0	1	0
5095	0	0	0	1
5096	0	0	0	1
5097	1	0	0	0
5098	0	0	1	0
5099	1	0	0	0
5100	0	1	0	0
5101	1	0	0	0
5102	0	1	0	0
5103	0	0	0	1
5185	0	0	0	1
5186	1	0	0	0
5187	1	0	0	0
5188	0	0	1	0
5189	1	0	0	0
5190	1	0	0	0
5191	0	1	0	1
5192	1	0	0	1
5193	0	2	0	0
5194	0	0	0	2
5195	0	0	2	0
5196	0	2	0	0
5197	2	0	0	0
5198	1	0	1	0
5199	0	2	0	0
5200	2	0	0	0
5201	2	0	0	0
5202	0	1	0	1
5203	0	0	0	2
5204	2	0	0	0
5205	0	2	0	0
5206	0	0	0	2
5207	0	0	2	0
5208	0	0	0	2
5209	0	0	0	2
5210	0	0	0	2
5211	2	0	0	0
5212	0	0	0	2
5213	0	0	0	2
5214	0	2	0	0
5215	2	0	0	0
5216	0	0	0	2
5217	0	0	0	2
5218	0	0	0	2
5219	0	2	0	0
5220	2	0	0	0
5221	0	0	2	0
5222	2	0	0	0
5223	2	0	0	0
5224	0	0	0	2
5225	0	0	0	2
5226	0	0	2	0
5227	0	0	2	0
5228	0	0	2	0
5229	0	0	0	2
5230	0	0	2	0
5231	0	2	0	0
5232	0	2	0	0
5233	2	0	0	0
5234	1	0	1	0
5235	0	2	0	0
5236	2	0	0	0
5237	0	0	0	2
5238	2	0	0	0
5239	0	0	2	0
5240	0	2	0	0
5241	2	0	0	0
5242	0	0	2	0
5243	2	0	0	0
5244	2	0	0	0
5245	0	0	0	2
5246	2	0	0	0
5247	0	0	2	0
5248	0	0	2	0
5249	0	2	0	0
5250	2	0	0	0
5251	0	0	0	2
5252	0	0	0	2
5253	0	0	0	2
5254	0	0	0	2
5255	0	0	2	0
5256	0	2	0	0
5257	0	1	0	0
5258	1	0	0	0
5259	0	2	0	0
5260	2	0	0	0
5261	0	0	2	0
5262	3	0	0	0
5263	0	0	2	0
5264	2	0	0	0
5265	2	0	0	0
5266	0	0	2	0
5267	1	0	0	0
5268	0	0	1	0
5269	0	1	0	0
5270	2	0	0	0
5271	2	0	0	0
5272	0	0	2	0
5273	2	0	0	0
5274	2	0	0	0
5275	2	0	0	0
5276	0	0	0	2
5277	0	0	2	0
5278	0	0	2	0
5279	2	0	0	0
5280	0	1	1	0
5281	0	2	0	0
5282	0	2	0	0
5283	2	0	0	0
5284	1	0	1	0
5285	0	0	0	2
5286	2	0	0	0
5287	0	0	2	0
5288	2	0	0	0
5289	0	0	0	2
5290	0	2	0	0
5291	0	2	0	0
5292	0	0	0	2
5293	2	0	0	0
5294	2	0	0	0
5295	0	2	0	0
5296	0	2	0	0
5297	0	0	0	2
5298	2	0	0	0
5299	0	0	2	0
5300	2	0	0	0
5301	0	0	2	0
5302	0	2	0	0
5303	0	2	0	0
5304	0	2	0	0
5305	0	0	0	2
5306	0	0	2	0
5307	0	0	2	0
5308	2	0	0	0
5309	2	0	0	0
5310	0	2	0	0
5311	0	2	0	0
5312	2	0	0	0
5313	0	0	0	2
5314	0	2	0	0
5315	0	2	0	0
5316	2	0	0	0
5317	0	0	2	0
5318	0	0	2	0
5319	2	0	0	0
5320	2	0	0	0
5321	0	0	2	0
5322	0	0	0	2
5323	0	2	0	0
5324	2	0	0	0
5325	0	0	2	0
5326	0	2	0	0
5327	0	2	0	0
5328	0	0	0	2
5329	2	0	0	0
5330	2	0	0	0
5331	1	0	0	0
5332	1	0	0	0
5333	0	2	0	0
5334	0	0	1	1
5335	0	0	2	0
5336	0	2	0	0
5337	0	0	0	2
5338	0	0	0	2
5339	0	0	2	0
5340	0	0	0	2
5341	2	0	0	0
5342	1	1	0	0
5343	0	0	0	2
5344	1	1	0	0
5345	1	1	0	0
5346	1	1	0	0
5347	0	0	0	2
5348	0	0	2	0
5349	0	1	0	1
5350	0	0	0	2
5351	2	0	0	0
5352	0	0	0	2
5353	0	0	0	2
5354	0	0	2	0
5355	0	0	0	1
5356	1	0	0	0
5357	1	0	0	0
5358	1	0	0	0
5359	1	0	0	0
5360	0	0	1	0
5361	1	0	0	0
5362	0	0	0	1
5363	0	0	1	0
5364	0	0	0	1
5365	1	0	0	0
5366	0	0	1	0
5367	0	1	0	0
5368	0	0	0	1
5369	1	0	0	0
5370	0	0	0	1
5371	0	2	0	0
5372	2	0	0	0
5373	0	0	0	2
5374	0	0	0	2
5375	0	0	2	0
5376	0	0	0	2
5377	0	2	0	0
5378	0	0	0	2
5379	2	0	0	0
5380	0	0	2	0
5381	0	0	0	2
5382	0	0	0	2
5383	0	0	0	2
5384	0	0	2	0
5385	0	2	0	0
5386	0	0	0	2
5387	0	0	0	2
5388	0	0	0	2
5389	0	2	0	0
5390	2	0	0	0
5391	0	0	2	0
5392	2	0	0	0
5393	0	2	0	0
5394	1	0	0	0
5395	2	0	0	0
5396	2	0	0	0
5397	2	0	0	0
5398	0	0	2	0
5399	0	0	1	0
5400	0	2	0	0
5401	0	0	0	1
5402	0	0	0	2
5403	2	0	0	0
5404	0	0	2	0
5405	0	0	2	0
5406	0	2	0	0
5407	2	0	0	0
5408	0	0	0	2
5409	0	0	0	2
5410	0	0	0	2
5411	0	2	0	0
5412	0	2	0	0
5413	0	0	0	1
5414	3	0	0	0
5415	0	0	0	3
5416	0	0	2	0
5417	0	0	3	0
5418	0	3	0	0
5419	3	0	0	0
5420	0	0	2	0
5421	0	0	3	0
5422	3	0	0	0
5423	2	0	0	0
5424	0	0	3	0
5425	3	0	0	0
5426	3	0	0	0
5427	0	0	3	0
5428	0	3	0	0
5429	0	0	2	0
5430	0	0	3	0
5431	3	0	0	0
5432	0	0	3	0
5433	3	0	0	0
5434	0	2	0	1
5435	3	0	0	0
5436	0	0	2	0
5437	0	3	0	0
5438	0	0	3	0
5439	3	0	0	0
5440	0	3	0	0
5441	0	0	1	0
5442	1	0	0	0
5443	1	0	0	0
5444	0	0	1	0
5445	0	1	0	0
5446	0	0	1	0
5447	0	1	0	0
5448	0	0	0	1
5449	0	1	0	0
5450	0	2	0	0
5451	0	0	0	2
5452	0	2	0	0
5453	0	2	0	0
5454	2	0	0	0
5455	2	0	0	0
5456	0	0	2	0
5457	0	2	0	0
5458	2	0	0	0
5459	0	0	2	0
5460	0	0	0	2
5461	0	0	2	0
5462	2	0	0	0
5463	0	0	2	0
5464	0	0	3	0
5465	2	0	0	0
5466	0	0	0	2
5467	0	3	0	0
5468	3	0	0	0
5469	0	0	0	3
5470	0	3	0	0
5471	3	0	0	0
5472	3	0	0	0
5473	3	0	0	0
5474	3	0	0	0
5475	0	0	0	3
5476	0	3	0	0
5477	0	0	0	3
5478	0	0	0	3
5479	3	0	0	0
5480	0	0	0	3
5481	3	0	0	0
5482	0	0	0	3
5483	0	3	0	0
5484	3	0	0	0
5485	3	0	0	0
5486	3	0	0	0
5487	0	0	3	0
5488	0	3	0	0
5489	3	0	0	0
5490	0	0	3	0
5491	0	0	0	3
5492	3	0	0	0
5493	3	0	0	0
5494	0	0	3	0
5495	0	0	0	3
5496	3	0	0	0
5497	0	0	0	3
5498	3	0	0	0
5499	0	0	0	3
5500	0	0	3	0
5501	0	0	0	3
5502	3	0	0	0
5503	3	0	0	0
5504	0	0	0	3
5505	0	0	3	0
5506	0	0	0	3
5507	0	1	0	2
5508	3	0	0	0
5509	2	0	0	0
5510	0	0	2	0
5511	0	0	0	2
5512	0	0	0	2
5513	0	0	0	2
5514	0	2	0	0
5515	1	0	0	1
5516	0	0	0	2
5517	2	0	0	0
5518	0	0	2	0
5519	2	0	0	0
5520	2	0	0	0
5521	0	0	2	0
5522	0	0	2	0
5523	2	0	0	0
5524	0	0	2	0
5525	0	0	0	3
5526	3	0	0	0
5527	0	0	3	0
5528	3	0	0	0
5529	0	0	0	3
5530	0	0	0	3
5531	3	0	0	0
5532	0	0	0	3
5533	3	0	0	0
5534	0	0	3	0
5535	3	0	0	0
5536	0	0	1	2
5537	0	0	0	3
5538	3	0	0	0
5539	0	0	4	0
5540	0	0	4	0
5541	4	0	0	0
5542	1	0	3	0
5543	0	0	0	4
5544	4	0	0	0
5545	0	0	3	0
5546	0	0	3	0
5547	3	0	0	0
5548	0	0	3	0
5549	0	3	0	0
5550	3	0	0	0
5551	0	0	0	3
5552	0	0	0	3
5553	0	0	3	0
5554	4	0	0	0
5555	0	0	0	4
5556	4	0	0	0
5557	1	0	3	0
5558	0	0	0	4
5559	4	0	0	0
5560	0	0	4	0
5561	0	4	0	0
5562	4	0	0	0
5563	0	3	0	1
5564	0	0	0	4
5565	4	0	0	0
5566	4	0	0	0
5567	0	0	0	4
5568	0	4	0	0
5569	0	0	0	3
5570	0	0	0	3
5571	3	0	0	0
5572	3	0	0	0
5573	0	3	0	0
5574	4	0	0	0
5575	4	0	0	0
5576	0	0	0	4
5577	4	0	0	0
5578	0	0	4	0
5579	0	0	0	4
5580	0	0	0	4
5581	0	0	5	0
5582	0	0	0	5
5583	0	0	5	0
5584	0	0	0	5
5585	0	0	5	0
5586	0	0	5	0
5587	6	0	0	0
5588	0	2	0	4
5589	0	6	0	0
5590	6	0	0	0
5591	0	0	0	6
5592	6	0	0	0
5593	0	0	6	0
5594	0	4	0	2
5595	6	0	0	0
5596	0	0	0	6
5597	6	0	0	0
5598	0	0	0	6
5599	2	4	0	0
5600	0	0	0	6
5601	6	0	0	0
5602	0	0	6	0
5603	6	0	0	0
5604	6	0	0	0
5605	0	0	0	6
5606	6	0	0	0
5607	0	0	0	6
5608	6	0	0	0
5609	0	0	6	0
5610	2	0	4	0
5611	6	0	0	0
5612	6	0	0	0
5613	6	0	0	0
5614	2	4	0	0
5615	0	0	0	6
5616	2	0	4	0
5617	2	0	0	4
5618	2	0	0	5
5619	7	0	0	0
5620	7	0	0	0
5621	0	0	7	0
5622	7	0	0	0
5623	0	6	0	0
5624	7	0	0	0
5625	7	0	0	0
5626	7	0	0	0
5627	2	0	5	0
5628	0	0	6	0
5629	6	0	0	0
5630	2	0	4	0
5631	6	0	0	0
5632	6	0	0	0
5633	0	0	0	7
5634	7	0	0	0
5635	0	0	7	0
5636	6	0	0	0
5637	0	3	0	4
5638	3	0	0	4
5639	0	0	3	4
5640	0	0	3	4
5641	0	0	0	8
5642	0	0	0	8
5643	8	0	0	0
5644	8	0	0	0
5645	0	0	0	8
5646	0	0	0	8
5647	0	4	3	0
5648	8	0	0	0
5649	8	0	0	0
5650	8	0	0	0
5651	0	0	8	0
5652	8	0	0	0
5653	8	0	0	0
5654	0	0	0	8
5655	0	2	0	6
5656	7	0	1	0
5657	0	0	8	0
5658	2	0	6	0
5659	0	0	8	0
5660	8	0	0	0
5661	6	0	0	0
5662	6	0	0	0
5663	0	0	6	0
5664	6	0	0	0
5665	0	0	6	0
5666	0	6	0	0
5667	6	0	0	0
5668	0	0	6	0
5669	6	0	0	0
5670	6	0	0	0
5671	0	0	6	0
5672	6	0	0	0
5673	0	6	0	0
5674	6	0	0	0
5675	0	0	6	0
5676	0	0	0	6
5677	0	0	6	0
5678	0	0	6	0
5679	0	6	0	0
5680	6	0	0	0
5681	5	0	0	0
5682	0	0	0	5
5683	0	0	5	0
5684	5	0	0	0
5685	0	2	3	0
5686	5	0	0	0
5687	0	0	4	0
5688	0	0	0	4
5689	0	0	4	0
5690	3	0	0	0
5691	0	2	1	0
5692	0	0	3	0
5693	0	0	2	0
5694	0	0	2	0
5695	0	0	2	0
5696	2	0	0	0
5740	0	1	0	0
5741	0	0	0	1
5742	0	0	0	1
5743	0	0	0	1
5744	0	0	0	1
5745	0	0	1	0
5746	0	0	1	0
5747	1	0	0	0
5748	0	0	0	1
5749	0	0	1	0
5750	0	1	0	0
5751	0	0	0	1
5752	1	0	0	0
5753	1	0	0	0
5754	0	0	0	1
5755	0	0	1	0
5756	1	0	0	0
5757	0	0	0	1
5758	0	0	0	1
5759	0	0	0	1
5760	1	0	0	0
5761	0	0	0	1
5762	1	0	0	0
5763	1	0	0	0
5764	0	0	0	1
5765	0	0	1	0
5766	0	0	0	1
5767	0	0	1	0
5768	0	0	0	1
5769	0	0	0	1
5770	0	0	1	0
5771	0	0	1	0
5772	0	0	1	0
5773	1	0	0	0
5774	1	0	0	0
5775	1	0	0	0
5776	0	1	0	0
5777	0	0	0	1
5778	0	0	0	1
5779	0	0	1	0
5780	0	0	0	1
5781	0	0	1	0
5782	0	0	1	0
5783	0	0	1	0
5784	0	0	0	1
5785	0	1	0	0
5786	1	0	0	0
5787	0	1	0	0
5788	1	0	0	0
5789	0	0	1	0
5790	0	0	0	1
5791	0	1	0	0
5792	0	0	0	1
5793	1	0	0	0
5794	0	0	0	1
5795	0	0	0	1
5796	1	0	0	0
5797	0	0	0	1
5798	0	0	1	0
5799	0	0	1	0
5800	0	0	1	0
5801	0	0	1	0
5802	0	0	0	1
5803	1	0	0	0
5804	0	1	0	0
5805	0	1	0	0
5806	0	0	0	1
5807	0	0	1	0
5808	0	0	0	1
5809	0	0	1	0
5810	0	0	0	1
5811	0	0	1	0
5812	0	0	1	0
5813	1	0	0	0
5814	1	0	0	0
5815	1	0	0	0
5816	0	0	1	0
5817	1	0	0	0
5818	1	0	0	0
5819	0	0	1	0
5820	0	1	0	0
5821	0	0	0	1
5822	1	0	0	0
5823	1	0	0	0
5824	1	0	0	0
5825	1	0	0	0
5826	0	1	0	0
5827	0	1	0	0
5828	1	0	0	0
5829	0	1	0	0
5830	0	0	0	1
5831	0	1	0	0
5832	0	0	0	1
5833	1	0	0	0
5834	0	0	0	1
5835	0	0	0	1
5836	0	1	0	0
5837	0	0	0	1
5838	0	0	1	0
5839	0	0	0	1
5840	0	0	1	0
5841	0	1	0	0
5842	1	0	0	0
5843	0	0	0	1
5844	0	1	0	0
5845	1	0	0	0
5846	0	0	1	0
5847	1	0	0	0
5848	0	0	0	1
5849	0	0	1	0
5850	0	1	0	0
5851	0	0	0	1
5852	1	0	0	0
5853	1	0	0	0
5854	1	0	0	0
5855	0	0	1	0
5856	0	1	0	0
5857	1	0	0	0
5858	0	0	0	1
5859	1	0	0	0
5860	0	1	0	0
5861	0	0	1	0
5862	1	0	0	0
5863	0	0	1	0
5864	1	0	0	0
5879	0	0	1	0
5880	0	0	0	1
5881	0	1	0	0
5882	0	0	0	1
5883	0	0	2	0
5884	0	0	2	0
5885	0	0	2	0
5886	0	2	0	0
5887	0	0	0	2
5888	2	0	0	0
5889	0	2	0	0
5890	2	0	0	0
5891	0	2	0	0
5892	2	0	0	0
5893	0	0	0	2
5894	0	0	2	0
5895	0	2	0	0
5896	0	2	0	0
5897	0	0	0	2
5898	0	0	2	0
5899	0	0	0	2
5900	0	0	2	0
5901	0	0	0	2
5902	2	0	0	0
5903	0	2	0	0
5904	0	2	0	0
5905	2	0	0	0
5906	2	0	0	0
5907	0	2	0	0
5908	2	0	0	0
5909	0	0	2	0
5910	2	0	0	0
5911	0	2	0	0
5912	0	2	0	0
5913	0	2	0	0
5914	0	2	0	0
5915	2	0	0	0
5916	2	0	0	0
5917	0	2	0	0
5918	0	2	0	0
5919	0	2	0	0
5920	2	0	0	0
5921	0	2	0	0
5922	2	0	0	0
5923	2	0	0	0
5924	0	0	2	0
5925	2	0	0	0
5926	2	0	0	0
5927	2	0	0	0
5928	0	0	0	2
5929	0	0	2	0
5930	0	0	2	0
5931	0	0	0	2
5932	0	0	0	2
5933	0	0	0	2
5934	0	0	0	2
5935	0	0	2	0
5936	0	0	2	0
5937	0	0	2	0
5938	2	0	0	0
5939	2	0	0	0
5940	2	0	0	0
5941	0	0	0	2
5942	0	0	2	0
5943	0	0	0	2
5944	2	0	0	0
5945	2	0	0	0
5946	0	2	0	0
5947	2	0	0	0
5948	0	0	2	0
5949	2	0	0	0
5950	2	0	0	0
5951	2	0	0	0
5952	2	0	0	0
5953	0	0	0	2
5954	0	0	0	2
5955	0	0	0	2
5956	0	0	0	2
5957	2	0	0	0
5958	2	0	0	0
5959	0	0	0	2
5960	2	0	0	0
5961	0	0	0	2
5962	0	0	2	0
5963	0	0	0	2
5964	0	0	1	0
5965	0	0	2	0
5966	2	0	0	0
5967	2	0	0	0
5968	2	0	0	0
5969	2	0	0	0
5970	2	0	0	0
5971	0	0	0	2
5972	0	0	2	0
5973	2	0	0	0
5974	0	2	0	0
5975	2	0	0	0
5976	0	0	0	1
5977	0	0	1	0
5978	0	0	1	0
5979	0	0	0	1
5980	0	0	1	0
5981	0	0	1	0
5982	1	0	0	0
5983	0	0	0	1
5984	0	1	0	0
5985	1	0	0	0
5986	0	0	1	0
5987	1	0	0	0
5988	0	0	0	1
5989	0	0	1	0
5990	0	1	0	0
5991	1	0	0	0
5992	0	0	0	2
5993	0	0	1	0
5994	0	0	0	0
5995	0	0	1	0
5996	0	0	1	0
5997	1	0	0	0
5998	0	0	0	1
5999	1	0	0	0
6000	0	0	0	1
6001	1	0	0	0
6002	1	0	0	0
6003	0	0	0	1
6004	0	1	0	0
6005	1	0	0	0
6006	0	0	1	0
6007	0	0	0	1
6008	0	0	0	1
6009	0	0	0	1
6010	1	0	0	0
6011	0	0	0	1
6012	0	0	1	0
6013	0	0	1	0
6014	0	0	1	0
6015	1	0	0	0
6016	0	1	0	0
6017	0	1	0	0
6018	1	0	0	0
6019	1	0	0	0
6020	1	0	0	0
6021	0	0	1	0
6022	0	1	0	0
6023	0	0	0	1
6024	0	0	0	1
6025	1	0	0	0
6026	1	0	0	0
6027	1	0	0	0
6028	0	0	1	0
6029	0	1	0	0
6030	0	1	0	0
6031	1	0	0	0
6032	0	0	0	1
6033	0	0	1	0
6034	0	0	0	1
6035	0	0	1	0
6036	0	0	0	1
6037	1	0	0	0
6038	1	0	0	0
6039	1	0	0	0
6040	0	0	1	0
6041	0	1	0	0
6042	0	0	0	1
6043	0	0	1	0
6044	1	0	0	0
6045	0	1	0	0
6046	0	1	0	0
6047	0	1	0	0
6048	0	1	0	0
6049	1	0	0	0
6050	0	1	0	0
6051	0	0	0	1
6052	0	1	0	0
6053	0	0	0	1
6054	0	0	1	0
6055	0	0	0	1
6056	0	0	1	0
6057	0	0	0	1
6058	0	1	0	0
6059	1	0	0	0
6060	0	1	0	0
6061	0	0	0	1
6062	0	0	0	1
6063	0	0	0	1
6064	1	0	0	0
6117	0	0	0	1
6118	0	0	1	0
6119	1	0	0	0
6120	0	1	0	0
6121	0	0	1	0
6122	1	0	0	0
6123	1	0	0	0
6124	1	0	0	0
6125	0	0	0	1
6126	1	0	0	0
6127	1	0	0	0
6128	0	0	1	0
6129	1	0	0	0
6130	1	0	0	0
6131	1	0	0	0
6132	0	0	0	1
6133	0	0	0	1
6134	0	0	1	0
6135	0	2	0	0
6136	0	0	0	2
6137	0	2	0	0
6138	0	0	0	2
6139	0	0	0	2
6140	0	0	0	2
6141	0	2	0	0
6142	2	0	0	0
6143	2	0	0	0
6144	0	0	0	2
6145	2	0	0	0
6146	0	2	0	0
6147	2	0	0	0
6148	2	0	0	0
6149	0	2	0	0
6150	0	2	0	0
6151	2	0	0	0
6152	0	2	0	0
6153	2	0	0	0
6154	0	0	2	0
6155	1	0	0	0
6156	1	0	0	0
6157	0	0	0	1
6158	0	0	0	1
6159	1	0	0	0
6160	1	0	0	0
6161	0	0	1	0
6162	1	0	0	0
6163	0	0	1	0
6164	1	0	0	0
6165	0	0	0	1
6166	1	0	0	0
6167	1	0	0	0
6168	0	0	1	0
6169	1	0	0	0
6170	1	0	0	0
6171	1	0	0	0
6172	0	1	0	0
6173	1	0	0	0
6174	0	0	1	0
6175	0	1	0	0
6176	1	0	0	0
6177	1	0	0	0
6178	0	0	1	0
6179	0	0	0	1
6180	0	0	1	0
6181	0	0	0	1
6182	1	0	0	0
6183	0	0	0	1
6184	0	0	1	0
6185	0	1	0	0
6186	1	0	0	0
6187	0	1	0	0
6188	0	0	0	1
6189	0	0	0	1
6190	0	0	0	1
6191	0	0	0	1
6192	0	0	0	1
6193	0	0	0	1
6194	1	0	0	0
6195	0	0	0	1
6196	1	0	0	0
6268	1	0	0	0
6269	0	1	0	0
6270	0	1	0	0
6271	1	0	0	0
6272	0	0	0	1
6273	1	0	0	0
6274	1	0	0	0
6275	0	1	0	0
6276	1	0	0	0
6277	0	1	0	0
6278	1	0	0	0
6279	1	0	0	0
6280	0	0	1	0
6281	0	1	0	0
6282	0	1	0	0
6283	0	0	0	1
6284	0	0	1	0
6285	0	0	0	1
6286	0	1	0	0
6287	0	1	0	0
6288	1	0	0	0
6289	1	0	0	0
6290	1	0	0	0
6291	0	0	1	0
6292	0	0	1	0
6293	0	0	0	1
6294	0	1	0	0
6295	0	0	0	1
6296	0	1	0	0
6297	0	0	0	1
6298	0	0	0	1
6299	0	0	0	1
6300	0	0	0	1
6301	0	0	1	0
6302	1	0	0	0
6303	0	1	0	0
6304	0	1	0	0
6305	0	1	0	0
6306	1	0	0	0
6307	1	0	0	0
6308	0	0	0	1
6309	0	0	0	1
6310	0	1	0	0
6311	0	1	0	0
6312	0	0	0	1
6313	1	0	0	0
6314	0	0	0	1
6315	1	0	0	0
6316	0	1	0	0
6317	1	0	0	0
6318	0	0	0	0
6319	0	0	0	1
6320	1	0	0	0
6321	0	0	0	1
6322	0	0	0	1
6323	0	0	1	0
6324	0	0	0	1
6325	0	0	1	0
6326	0	1	0	0
6327	0	0	0	1
6328	0	1	0	0
6329	0	1	0	0
6330	1	0	0	0
6331	0	0	1	0
6332	0	1	0	0
6333	0	0	0	1
6334	0	0	1	0
6335	0	0	1	0
6336	0	0	0	1
6337	0	0	0	1
6338	1	0	0	0
6339	0	0	0	1
6340	0	0	1	0
6341	0	0	0	0
6342	0	0	1	0
6343	1	0	0	0
6344	0	0	0	1
6345	0	0	0	1
6346	0	1	0	0
6347	0	0	0	1
6348	1	0	0	0
6349	1	0	0	0
6350	1	0	0	0
6351	0	0	1	0
6352	0	0	0	1
6353	0	0	1	0
6354	0	0	0	1
6355	1	0	0	0
6356	1	0	0	0
6357	0	0	0	1
6358	1	0	0	0
6359	1	0	0	0
6360	0	0	0	1
6361	1	0	0	0
6362	1	0	0	0
6363	0	0	1	0
6364	1	0	0	0
6365	0	1	0	0
6366	1	0	0	0
6367	0	0	0	1
6368	0	0	0	1
6369	0	1	0	0
6370	1	0	0	0
6371	1	0	0	0
6372	0	0	0	2
6373	0	0	2	0
6374	0	0	2	0
6375	1	1	0	0
6376	1	0	0	0
6377	0	2	0	0
6378	2	0	0	0
6379	0	0	2	0
6380	0	0	2	0
6381	2	0	0	0
6382	0	2	0	0
6383	0	2	0	0
6384	2	0	0	0
6385	0	0	0	2
6386	0	0	2	0
6387	0	1	0	1
6388	2	0	0	0
6389	1	0	0	0
6390	1	0	0	1
6391	2	0	0	0
6392	2	0	0	0
6393	0	0	0	3
6394	0	0	4	0
6395	0	0	0	4
6396	0	4	0	0
6397	4	0	0	0
6398	0	0	4	0
6399	0	4	0	0
6400	4	0	0	0
6401	0	4	0	0
6402	4	0	0	0
6403	0	0	4	0
6404	0	0	0	4
6405	4	0	0	0
6406	0	4	0	0
6407	4	0	0	0
6408	4	0	0	0
6409	0	0	0	4
6410	0	0	4	0
6411	0	0	0	4
6412	4	0	0	0
6413	0	4	0	0
6414	4	0	0	0
6415	0	4	0	0
6416	4	0	0	0
6417	0	0	0	4
6418	0	0	4	0
6419	0	0	4	0
6420	4	0	0	0
6421	4	0	0	0
6422	0	0	0	4
6423	0	0	0	4
6424	4	0	0	0
6425	4	0	0	0
6426	0	0	4	0
6427	0	4	0	0
6428	0	5	0	0
6429	5	0	0	0
6430	0	0	5	0
6431	0	0	0	5
6432	1	0	4	0
6433	0	0	5	0
6434	0	0	0	5
6435	4	0	0	1
6436	0	0	0	5
6437	0	5	0	0
6438	5	0	0	0
6439	5	0	0	0
6440	0	5	0	0
6441	0	4	0	1
6442	0	5	0	0
6443	5	0	0	0
6444	5	0	0	0
6445	0	5	0	0
6446	0	0	0	5
6447	5	0	0	0
6448	0	4	0	1
6449	0	0	0	5
6450	0	0	5	0
6451	0	0	0	5
6452	0	0	0	5
6453	5	0	0	0
6454	5	0	0	0
6455	5	0	0	0
6456	0	0	0	5
6457	0	0	5	0
6458	0	0	5	0
6459	0	0	0	5
6460	5	0	0	0
6461	0	0	5	0
6462	0	5	0	0
6463	0	3	0	0
6464	0	0	0	3
6465	3	0	0	0
6466	0	0	2	0
6467	0	2	0	0
6468	1	0	0	0
6469	0	0	1	0
6470	0	0	0	0
6471	1	0	0	0
6472	0	0	1	0
6473	1	0	0	0
6474	1	0	0	0
6475	0	0	1	0
6476	1	0	0	0
6477	0	0	0	1
6478	1	0	0	0
6479	0	0	0	1
6480	1	0	0	0
6481	0	0	1	0
6482	0	0	0	1
6483	0	0	0	1
6484	1	0	0	0
6485	0	0	0	1
6486	0	0	0	1
6487	1	0	0	0
6488	0	0	1	0
6489	1	0	0	0
6490	0	0	0	1
6491	0	1	0	0
6492	0	0	0	1
6493	0	0	1	0
6494	1	0	0	0
6495	1	0	0	0
6496	1	0	0	0
6497	1	0	0	0
6498	0	0	0	1
6499	0	1	0	0
6533	0	0	0	1
6534	0	0	0	1
6535	1	0	0	0
6536	1	0	0	0
6537	0	0	0	1
6538	1	0	0	0
6539	1	0	0	0
6540	1	0	0	0
6541	0	0	0	1
6542	0	1	0	0
6543	0	0	0	1
6544	0	0	1	0
6545	0	0	0	1
6546	1	0	0	0
6547	0	0	1	0
6548	1	0	0	0
6549	1	0	0	0
6550	1	0	0	0
6551	0	0	0	1
6552	0	0	0	1
6553	0	0	1	0
6554	0	0	0	1
6555	0	0	1	0
6556	0	0	0	1
6557	0	0	1	0
6558	0	0	0	1
6559	1	0	0	0
6560	0	0	0	1
6561	1	0	0	0
6562	2	0	0	0
6563	0	0	2	0
6564	2	0	0	0
6565	0	2	0	0
6566	0	2	0	0
6567	0	1	0	0
6568	2	0	0	0
6569	2	0	0	0
6570	0	2	0	0
6571	2	0	0	0
6572	2	0	0	0
6573	0	0	0	2
6574	2	0	0	0
6575	2	0	0	0
6576	0	0	0	2
6577	2	0	0	0
6578	0	2	0	0
6579	2	0	0	0
6580	2	0	0	0
6581	0	0	2	0
6582	0	0	2	0
6583	2	0	0	0
6584	2	0	0	0
6585	1	0	0	0
6586	2	0	0	0
6587	0	0	2	0
6588	0	2	0	0
6589	2	0	0	0
6590	0	0	0	2
6591	2	0	0	0
6592	2	0	0	0
6593	0	0	2	0
6594	0	0	2	0
6595	2	0	0	0
6596	0	0	0	2
6597	2	0	0	0
6598	0	0	2	0
6599	0	0	2	0
6600	2	0	0	0
6601	0	2	0	0
6602	0	2	0	0
6603	2	0	0	0
6604	0	0	2	0
6605	0	0	2	0
6606	1	0	1	0
6607	0	2	0	0
6608	2	0	0	0
6609	2	0	0	0
6610	1	0	1	0
6611	0	2	0	0
6612	2	0	0	0
6613	0	0	1	1
6614	0	0	0	2
6615	0	2	0	0
6616	0	0	0	2
6617	2	0	0	0
6618	0	0	0	2
6619	0	0	2	0
6620	0	2	0	0
6621	2	0	0	0
6622	2	0	0	0
6623	0	2	0	0
6624	2	0	0	0
6625	0	0	1	0
6626	0	0	1	0
6627	1	0	0	0
6628	0	0	1	0
6629	1	0	0	0
6630	0	1	0	0
6631	2	0	0	0
6632	0	0	0	2
6633	2	0	0	0
6634	2	0	0	0
6635	0	0	0	2
6636	2	0	0	0
6637	0	0	2	0
6638	0	0	2	0
6639	2	0	0	0
6640	0	0	2	0
6641	2	0	0	0
6642	0	0	0	2
6643	2	0	0	0
6644	0	0	0	2
6645	2	0	0	0
6646	2	0	0	0
6647	0	0	2	0
6648	2	0	0	0
6649	1	1	0	0
6650	2	0	0	0
6651	1	0	1	0
6652	0	0	2	0
6653	0	2	0	0
6654	2	0	0	0
6655	0	1	0	1
6656	2	0	0	0
6657	0	0	0	2
6658	0	0	0	2
6659	0	0	2	0
6660	0	1	0	1
6661	2	0	0	0
6662	2	0	0	0
6663	0	2	0	0
6664	2	0	0	0
6665	0	0	0	2
6666	0	0	0	2
6667	2	0	0	0
6668	0	0	2	0
6669	0	0	0	2
6670	0	0	1	0
6671	1	0	0	0
6672	1	0	0	0
6673	1	0	0	0
6674	0	0	0	1
6675	0	0	0	1
6676	1	0	0	0
6677	1	0	0	0
6678	1	0	0	0
6679	0	0	0	1
6763	0	0	1	0
6764	0	0	1	0
6765	0	0	0	0
6766	0	0	1	0
6767	1	0	0	0
6768	0	0	0	1
6769	0	1	0	0
6770	0	0	0	1
6771	1	0	0	0
6772	0	0	1	0
6773	1	0	0	0
6774	1	0	0	0
6775	0	0	1	0
6776	0	0	0	1
6777	0	0	0	1
6778	1	0	0	0
6779	0	1	0	0
6780	2	0	0	0
6781	4	0	0	0
6782	0	5	0	0
6783	6	0	0	0
6784	0	6	0	0
6785	6	0	0	0
6786	0	0	0	6
6787	6	0	0	0
6788	0	0	6	0
6789	0	0	0	6
6790	0	0	0	5
6791	0	0	0	6
6792	0	0	0	6
6793	6	0	0	0
6794	7	0	0	0
6795	0	0	0	7
6796	0	0	0	7
6797	0	0	7	0
6798	0	1	0	5
6799	7	0	0	0
6800	0	0	7	0
6801	6	0	0	0
6802	0	0	7	0
6803	0	0	7	0
6804	7	0	0	0
6805	0	0	7	0
6806	7	0	0	0
6807	7	0	0	0
6808	0	0	0	7
6809	0	0	0	7
6810	0	0	0	7
6811	0	0	0	7
6812	0	0	0	7
6813	0	7	0	0
6814	0	0	0	7
6815	7	0	0	0
6816	0	0	0	7
6817	0	0	0	7
6818	0	0	7	0
6819	0	7	0	0
6820	6	0	0	0
6821	7	0	0	0
6822	0	1	0	6
6823	7	0	0	0
6824	0	7	0	0
6825	7	0	0	0
6826	2	0	0	0
6827	0	2	0	0
6828	2	0	0	0
6829	1	0	1	0
6830	0	0	2	0
6831	1	0	1	0
6832	0	2	0	0
6833	0	0	0	2
6834	0	0	2	0
6835	0	0	0	2
6836	0	0	0	2
6837	0	2	0	0
6838	2	0	0	0
6839	2	0	0	0
6840	0	0	0	2
6841	0	0	0	0
6842	0	0	1	0
6843	0	0	0	0
6844	1	0	0	0
6845	0	1	0	0
6846	1	0	0	0
6847	0	0	1	0
6848	0	0	0	1
6849	0	0	1	0
6850	1	0	0	0
6851	1	0	0	0
6852	0	0	0	0
6853	1	0	0	0
6854	0	1	0	0
6855	0	1	0	0
6856	1	0	0	0
6857	1	0	0	0
6858	0	0	1	0
6859	1	0	0	0
6860	0	1	0	0
6861	0	1	0	0
6862	1	0	0	0
6863	1	0	0	0
6864	0	0	0	1
6865	0	0	1	0
6866	0	0	1	0
6867	0	0	0	1
6868	0	0	0	1
6869	0	1	0	0
6870	1	0	0	0
6871	1	0	0	0
6872	0	1	0	0
6873	0	1	0	0
6874	1	0	0	0
6875	1	0	0	0
6876	0	0	0	1
6877	0	0	1	0
6878	1	0	0	0
6879	0	0	1	0
6880	0	0	0	0
6881	0	1	0	0
6882	1	0	0	0
6883	3	0	0	0
6884	0	0	0	3
6885	0	3	0	0
6886	3	0	0	0
6887	0	2	0	1
6888	3	0	0	0
6889	0	3	0	0
6890	0	0	0	3
6891	0	3	0	0
6892	0	3	0	0
6893	0	3	0	0
6894	3	0	0	0
6895	0	0	0	3
6896	0	0	3	0
6897	0	3	0	0
6898	3	0	0	0
6899	3	0	0	0
6900	3	0	0	0
6901	3	0	0	0
6902	0	0	0	3
6903	3	0	0	0
6904	3	0	0	0
6905	3	0	0	0
6906	0	0	3	0
6907	0	2	0	0
6908	3	0	0	0
6909	3	0	0	0
6910	3	0	0	0
6911	0	0	0	3
6912	0	0	0	3
6913	3	0	0	0
6914	0	0	0	3
6915	3	0	0	0
6916	3	0	0	0
6917	3	0	0	0
6918	0	3	0	0
6919	3	0	0	0
6920	0	0	0	3
6921	0	0	3	0
6922	0	0	0	3
6923	1	0	2	0
6924	0	0	3	0
6925	0	3	0	0
6926	3	0	0	0
6927	0	0	2	0
6950	0	1	0	0
6951	0	2	0	0
6952	0	2	0	0
6953	0	2	0	0
6954	0	0	0	2
6955	0	2	0	0
6956	0	2	0	0
6957	0	2	0	0
6958	2	0	0	0
6959	0	0	0	2
6960	0	0	0	2
6961	0	0	2	0
6962	0	2	0	0
6963	3	0	0	0
6964	0	0	3	0
6965	0	0	3	0
6966	3	0	0	0
6967	3	0	0	0
6968	3	0	0	0
6969	0	3	0	0
6970	4	0	0	0
6971	0	0	0	4
6972	4	0	0	0
6973	4	0	0	0
6974	2	2	0	0
6975	3	1	0	0
6976	0	0	0	4
6977	0	0	4	0
6978	0	3	0	1
6979	4	0	0	0
6980	3	0	1	0
6981	1	0	0	3
6982	0	0	0	5
6983	0	5	0	0
6984	5	0	0	0
6985	5	0	0	0
6986	5	0	0	0
6987	0	1	0	4
6988	5	0	0	0
6989	0	0	0	5
6990	0	5	0	0
6991	5	0	0	0
6992	0	5	0	0
6993	5	0	0	0
6994	0	0	5	0
6995	0	0	5	0
6996	5	0	0	0
6997	0	5	0	0
6998	0	0	0	4
6999	5	0	0	0
7000	0	1	0	4
7001	0	0	0	5
7002	5	0	0	0
7003	0	0	0	5
7004	0	0	0	5
7005	0	0	5	0
7006	1	0	4	0
7007	0	1	0	4
7008	5	0	0	0
7009	0	5	0	0
7010	0	0	5	0
7011	0	0	0	5
7012	0	0	5	0
7013	5	0	0	0
7014	0	0	0	4
7015	0	0	5	0
7016	0	0	5	0
7017	5	0	0	0
7018	0	0	5	0
7019	0	0	5	0
7020	4	0	0	0
7021	1	0	0	0
7022	1	0	0	0
7039	0	0	3	0
7040	3	0	0	0
7041	0	0	3	0
7042	3	0	0	0
7043	0	2	0	1
7044	3	0	0	0
7045	0	0	0	3
7046	0	0	0	3
7047	0	3	0	0
7048	3	0	0	0
7049	0	0	3	0
7050	3	0	0	0
7051	0	3	0	0
7052	0	3	0	0
7053	0	0	2	1
7054	0	0	3	0
7055	0	0	3	0
7056	3	0	0	0
7057	0	0	3	0
7058	0	0	4	0
7059	4	0	0	0
7060	0	0	4	0
7061	0	0	3	0
7062	4	0	0	0
7063	4	0	0	0
7064	4	0	0	0
7065	0	0	0	4
7066	4	0	0	0
7067	0	0	0	4
7068	0	0	4	0
7069	4	0	0	0
7070	3	0	0	0
7071	0	0	4	0
7072	0	0	4	0
7073	4	0	0	0
7074	0	1	0	3
7075	5	0	0	0
7076	5	0	0	0
7077	0	0	0	5
7078	0	0	0	5
7079	0	0	5	0
7080	0	0	5	0
7081	5	0	0	0
7082	0	0	5	0
7083	5	0	0	0
7084	5	0	0	0
7085	1	0	4	0
7086	0	0	0	5
7087	0	0	5	0
7088	5	0	0	0
7089	5	0	0	0
7090	0	0	0	5
7091	0	0	0	5
7092	6	0	0	0
7093	0	0	0	6
7094	6	0	0	0
7095	0	6	0	0
7096	6	0	0	0
7097	6	0	0	0
7098	6	0	0	0
7099	0	0	0	6
7100	6	0	0	0
7101	0	0	0	6
7102	6	0	0	0
7103	6	0	0	0
7104	6	0	0	0
7105	0	0	6	0
7106	0	0	0	6
7107	0	0	6	0
7108	0	0	6	0
7109	0	0	0	6
7110	6	0	0	0
7111	0	0	6	0
7112	6	0	0	0
7113	6	0	0	0
7114	5	0	1	0
7115	0	0	0	6
7116	0	0	0	6
7117	6	0	0	0
7118	6	0	0	0
7119	1	0	5	0
7120	0	6	0	0
7121	0	6	0	0
7122	6	0	0	0
7123	0	0	0	6
7124	0	0	0	6
7125	0	0	6	0
7126	0	0	5	0
7127	0	0	6	0
7128	6	0	0	0
7129	5	0	0	1
7130	0	0	0	5
7131	5	0	0	0
7132	0	0	5	0
7133	0	5	0	0
7134	5	0	0	0
7135	0	5	0	0
7136	0	5	0	0
7137	0	5	0	0
7138	4	0	0	0
7139	0	5	0	0
7140	0	4	0	0
7141	0	0	4	0
7142	4	0	0	0
7143	1	0	3	0
7144	0	0	4	0
7145	0	4	0	0
7146	4	0	0	0
7147	4	0	0	0
7148	2	1	0	0
7149	3	0	0	0
7150	3	0	0	0
7151	0	0	3	0
7152	0	0	2	0
7153	2	0	0	0
7154	0	0	2	0
7155	2	0	0	0
7156	0	0	2	0
7157	0	0	0	1
7158	0	0	1	0
7159	0	0	1	0
7160	0	0	0	1
7161	1	0	0	0
7162	0	0	1	0
7163	1	0	0	0
7164	0	0	1	0
7165	1	0	0	0
7330	0	1	0	0
7331	1	0	0	0
7332	0	0	1	0
7333	0	1	0	0
7334	1	0	0	0
7335	0	0	0	1
7336	0	0	0	0
7337	0	0	0	1
7338	0	0	1	0
7339	0	0	0	1
7340	0	0	0	1
7341	0	0	1	0
7342	0	1	0	0
7343	1	0	0	0
7344	2	0	0	0
7345	0	2	0	0
7346	0	0	0	2
7347	0	2	0	0
7348	2	0	0	0
7349	0	2	0	0
7350	0	0	2	0
7351	0	0	2	0
7352	0	0	0	2
7353	0	2	0	0
7354	0	0	0	2
7355	0	0	2	0
7356	0	0	2	0
7357	0	0	2	0
7358	0	0	2	0
7359	0	2	0	0
7360	2	0	0	0
7361	0	0	0	1
7362	0	0	0	2
7363	2	0	0	0
7364	2	0	0	0
7365	0	0	2	0
7366	0	2	0	0
7367	2	0	0	0
7368	0	0	2	0
7369	0	2	0	0
7370	0	0	0	2
7371	0	2	0	0
7372	0	2	0	0
7373	2	0	0	0
7374	0	0	2	0
7375	0	0	2	0
7376	0	2	0	0
7377	2	0	0	0
7378	2	0	0	0
7379	0	0	2	0
7380	2	0	0	0
7381	0	0	2	0
7382	0	0	0	2
7383	0	2	0	0
7384	0	2	0	0
7385	0	0	0	2
7386	0	0	2	0
7387	0	0	2	0
7388	0	2	0	0
7389	0	0	0	2
7390	2	0	0	0
7391	0	0	0	2
7392	2	0	0	0
7393	0	0	2	0
7394	2	0	0	0
7395	2	0	0	0
7396	2	0	0	0
7397	0	0	2	0
7398	2	0	0	0
7399	0	0	0	2
7400	2	0	0	0
7401	0	2	0	0
7402	0	1	0	0
7403	0	0	0	1
7404	1	0	0	0
7405	1	0	0	0
7406	1	0	0	0
7407	0	0	1	0
7408	0	0	1	0
7409	1	0	0	0
7410	0	0	0	1
7411	0	1	0	0
7412	1	0	0	0
7413	1	0	0	0
7414	0	1	0	0
7415	1	0	0	0
7416	0	0	1	0
7440	0	0	0	1
7441	0	0	1	0
7442	0	0	1	0
7443	1	0	0	0
7444	1	0	0	0
7445	1	0	0	0
7446	1	0	0	0
7447	0	1	0	0
7448	1	0	0	0
7449	0	1	0	0
7450	1	0	0	0
7451	0	0	0	1
7452	0	1	0	0
7453	0	0	0	1
7454	0	0	1	0
7455	0	1	0	0
7456	3	0	0	0
7457	0	3	0	0
7458	0	3	0	0
7459	3	0	0	0
7460	0	3	0	0
7461	0	0	0	3
7462	3	0	0	0
7463	3	0	0	0
7464	0	0	0	3
7465	0	0	3	0
7466	0	0	0	3
7467	0	0	3	0
7468	0	3	0	0
7469	0	3	0	0
7470	0	0	0	3
7471	0	0	0	4
7472	0	0	4	0
7473	0	0	4	0
7474	4	0	0	0
7475	4	0	0	0
7476	0	4	0	0
7477	0	0	0	4
7478	0	4	0	0
7479	0	4	0	0
7480	4	0	0	0
7481	0	0	4	0
7482	0	0	0	4
7483	0	0	0	4
7484	0	0	4	0
7485	0	0	4	0
7486	4	0	0	0
7487	0	0	4	0
7488	0	0	0	4
7489	4	0	0	0
7490	4	0	0	0
7491	0	0	0	4
7492	4	0	0	0
7493	4	0	0	0
7494	4	0	0	0
7495	4	0	0	0
7496	0	4	0	0
7497	0	4	0	0
7498	0	4	0	0
7499	4	0	0	0
7500	4	0	0	0
7501	0	0	1	4
7502	0	4	0	0
7503	5	0	0	0
7504	0	0	5	0
7505	5	0	0	0
7506	0	0	5	0
7507	5	0	0	0
7508	0	0	0	4
7509	0	0	0	5
7510	0	0	0	5
7511	0	0	5	0
7512	0	0	5	0
7513	1	0	4	0
7514	5	0	0	0
7515	0	0	0	5
7516	5	0	0	0
7517	5	0	0	0
7518	0	5	0	0
7519	5	0	0	0
7520	0	0	0	5
7521	0	0	5	0
7522	5	0	0	0
7523	0	5	0	0
7524	0	5	0	0
7525	0	0	0	6
7526	0	0	5	0
7527	0	0	5	0
7528	5	0	0	0
7529	0	0	0	5
7530	0	0	5	0
7531	0	5	0	0
7532	4	0	0	0
7533	0	0	4	0
7534	0	0	1	3
7535	0	0	4	0
7536	0	0	4	0
7537	0	0	4	0
7538	4	0	0	0
7539	0	0	0	4
7540	4	0	0	0
7541	0	0	4	0
7542	0	0	2	0
7543	0	0	2	0
7544	2	0	0	0
7545	2	0	0	0
7546	2	0	0	0
7547	0	0	0	2
7548	0	0	0	2
7549	2	0	0	0
7550	0	0	2	0
7551	0	0	0	2
7552	2	0	0	0
7553	2	0	0	0
7554	0	0	0	2
7555	0	0	0	2
7556	2	0	0	0
7557	0	0	0	2
7558	2	0	0	0
7559	0	2	0	0
7560	2	0	0	0
7561	0	0	0	2
7562	2	0	0	0
7563	0	2	0	0
7564	2	0	0	0
7565	0	2	0	0
7566	2	0	0	0
7567	2	0	0	0
7568	0	0	0	2
7569	2	0	0	0
7570	0	0	0	2
7571	2	0	0	0
7572	0	2	0	0
7573	2	0	0	0
7574	1	0	1	0
7575	0	2	0	0
7576	0	0	0	2
7577	0	0	0	2
7578	0	0	2	0
7579	0	2	0	0
7580	0	0	0	2
7581	0	0	0	2
7582	0	0	2	0
7583	2	0	0	0
7584	2	0	0	0
7585	2	0	0	0
7586	2	0	0	0
7587	2	0	0	0
7588	0	0	0	2
7589	0	2	0	0
7590	0	0	2	0
7591	0	2	0	0
7592	2	0	0	0
7593	1	0	1	0
7594	2	0	0	0
7595	2	0	0	0
7596	0	2	0	0
7597	0	2	0	0
7598	1	0	0	0
7599	0	0	1	0
7600	0	1	0	0
7601	1	0	0	0
7602	0	0	1	0
7603	0	0	1	0
7604	1	0	0	0
7605	1	0	0	0
7606	0	1	0	0
7607	1	0	0	0
7608	2	0	0	0
7609	1	0	0	0
7610	2	0	0	0
7611	0	0	0	2
7612	0	0	2	0
7613	1	0	0	0
7614	2	0	0	0
7615	2	0	0	0
7616	2	0	0	0
7617	0	0	2	0
7618	0	0	2	0
7619	2	0	0	0
7620	0	0	0	2
7621	0	0	0	2
7622	0	0	0	2
7623	2	0	0	0
7624	0	0	0	2
7625	0	0	0	2
7626	2	0	0	0
7627	0	0	2	0
7628	0	2	0	0
7629	2	0	0	0
7630	0	1	0	0
7631	0	0	0	1
7632	0	0	1	0
7633	0	0	1	0
7634	1	0	0	0
7635	0	1	0	0
7636	1	0	0	0
7637	0	0	1	0
7638	0	0	0	1
7639	0	0	0	1
7640	0	0	1	0
7641	0	0	1	0
7642	1	0	0	0
7643	1	0	0	0
7644	1	0	0	0
7645	1	0	0	0
7646	1	0	0	0
7647	0	0	0	1
7648	0	1	0	0
7649	0	0	0	1
7650	0	0	1	0
7651	0	0	0	1
7652	0	0	1	0
7653	0	0	1	0
7654	1	0	0	0
7655	0	0	1	0
7656	0	0	0	1
7657	0	0	0	1
7658	0	0	1	0
7659	0	0	1	0
7660	0	0	0	1
7661	0	0	0	1
7662	0	0	0	1
7663	0	0	2	0
7664	2	0	0	0
7665	0	2	0	0
7666	2	0	0	0
7667	0	0	0	2
7668	2	0	0	0
7669	0	0	0	2
7670	0	2	0	0
7671	2	0	0	0
7672	2	0	0	0
7673	2	0	0	0
7674	0	1	0	1
7675	0	0	0	2
7676	0	0	2	0
7677	0	0	2	0
7678	0	2	0	0
7679	0	0	0	2
7680	0	0	1	0
7681	0	0	0	1
7682	0	0	1	0
7683	0	0	1	0
7684	0	0	0	1
7685	1	0	0	0
7686	0	0	0	1
7687	1	0	0	0
7688	0	0	0	1
7689	1	0	0	0
7690	1	0	0	0
7691	1	0	0	0
7692	1	0	0	0
7693	0	1	0	0
7694	0	0	0	1
7695	1	0	0	0
7696	0	0	0	1
7697	0	0	0	1
7698	0	1	0	0
7699	1	0	0	0
7700	0	0	0	1
7701	1	0	0	0
7702	1	0	0	0
7703	0	0	0	1
7704	0	0	1	0
7705	1	0	0	0
7706	0	0	0	1
7707	1	0	0	0
7708	0	0	1	0
7709	0	0	0	1
7710	1	0	0	0
7711	0	0	1	0
7712	0	0	1	0
7713	1	0	0	0
7714	0	0	1	0
7715	0	0	1	0
7716	0	1	0	0
7717	0	0	0	1
7718	0	0	0	1
7719	0	0	1	0
7720	1	0	0	0
7721	0	0	0	1
7722	1	0	0	0
7723	0	0	1	0
7724	0	0	1	0
7725	0	0	0	1
7726	0	0	0	1
7727	0	0	0	1
7728	1	0	0	0
7729	1	0	0	0
7730	0	0	1	0
7731	1	0	0	0
7732	1	0	0	0
7733	0	0	0	1
7734	1	0	0	0
7759	1	0	0	0
7760	1	0	0	0
7761	0	0	0	1
7762	1	0	0	0
7763	0	0	1	0
7764	1	0	0	0
7765	0	0	1	0
7766	0	0	0	1
7767	0	0	0	1
7768	1	0	0	0
7769	0	0	1	0
7770	0	0	1	0
7771	0	1	0	0
7772	1	0	0	0
7773	0	0	2	0
7774	0	0	2	0
7775	0	0	1	0
7776	3	0	0	0
7777	0	0	0	4
7778	4	0	0	0
7779	0	4	0	0
7780	0	0	0	4
7781	0	4	0	0
7782	4	0	0	0
7783	0	4	0	0
7784	0	4	0	0
7785	0	0	0	4
7786	0	0	0	4
7787	0	0	0	4
7788	0	0	4	0
7789	0	0	0	4
7790	0	4	0	0
7791	0	0	4	0
7792	0	0	0	4
7793	0	0	0	4
7794	0	0	0	4
7795	0	4	0	0
7796	4	0	0	0
7797	0	0	4	0
7798	4	0	0	0
7799	0	4	0	0
7800	0	4	0	0
7801	0	4	0	0
7802	0	0	0	4
7803	0	0	0	4
7804	4	0	0	0
7805	0	1	0	3
7806	0	4	0	0
7807	0	4	0	0
7808	0	4	0	0
7809	4	0	0	0
7810	4	0	0	0
7811	4	0	0	0
7812	0	4	0	0
7813	0	4	0	0
7814	0	4	0	0
7815	0	0	4	0
7816	4	0	0	0
7817	0	0	4	0
7818	0	0	4	0
7819	0	0	4	0
7820	0	0	4	0
7821	4	0	0	0
7822	0	4	0	0
7823	0	4	0	0
7824	0	4	0	0
7825	0	0	4	0
7826	4	0	0	0
7827	0	4	0	0
7828	4	0	0	0
7829	0	0	3	0
7830	0	0	4	0
7831	0	4	0	0
7832	0	3	0	0
7833	0	3	0	0
7834	0	0	3	0
7835	0	0	3	0
7836	3	0	0	0
7837	0	0	3	0
7838	3	0	0	0
7839	3	0	0	0
7840	3	0	0	0
7841	0	0	0	3
7842	0	3	0	0
7843	0	0	3	0
7844	3	0	0	0
7845	2	1	0	0
7846	0	1	2	0
7847	3	0	0	0
7848	2	0	0	0
7849	0	0	2	0
7894	0	0	1	0
7895	0	0	1	0
7896	1	0	0	0
7897	0	0	0	1
7898	0	0	0	1
7899	0	1	0	0
7900	0	0	0	1
7901	0	0	0	1
7902	1	0	0	0
7903	0	0	1	0
7904	0	1	0	0
7905	1	0	0	0
7906	0	1	0	0
7907	0	0	0	1
7908	0	0	0	1
7909	0	0	1	0
7910	0	1	0	0
7911	0	1	0	0
7912	0	0	0	1
7913	0	0	1	0
7914	0	0	1	0
7915	0	0	1	0
7916	1	0	0	0
7917	0	1	0	0
7918	0	0	1	0
7919	1	0	0	0
7920	0	0	0	1
7921	0	1	0	0
7922	0	0	0	1
7923	1	0	0	0
7924	0	1	0	0
7925	0	0	1	0
7926	0	0	1	0
7927	1	0	0	0
7928	0	0	1	0
7929	0	1	0	0
7930	0	1	0	0
7931	0	0	0	1
7932	0	0	1	0
7933	0	0	0	1
7934	0	0	1	0
7935	0	1	0	0
7936	0	1	0	0
7937	0	0	0	1
7938	0	1	0	0
7939	0	0	0	1
7940	0	0	0	1
7941	0	1	0	0
7942	1	0	0	0
7943	0	0	1	0
7944	0	1	0	0
7945	0	0	0	1
7946	1	0	0	0
7947	0	1	0	0
7948	0	2	0	0
7949	1	0	0	0
7950	0	1	0	0
7951	0	1	0	0
7952	0	0	1	0
7953	1	0	0	0
7954	0	0	0	1
7955	0	0	0	1
7956	0	0	1	0
7957	1	0	0	0
7958	0	0	1	0
7959	1	0	0	0
7960	0	0	1	0
7961	1	0	0	0
7962	0	1	0	0
7963	0	0	0	1
7964	0	0	0	1
7965	0	1	0	0
7966	1	0	0	0
7967	0	0	0	1
7968	1	0	0	0
7969	0	0	0	1
7970	0	0	0	1
7971	1	0	0	0
7972	1	0	0	0
7973	0	0	0	1
7974	0	0	0	1
7975	0	0	1	0
7976	0	1	0	0
7977	1	0	0	0
7978	0	0	1	0
7979	0	0	0	1
7980	0	0	1	0
7981	1	0	0	0
7982	0	0	1	0
7983	1	0	0	0
7984	0	0	1	0
7985	0	1	0	0
7986	1	0	0	0
7987	0	0	1	0
7988	0	0	0	1
7989	0	0	1	0
7990	0	0	1	0
7991	1	0	0	0
7992	1	0	0	0
7993	0	1	0	0
7994	0	0	0	1
7995	0	0	0	1
7996	0	1	0	0
7997	0	0	0	1
7998	0	0	1	0
7999	0	0	1	0
8000	0	0	1	0
8001	1	0	0	0
8002	0	1	0	0
8003	0	0	1	0
8004	0	1	0	0
8005	1	0	0	0
8006	0	0	2	0
8007	0	2	0	0
8008	2	0	0	0
8009	0	0	2	0
8010	0	1	0	1
8011	0	2	0	0
8012	0	0	0	2
8013	0	2	0	0
8014	2	0	0	0
8015	0	0	2	0
8016	0	0	2	0
8017	0	0	2	0
8018	0	0	2	0
8019	2	0	0	0
8020	0	2	0	0
8021	0	0	0	1
8022	1	0	0	0
8023	0	1	0	0
8024	1	0	0	0
8025	0	0	1	0
8026	1	0	0	0
8027	0	0	1	0
8028	0	0	1	0
8029	0	0	0	0
8030	0	0	1	0
8031	0	0	1	0
8032	0	0	0	1
8033	0	0	2	0
8034	0	0	2	0
8035	0	0	2	0
8036	2	0	0	0
8037	2	0	0	0
8038	0	0	2	0
8039	0	1	0	1
8040	0	2	0	0
8041	0	2	0	0
8042	0	0	0	2
8043	0	0	0	1
8044	2	0	0	0
8045	2	0	0	0
8046	1	0	1	0
8047	0	0	0	2
8048	2	0	0	0
8049	0	0	0	1
8050	0	1	0	1
8051	0	0	0	2
8052	0	0	2	0
8053	0	0	2	0
8054	0	0	1	0
8055	2	0	0	0
8056	2	0	0	0
8057	1	0	1	0
8058	0	1	0	1
8059	0	2	0	0
8060	0	0	0	2
8061	0	0	0	2
8062	0	0	2	0
8063	0	0	0	2
8064	0	0	2	0
8065	0	2	0	0
8066	2	0	0	0
8067	0	0	2	0
8068	0	0	0	2
8069	2	0	0	0
8070	0	0	0	2
8071	0	0	0	2
8072	0	0	2	0
8073	0	0	1	0
8074	0	0	2	0
8075	0	0	2	0
8076	0	0	0	2
8077	0	2	0	0
8078	0	0	0	1
8079	0	0	1	0
8080	0	0	1	0
8081	1	0	0	0
8085	1	0	0	0
8086	1	0	0	0
8087	1	0	0	0
8088	0	0	1	0
8089	1	0	0	0
8090	1	0	0	0
8091	0	0	1	0
8092	1	0	0	0
8093	0	0	1	0
8094	0	0	0	1
8095	0	0	1	0
8096	0	2	0	0
8097	0	0	0	2
8098	2	0	0	0
8099	0	0	0	2
8100	0	0	0	2
8101	2	0	0	0
8102	2	0	0	0
8103	0	0	0	2
8104	0	2	0	0
8105	0	0	0	2
8106	0	0	2	0
8107	0	2	0	0
8108	0	0	0	2
8109	0	0	0	2
8110	0	0	2	0
8111	2	0	0	0
8112	0	0	0	2
8113	2	0	0	0
8114	0	2	0	0
8115	0	2	0	0
8116	0	0	0	2
8117	0	2	0	0
8118	2	0	0	0
8119	0	0	2	0
8120	0	2	0	0
8121	2	0	0	0
8122	2	0	0	0
8123	0	0	0	2
8124	2	0	0	0
8125	0	0	2	0
8126	0	0	0	2
8127	3	0	0	0
8128	0	0	3	0
8129	0	0	0	3
8130	0	0	3	0
8131	0	0	3	0
8132	0	3	0	0
8133	0	0	0	3
8134	0	0	3	0
8135	3	0	0	0
8136	3	0	0	0
8137	0	0	3	0
8138	0	0	3	0
8139	0	0	0	3
8140	4	0	0	0
8141	0	4	0	0
8142	4	0	0	0
8143	0	0	4	0
8144	4	0	0	0
8145	0	0	0	4
8146	4	0	0	0
8147	0	0	4	0
8148	2	0	2	0
8149	4	0	0	0
8150	0	0	0	4
8151	0	0	0	4
8152	4	0	0	0
8153	0	0	0	4
8154	0	0	0	4
8155	0	0	4	0
8156	4	0	0	0
8157	4	0	0	0
8158	1	0	3	0
8159	0	0	0	4
8160	4	0	0	0
8161	2	0	2	0
8162	0	0	0	4
8163	4	0	0	0
8164	0	3	0	1
8165	0	0	0	3
8166	3	0	0	0
8167	0	0	3	0
8168	0	3	0	0
8169	5	0	0	0
8170	5	0	0	0
8171	0	0	0	5
8172	0	0	0	5
8173	0	0	0	5
8174	0	0	5	0
8175	0	1	0	4
8176	5	0	0	0
8177	0	0	5	0
8178	5	0	0	0
8179	0	0	5	0
8180	0	5	0	0
8181	0	1	0	4
8182	5	0	0	0
8183	0	0	0	5
8184	0	5	0	0
8185	0	5	0	0
8186	0	0	5	0
8187	0	5	0	0
8188	5	0	0	0
8189	5	0	0	0
8190	0	5	0	0
8191	5	0	0	0
8192	0	0	0	5
8193	5	0	0	0
8194	0	5	0	0
8195	0	5	0	0
8196	0	0	0	5
8197	4	0	0	0
8198	0	4	0	0
8199	4	0	0	0
8200	4	0	0	0
8201	0	0	4	0
8202	4	0	0	0
8203	4	0	0	0
8204	0	0	0	4
8205	4	0	0	0
8206	4	0	0	0
8207	0	0	5	0
8208	5	0	0	0
8209	0	4	0	0
8210	4	0	0	0
8211	0	0	4	0
8212	0	0	4	0
8213	0	0	4	0
8214	0	4	0	0
8215	0	0	0	3
8216	0	0	0	3
8217	2	0	0	0
8218	0	0	2	0
8219	2	0	0	0
8220	2	0	0	0
8221	0	0	2	0
8222	0	0	0	2
8223	2	0	0	0
8224	0	0	2	0
8225	0	2	0	0
8226	0	0	0	2
8227	0	0	0	2
8228	0	0	0	2
8229	0	0	2	0
8230	0	2	0	0
8231	0	0	0	2
8232	2	0	0	0
8233	0	0	0	2
8234	2	0	0	0
8235	2	0	0	0
8236	2	0	0	0
8237	2	0	0	0
8238	0	0	0	2
8239	0	0	3	0
8240	1	0	2	0
8241	0	0	3	0
8242	0	0	3	0
8243	0	0	3	0
8244	0	0	3	0
8245	0	3	0	0
8246	2	0	0	0
8247	4	0	0	0
8248	0	0	6	0
8249	0	0	0	6
8250	0	0	6	0
8251	0	0	4	2
8252	0	0	0	6
8253	0	7	0	0
8254	7	0	0	0
8255	7	0	0	0
8256	7	0	0	0
8257	7	0	0	0
8258	7	0	0	0
8259	0	0	7	0
8260	0	6	0	1
8261	7	0	0	0
8262	0	0	7	0
8263	0	6	0	1
8264	7	0	0	0
8265	0	0	0	7
8266	7	0	0	0
8267	1	0	6	0
8268	0	0	0	7
8269	0	0	0	7
8270	0	0	7	0
8271	0	0	7	0
8272	7	0	0	0
8273	0	0	0	7
8274	0	0	7	0
8275	0	0	7	0
8276	0	7	0	0
8277	0	7	0	0
8278	0	0	0	7
8279	0	0	7	0
8280	1	6	0	0
8281	0	0	0	9
8282	0	0	9	0
8283	0	0	0	8
8284	9	0	0	0
8285	8	0	0	0
8286	0	0	9	0
8287	9	0	0	0
8288	0	0	9	0
8289	9	0	0	0
8290	2	7	0	0
8291	9	0	0	0
8292	0	0	8	0
8293	9	0	0	0
8294	1	0	0	8
8295	0	0	0	8
8296	8	0	1	0
8297	9	0	0	0
8298	0	0	9	0
8299	9	0	0	0
8300	7	2	0	0
8301	0	0	9	0
8302	8	0	1	0
8303	1	0	8	0
8304	0	8	0	1
8305	0	0	0	9
8306	2	6	1	0
8307	7	0	2	0
8308	0	0	9	0
8309	0	9	0	0
8310	0	9	0	0
8311	10	0	0	0
8312	0	0	10	0
8313	0	9	0	0
8314	10	0	0	0
8315	0	0	9	0
8316	0	10	0	0
8317	9	0	0	0
8318	0	0	7	0
8319	5	0	0	1
8320	0	0	6	0
8321	0	0	6	0
8322	0	0	5	0
8323	3	0	0	0
8324	0	0	4	0
8325	0	0	0	4
8326	4	0	0	0
8327	0	0	4	0
8328	0	0	3	0
8329	4	0	0	0
8330	0	0	4	0
8331	0	3	0	0
8332	4	0	0	0
8333	0	0	4	0
8334	0	4	0	0
8335	0	0	4	0
8336	0	0	0	4
8337	0	4	0	0
8338	0	0	0	4
8339	0	4	0	0
8340	4	0	0	0
8341	4	0	0	0
8342	0	0	4	0
8343	4	0	0	0
8344	0	4	0	0
8345	0	0	0	4
8346	0	0	0	4
8347	4	0	0	0
8348	0	0	4	0
8349	4	0	0	0
8350	0	0	0	4
8351	4	0	0	0
8352	0	0	3	0
8353	3	0	0	0
8354	0	3	0	0
8355	3	0	0	0
8356	0	0	0	3
8357	0	0	3	0
8358	0	0	3	0
8359	3	0	0	0
8360	0	0	3	0
8361	0	3	0	0
8362	3	0	0	0
8363	0	4	0	0
8364	0	0	0	3
8365	0	0	0	3
8366	3	0	0	0
8367	0	3	0	0
8368	3	0	0	0
8369	3	0	0	0
8370	0	0	0	3
8371	0	3	0	0
8372	3	0	0	0
8373	3	0	0	0
8374	0	3	0	0
8375	3	0	0	0
8376	3	0	0	0
8377	0	3	0	0
8378	3	0	0	0
8379	0	3	0	0
8380	3	0	0	0
8381	0	3	0	0
8382	0	3	0	0
8383	0	4	0	0
8384	4	0	0	0
8385	0	4	0	0
8386	0	4	0	0
8387	4	0	0	0
8388	4	0	0	0
8389	0	0	0	3
8390	3	0	0	0
8391	3	0	0	0
8392	0	0	0	3
8393	0	0	3	0
8394	2	0	0	0
8395	2	0	0	0
8396	0	0	1	0
8397	0	2	0	0
8398	0	0	0	2
8399	0	0	0	2
8400	0	0	2	0
8401	0	0	0	2
8402	0	0	2	0
8403	0	2	0	0
8404	0	1	0	0
8405	0	0	0	2
8406	0	0	2	0
8407	0	0	2	0
8408	0	2	0	0
8409	0	0	0	2
8410	2	0	0	0
8411	0	0	2	0
8412	2	0	0	0
8413	2	0	0	0
8414	0	0	1	0
8415	0	2	0	0
8416	2	0	0	0
8417	0	1	0	0
8418	2	0	0	0
8419	2	0	0	0
8420	0	0	2	0
8421	2	0	0	0
8422	2	0	0	0
8423	0	0	2	0
8424	2	0	0	0
8425	2	0	0	0
8426	0	0	2	0
8427	0	2	0	0
8428	2	0	0	0
8429	0	0	2	0
8430	2	0	0	0
8431	2	0	0	0
8432	0	0	1	0
8433	2	0	0	0
8434	0	0	1	0
8435	0	0	1	0
8436	0	0	0	1
8437	0	0	0	0
8438	0	0	1	0
8439	0	0	1	0
8440	0	1	0	0
8441	0	0	0	1
8442	0	0	0	1
8443	0	0	0	1
8444	0	1	0	0
8445	0	1	0	0
8446	1	0	0	0
8447	0	0	2	0
8448	0	0	0	2
8449	0	2	0	0
8450	2	0	0	0
8451	0	0	2	0
8452	2	0	0	0
8453	0	2	0	0
8454	0	2	0	0
8455	0	0	0	1
8456	0	1	0	0
8457	1	0	0	0
8458	1	0	0	0
8459	0	0	1	0
8460	0	0	0	1
8461	1	0	0	0
8462	0	1	0	0
8463	0	1	0	0
8464	0	0	0	1
8465	0	0	0	1
8466	0	0	0	1
8467	1	0	0	0
8468	1	0	0	0
8469	0	0	1	0
8470	1	0	0	0
8471	0	1	0	0
8472	0	1	0	0
8473	1	0	0	0
8474	1	0	0	0
8475	0	0	0	1
8476	0	0	1	0
8477	1	0	0	0
8478	0	1	0	0
8479	0	0	0	0
8480	0	0	0	1
8481	1	0	0	0
8482	0	0	0	0
8483	1	0	0	0
8484	1	0	0	0
8485	0	0	3	0
8486	0	0	3	0
8487	0	0	3	0
8488	2	0	0	0
8489	0	0	3	0
8490	0	3	0	0
8491	3	0	0	0
8492	0	0	0	2
8493	0	0	0	3
8494	0	0	0	3
8495	0	0	3	0
8496	3	0	0	0
8497	0	0	0	3
8498	0	3	0	0
8499	0	0	0	3
8500	0	3	0	0
8501	3	0	0	0
8502	0	0	3	0
8503	0	3	0	0
8504	0	0	0	3
8505	0	0	0	3
8506	0	3	0	0
8507	0	0	0	3
8508	0	0	0	3
8509	0	0	0	3
8510	0	0	0	3
8511	0	0	0	3
8512	3	0	0	0
8513	3	0	0	0
8514	3	0	0	0
8515	3	0	0	0
8516	0	0	3	0
8517	3	0	0	0
8518	3	0	0	0
8519	2	0	0	0
8520	2	0	0	0
8521	0	0	2	0
8522	0	0	2	0
8523	0	0	2	0
8524	0	0	2	0
8525	0	0	2	0
8526	0	0	2	0
8527	2	0	0	0
8528	0	2	0	0
8529	0	0	0	2
8530	0	0	2	0
8531	0	0	2	0
8532	2	0	0	0
8533	2	0	0	0
8534	0	0	2	0
8535	0	0	2	0
8536	0	0	2	0
8537	0	0	0	2
8538	0	0	0	2
8539	2	0	0	0
8540	2	0	0	0
8541	0	0	0	2
8542	0	0	0	2
8543	0	0	0	2
8544	2	0	0	0
8545	0	2	0	0
8546	0	0	0	2
8547	0	2	0	0
8548	0	0	0	2
8549	2	0	0	0
8550	2	0	0	0
8551	0	0	2	0
8552	2	0	0	0
8553	2	0	0	0
8554	2	0	0	0
8555	2	0	0	0
8556	0	0	2	0
8557	0	0	2	0
8558	0	2	0	0
8559	2	0	0	0
8560	1	0	0	0
8561	0	0	1	0
8562	1	0	0	0
8563	1	0	0	0
8564	1	0	0	0
8565	0	0	0	1
8566	0	1	0	0
8567	0	1	0	0
8568	0	0	0	1
8569	0	0	0	1
8570	0	0	1	0
8571	1	0	0	0
8572	0	0	0	1
8573	0	0	0	1
8574	0	0	0	1
8575	1	0	0	0
8576	0	0	0	1
8577	0	0	1	0
8578	0	0	1	0
8579	0	0	1	0
8580	0	0	0	1
8581	0	1	0	0
8582	0	0	0	1
8583	1	0	0	0
8584	0	0	0	1
8585	1	0	0	0
8586	1	0	0	0
8587	0	1	0	0
8588	1	0	0	0
8589	0	1	0	0
8590	1	0	0	0
8591	0	1	0	0
8592	1	0	0	0
8593	1	0	0	0
8594	0	0	1	0
8595	0	0	1	0
8596	0	1	0	0
8848	0	1	0	0
8849	1	0	0	0
8850	1	0	0	0
8851	1	0	0	0
8852	0	0	1	0
8853	1	0	0	0
8854	0	1	0	0
8855	0	0	0	1
8856	0	0	1	0
8857	0	1	0	0
8858	0	0	0	1
8859	0	0	1	0
8860	1	0	0	0
8861	0	1	0	0
8862	1	0	0	0
8863	0	1	0	0
8864	1	0	0	0
8865	0	0	1	0
8866	1	0	0	0
8867	1	0	0	0
8868	0	0	1	0
8869	0	0	1	0
8870	0	0	1	0
8871	1	0	0	0
8872	0	1	0	0
8873	0	0	0	1
8874	0	0	0	1
8875	0	0	0	1
8876	0	1	0	0
8877	0	1	0	0
8878	0	0	1	0
8879	0	1	0	0
8880	0	0	0	1
8881	0	0	1	0
8882	0	0	1	0
8883	0	0	1	0
8884	1	0	0	0
8885	0	1	0	0
8886	0	0	0	1
8887	0	0	0	1
8888	0	0	0	1
8889	0	1	0	0
8890	0	1	0	0
8891	1	0	0	0
8892	0	0	0	1
8893	0	0	0	1
8894	0	0	1	0
8895	0	0	1	0
8896	0	0	1	0
8897	0	0	1	0
8898	0	1	0	0
8899	0	0	1	0
8900	0	0	0	1
8901	0	0	0	1
8902	0	1	0	0
8903	0	1	0	0
8904	1	0	0	0
8905	0	0	1	0
8906	0	0	1	0
8907	1	0	0	0
8908	0	0	1	0
8909	0	0	1	0
8910	1	0	0	0
8911	0	0	1	0
8912	0	0	0	1
8913	0	0	1	0
8914	0	0	1	0
8915	0	0	0	1
8916	0	1	0	0
8917	1	0	0	0
8918	0	0	1	0
8919	0	0	1	0
8920	0	0	1	0
8921	0	1	0	0
8922	0	0	1	0
