	A	C	G	T
118	0	0	1	0
119	0	0	1	0
120	1	0	0	0
121	0	1	0	0
122	0	0	0	1
123	0	0	0	4
124	0	0	5	0
125	5	0	0	0
126	4	0	0	0
127	5	0	0	0
128	0	0	4	0
129	0	4	0	0
130	0	0	4	0
131	5	0	0	0
132	5	0	0	0
133	5	0	0	0
134	0	0	4	0
135	0	0	0	4
136	5	0	0	0
137	4	0	0	0
138	0	0	4	0
139	5	0	0	0
140	0	5	0	0
141	0	5	0	0
142	6	0	0	0
143	0	0	5	0
144	5	0	0	0
145	0	0	4	0
146	0	0	3	0
147	4	0	0	0
148	0	0	2	0
149	4	0	0	0
150	0	0	0	4
151	0	3	0	0
152	0	0	0	4
153	0	4	0	0
154	0	0	0	4
155	0	4	0	0
156	0	0	4	0
157	4	0	0	0
158	0	4	0	0
159	0	0	4	0
160	0	4	0	0
161	3	0	0	0
162	0	0	5	0
163	0	0	4	0
164	1	0	3	0
165	0	4	0	0
166	0	0	0	5
167	0	4	0	0
168	0	0	6	0
169	0	0	6	0
170	0	5	0	0
171	0	0	0	6
172	0	0	0	4
173	0	0	6	0
174	0	5	0	0
175	0	0	0	6
176	1	0	5	0
177	6	0	0	0
178	6	0	0	0
179	0	0	6	0
180	0	0	0	6
181	0	0	5	0
182	0	6	0	0
183	5	0	0	0
184	0	6	0	0
185	0	0	0	6
186	0	5	0	1
187	1	0	4	0
188	0	0	6	0
189	0	4	0	0
190	4	0	0	0
191	5	0	0	0
192	0	0	5	0
193	5	0	0	0
194	0	0	5	0
195	0	0	4	0
196	0	4	0	0
197	0	0	4	0
198	4	0	0	0
199	0	0	4	0
200	4	0	0	0
201	0	0	4	0
202	0	4	0	0
203	0	0	4	0
204	0	0	4	0
205	0	4	0	0
206	0	0	4	0
207	4	0	0	0
208	0	4	0	0
209	0	0	0	4
210	0	0	4	0
211	0	0	4	0
212	0	0	0	4
213	0	0	4	0
214	3	0	0	0
215	0	0	3	0
216	0	0	0	3
217	3	0	0	0
218	0	3	0	0
219	0	0	3	0
220	0	3	0	0
221	0	3	0	0
222	2	0	0	0
223	3	0	0	0
224	1	0	0	0
225	0	0	0	3
226	0	0	0	3
227	0	0	0	3
228	0	0	0	2
229	2	0	0	0
230	0	0	0	2
231	0	0	0	2
232	0	0	0	2
233	0	0	2	0
234	2	0	0	0
235	0	2	0	0
236	0	0	0	2
237	2	0	0	0
238	0	0	2	0
239	0	2	0	0
240	0	0	1	0
241	0	0	1	0
242	1	0	0	0
243	0	0	1	0
244	0	0	1	0
245	0	1	0	0
246	0	0	0	1
247	1	0	0	0
248	0	0	1	0
249	1	0	0	0
250	0	1	0	0
251	0	0	3	0
252	0	0	3	0
253	2	0	0	0
254	0	0	3	0
255	3	0	0	0
256	0	0	3	0
257	3	0	0	0
258	0	0	4	0
259	3	0	0	0
260	0	0	0	4
261	0	0	4	0
262	0	0	3	0
263	0	0	4	0
264	0	0	0	4
265	0	0	4	0
266	0	4	0	0
267	0	0	4	0
268	4	0	0	0
269	0	0	4	0
270	4	0	0	0
271	0	0	4	0
272	0	4	0	0
273	0	0	4	0
274	0	0	0	5
275	0	5	0	0
276	5	0	0	0
277	5	0	0	0
278	0	0	0	5
279	5	0	0	0
280	0	0	0	5
281	0	0	0	4
282	5	0	0	0
283	2	3	0	0
284	1	0	4	0
285	5	0	0	0
286	0	0	4	0
287	0	0	5	0
288	0	1	3	0
289	0	0	5	0
290	4	0	0	0
291	5	0	0	0
292	5	0	0	0
293	6	0	0	0
294	7	0	0	0
295	0	0	0	6
296	0	0	0	7
297	7	0	0	0
298	0	0	6	0
299	7	0	0	0
300	0	0	0	7
301	2	0	4	0
302	0	5	1	0
303	8	0	0	0
304	0	0	0	7
305	0	0	6	1
306	0	0	6	1
307	0	0	8	0
308	8	0	0	0
309	8	0	0	0
310	8	0	0	0
311	3	0	5	0
312	8	0	0	0
313	8	0	0	0
314	0	0	0	8
315	1	0	0	7
316	8	0	0	0
317	1	0	7	0
318	0	0	9	0
319	0	2	0	6
320	0	0	0	9
321	9	0	0	0
322	9	0	0	0
323	0	0	6	0
324	0	0	6	0
325	0	7	0	0
326	0	7	0	0
327	7	0	0	0
328	0	0	8	0
329	0	0	8	0
330	1	0	6	0
331	0	0	8	0
332	0	0	7	0
333	7	0	0	0
334	6	0	0	0
335	6	0	0	0
336	0	0	6	0
337	6	0	0	0
338	6	0	0	0
339	6	0	0	0
340	0	2	0	1
341	3	0	1	0
342	0	0	1	2
343	0	0	0	2
344	3	0	0	0
345	0	0	0	3
346	1	1	1	0
347	1	1	0	1
348	0	0	3	0
349	1	1	0	1
350	0	0	0	3
351	3	0	0	0
352	3	0	0	0
353	3	0	0	0
354	2	0	1	0
355	0	3	0	0
356	3	0	0	0
357	0	0	0	3
358	1	1	0	1
359	0	0	0	3
360	3	0	0	0
361	0	0	3	0
362	0	0	0	3
363	3	0	0	0
364	0	0	0	3
365	0	0	2	0
366	0	0	2	0
367	1	0	1	0
368	0	2	0	0
369	2	0	0	0
370	1	0	1	0
371	0	0	2	0
372	0	2	0	0
373	2	0	0	0
374	0	0	2	0
375	0	0	1	0
376	0	0	1	0
377	1	0	0	0
378	0	0	1	0
379	0	1	0	0
380	0	0	0	1
381	0	0	1	0
382	0	0	1	0
383	1	0	0	0
384	1	0	0	0
385	1	0	0	0
386	0	0	1	0
387	1	0	0	0
388	0	0	0	1
389	0	0	0	1
390	0	0	0	1
391	0	0	1	0
392	0	1	0	0
393	2	0	0	0
394	0	2	0	0
395	0	0	0	2
396	0	0	0	2
397	2	0	0	0
398	2	0	0	0
399	0	1	0	0
400	0	2	0	0
401	0	2	0	0
402	0	0	0	2
403	0	0	2	0
404	0	0	1	0
405	0	2	0	0
406	0	2	0	0
407	0	0	0	2
408	0	0	0	3
409	0	0	0	3
410	0	0	0	3
411	3	0	0	0
412	0	0	3	0
413	3	0	0	0
414	3	0	0	0
415	3	0	0	0
416	0	4	0	0
417	4	0	0	0
418	0	0	0	4
419	0	4	0	0
420	4	0	0	0
421	0	0	4	0
422	4	0	0	0
423	4	0	0	0
424	0	0	4	0
425	0	0	4	0
426	0	3	0	1
427	0	0	0	5
428	0	0	5	0
429	0	0	0	5
430	6	0	0	0
431	5	1	0	0
432	6	0	0	0
433	2	4	0	0
434	6	0	0	0
435	6	0	0	0
436	6	0	0	0
437	0	0	0	6
438	6	0	0	0
439	4	2	0	0
440	0	0	0	7
441	0	0	6	0
442	7	0	0	0
443	5	2	0	0
444	6	0	1	0
445	0	7	0	0
446	7	0	0	0
447	0	0	7	0
448	0	7	0	0
449	0	0	0	7
450	7	0	0	0
451	0	7	0	0
452	7	0	0	0
453	7	0	0	0
454	0	7	0	0
455	0	7	0	0
456	7	0	0	0
457	0	0	7	0
458	0	7	0	0
459	0	0	0	7
460	0	7	0	0
461	0	0	0	7
462	0	2	0	5
463	1	6	0	0
464	7	0	0	0
465	0	0	7	0
466	7	0	0	0
467	0	8	0	0
468	8	0	0	0
469	0	0	8	0
470	0	0	7	0
471	6	0	1	0
472	7	0	0	0
473	0	7	0	0
474	7	0	0	0
475	0	0	7	0
476	7	0	0	0
477	0	0	8	0
478	0	0	8	0
479	8	0	0	0
480	8	0	0	0
481	2	5	0	0
482	0	0	0	7
483	2	0	0	4
484	6	0	0	0
485	0	0	6	0
486	4	0	2	0
487	0	0	0	7
488	0	7	0	0
489	7	0	0	0
490	0	0	0	7
491	0	0	0	9
492	10	0	0	0
493	0	0	0	10
494	7	0	0	4
495	0	9	0	5
496	14	0	0	0
497	14	0	0	0
498	0	14	0	0
499	14	0	0	0
500	0	14	0	0
501	14	0	0	0
502	0	0	14	0
503	0	0	0	14
504	14	0	0	0
505	0	0	12	0
506	0	14	0	0
507	14	0	0	0
508	13	0	2	0
509	0	12	0	2
510	0	0	0	15
511	0	15	0	0
512	0	0	0	15
513	0	15	0	0
514	0	1	0	14
515	11	0	0	4
516	0	2	0	13
517	0	0	0	15
518	0	0	15	0
519	0	0	0	15
520	0	0	15	0
521	0	0	0	15
522	13	2	0	0
523	0	15	0	0
524	15	0	0	0
525	0	0	0	15
526	3	0	12	0
527	13	1	0	0
528	14	0	1	0
529	13	2	0	0
530	13	0	2	0
531	2	1	13	0
532	16	0	0	0
533	0	0	0	16
534	16	0	0	0
535	1	0	15	0
536	14	0	2	0
537	0	0	11	5
538	0	0	15	0
539	0	0	0	15
540	15	0	0	0
541	0	14	0	1
542	0	0	13	1
543	15	0	0	0
544	0	0	15	0
545	15	0	0	0
546	0	15	0	0
547	15	0	0	0
548	0	14	0	0
549	2	13	0	0
550	15	0	0	0
551	14	0	0	0
552	0	0	13	0
553	0	0	13	0
554	13	0	0	0
555	13	0	0	0
556	0	0	13	0
557	0	13	0	0
558	0	13	0	0
559	0	0	0	13
560	0	1	0	9
561	10	0	0	0
562	0	0	10	0
563	9	0	0	0
564	0	9	0	0
565	8	0	0	0
566	5	0	0	1
567	0	0	6	0
568	3	0	1	0
569	0	0	0	4
570	3	0	0	0
571	0	0	2	0
572	3	0	0	0
573	1	0	2	0
574	0	0	2	0
575	2	0	0	0
576	2	0	0	0
577	0	0	2	0
578	2	0	0	0
579	2	0	0	0
580	0	2	0	0
581	2	0	0	0
582	2	0	0	0
583	2	0	0	0
584	2	0	0	0
585	1	1	0	0
586	1	1	0	0
587	2	0	0	0
588	2	0	0	0
589	1	0	0	1
590	0	0	2	0
591	0	0	0	2
592	0	2	0	0
593	2	0	0	0
594	0	0	2	0
595	0	1	0	0
596	1	0	0	0
597	0	0	1	0
598	2	0	0	0
599	2	0	0	0
600	2	0	0	0
601	2	0	0	0
602	0	2	0	0
603	2	0	0	0
604	0	2	0	0
605	3	0	0	0
606	0	0	3	0
607	0	3	0	0
608	3	0	0	0
609	0	0	3	0
610	0	0	3	0
611	0	2	0	0
612	2	0	0	0
613	2	0	0	0
614	2	0	0	0
615	2	0	0	1
616	0	0	3	0
617	0	3	0	0
618	0	0	3	0
619	0	0	3	0
620	0	3	0	0
621	0	0	0	3
622	0	0	3	0
623	3	0	0	0
624	0	3	0	0
625	0	0	3	0
626	1	0	2	0
627	3	0	0	0
628	3	0	0	0
629	3	0	0	0
630	0	0	3	0
631	1	0	2	0
632	0	0	0	3
633	0	3	0	0
634	2	0	0	0
635	0	0	3	0
636	0	0	0	3
637	0	3	0	0
638	3	0	0	0
639	3	0	0	0
640	3	0	0	0
641	3	0	0	0
642	0	0	0	3
643	0	0	0	3
644	3	0	0	0
645	0	0	0	3
646	0	3	0	0
647	0	3	0	0
648	1	0	0	1
649	1	0	0	0
650	0	0	0	3
651	3	0	0	0
652	0	0	3	0
653	0	0	0	3
654	3	0	0	0
655	0	3	0	0
656	3	0	1	0
657	0	0	4	0
658	4	0	0	0
659	4	0	0	0
660	0	0	0	4
661	0	4	0	0
662	0	0	0	4
663	0	3	0	2
664	0	5	0	0
665	5	0	0	0
666	5	0	0	0
667	0	0	4	0
668	0	0	4	0
669	0	0	2	0
670	0	3	0	0
671	3	0	0	0
672	3	0	0	0
673	3	0	0	0
674	0	0	0	3
675	0	0	3	0
676	0	0	3	0
677	0	0	0	3
678	3	0	0	0
679	0	3	0	0
680	3	0	0	0
681	0	0	0	3
682	0	3	0	0
683	3	0	0	0
684	3	0	0	0
685	0	1	2	0
686	0	3	0	0
687	0	3	0	0
688	2	1	0	0
689	0	0	0	3
690	3	0	0	0
691	0	0	0	3
692	0	3	0	0
693	3	0	0	0
694	0	3	0	0
695	0	3	0	0
696	0	0	0	3
697	3	0	0	0
698	0	0	3	0
699	3	0	0	0
700	3	0	0	0
701	0	3	0	0
702	0	0	0	3
703	0	0	0	3
704	0	0	0	3
705	0	0	3	0
706	3	0	0	0
707	2	0	0	0
708	0	0	0	3
709	0	0	3	0
710	0	3	0	0
711	3	0	0	0
712	0	0	0	3
713	0	0	3	0
714	0	0	4	0
715	0	0	4	0
716	0	0	0	4
717	4	0	0	0
718	4	0	0	0
719	4	0	0	0
720	4	0	0	0
721	0	0	4	0
722	0	0	0	4
723	3	0	0	0
724	4	0	0	0
725	0	0	0	4
726	3	0	0	0
727	0	0	2	0
728	2	0	0	0
729	0	0	2	0
730	0	0	2	0
731	1	0	0	0
732	0	0	1	0
733	1	0	0	0
734	1	0	0	0
735	1	0	0	0
736	0	0	1	0
737	0	0	1	0
738	0	0	0	1
739	0	0	0	1
740	0	0	0	1
741	0	0	0	1
742	1	0	0	0
743	1	0	0	0
744	0	1	0	0
745	0	1	0	0
746	0	1	0	0
747	1	0	0	0
748	0	0	1	0
749	1	0	0	0
750	0	0	1	0
751	0	0	1	0
752	0	0	0	1
753	1	0	0	0
754	1	0	0	0
755	0	0	0	1
756	1	0	0	0
757	0	1	0	0
758	0	1	0	0
759	0	1	0	0
760	1	0	0	0
761	0	0	0	1
762	0	0	1	0
763	0	0	0	1
764	0	0	0	1
765	0	0	0	1
766	1	0	0	0
767	0	1	0	0
768	1	0	0	0
769	0	0	1	0
770	0	1	0	0
771	1	0	0	0
772	0	0	0	1
773	0	0	0	1
774	2	0	0	0
775	0	0	0	2
776	0	2	0	0
777	2	0	0	0
778	0	0	2	0
779	2	0	0	0
780	2	0	0	0
781	0	0	2	0
782	0	0	2	0
783	2	0	0	0
784	0	0	2	0
785	0	2	0	0
786	0	2	0	0
787	2	0	0	0
788	0	2	0	0
789	0	1	0	0
790	0	1	0	0
791	0	1	0	0
792	1	0	0	0
793	0	1	0	0
794	1	0	0	0
820	0	0	1	0
821	0	0	0	1
822	0	0	1	0
823	0	0	1	0
824	0	0	1	0
825	0	0	1	0
826	0	0	1	0
827	0	0	1	0
828	1	0	0	0
829	0	1	0	0
830	1	0	0	0
831	0	0	0	1
832	0	1	0	0
833	1	0	0	0
834	1	0	0	0
835	0	0	1	0
836	0	1	0	0
837	1	0	0	0
838	0	0	1	0
839	0	2	0	0
840	0	3	0	0
841	3	0	0	0
842	0	0	0	3
843	0	0	3	0
844	0	3	0	0
845	3	0	0	0
846	2	0	0	0
847	2	0	0	0
848	0	0	0	2
849	0	0	2	0
850	0	0	0	2
851	0	0	0	3
852	3	0	0	0
853	3	0	0	0
854	3	0	0	0
855	3	0	0	0
856	0	0	3	0
857	3	0	0	0
858	0	0	0	3
859	3	0	0	0
860	0	3	0	0
861	0	3	0	0
862	0	0	0	0
863	0	0	0	1
864	0	1	0	0
865	1	0	0	0
866	1	0	0	0
867	0	0	0	1
868	0	0	1	0
869	1	0	0	0
870	0	0	1	0
871	0	0	1	0
872	1	0	0	0
873	0	0	1	0
874	0	0	1	0
875	0	1	0	0
876	0	0	0	1
877	0	0	1	0
878	0	1	0	0
879	1	0	0	0
880	0	0	1	0
881	1	0	0	0
882	1	0	0	0
883	0	0	0	1
884	0	0	1	0
885	0	0	1	0
886	0	0	1	0
887	1	0	0	0
888	0	0	0	1
889	1	0	0	0
890	0	0	1	0
891	0	0	1	0
892	0	0	0	1
893	0	0	0	1
894	1	0	0	0
895	0	1	0	0
896	1	0	0	0
897	0	0	0	1
898	0	1	0	0
899	0	1	0	0
900	1	0	0	0
901	0	0	1	0
902	0	0	0	1
903	0	0	1	0
904	0	1	0	0
905	1	0	0	0
906	0	0	0	1
907	0	0	1	0
908	0	1	0	0
909	1	0	0	0
910	0	0	1	0
911	0	0	1	0
912	0	0	1	0
913	0	1	0	0
914	0	1	0	0
915	0	0	0	1
916	1	0	0	0
917	0	0	0	1
918	0	0	0	1
919	0	0	1	0
920	0	1	0	0
921	1	0	0	0
922	0	1	0	0
923	0	1	0	0
924	1	0	0	0
937	0	0	1	0
938	0	0	0	0
939	1	0	0	0
940	0	1	0	0
941	0	1	0	0
942	1	0	0	0
943	1	0	0	0
944	0	0	1	0
945	0	0	1	0
946	0	0	1	0
947	0	0	1	0
948	1	0	0	0
949	1	0	0	0
950	0	0	1	0
951	0	0	0	1
952	0	0	1	0
953	1	0	0	0
954	0	1	0	0
955	1	0	0	0
956	0	0	0	1
957	1	0	0	0
958	0	0	1	0
959	0	1	0	0
960	1	0	0	0
961	0	0	1	0
962	0	0	1	0
963	1	0	0	0
964	1	0	0	0
965	0	1	0	0
966	0	0	0	1
967	1	0	0	0
968	0	1	0	0
969	0	0	0	1
970	1	0	0	0
971	0	0	1	0
972	0	0	0	1
973	1	0	0	0
974	0	1	0	0
975	0	1	0	0
976	0	1	0	0
977	0	0	0	1
978	0	0	0	1
979	0	1	0	0
980	1	0	0	0
981	0	0	1	0
982	0	0	1	0
983	1	0	0	0
984	1	0	0	0
985	0	1	0	0
986	1	0	0	0
987	1	0	0	0
988	1	0	0	0
989	0	0	0	1
990	1	0	0	0
991	0	0	1	0
992	0	1	0	0
993	1	0	0	0
994	0	0	0	1
995	0	0	1	0
996	0	0	1	0
997	1	0	0	0
998	0	0	0	1
999	0	0	1	0
1000	1	0	0	0
1001	0	1	0	0
1002	1	0	0	0
1003	1	0	0	0
1004	0	0	1	0
1005	0	0	0	1
1006	1	0	0	0
1007	1	0	0	0
1008	0	1	0	0
1033	0	0	0	1
1034	1	0	0	0
1035	0	0	0	1
1036	1	0	0	0
1037	1	0	0	0
1038	1	0	0	0
1039	1	0	0	0
1040	0	0	1	0
1041	1	0	0	0
1042	0	0	0	1
1043	0	0	1	0
1044	0	0	1	0
1045	1	0	0	0
1046	0	0	0	1
1047	1	0	0	0
1048	1	0	0	0
1049	0	0	0	1
1050	0	0	0	1
1051	1	0	0	0
1052	0	0	0	1
1053	0	0	1	0
1054	0	0	2	0
1055	0	0	2	0
1056	0	0	2	0
1057	0	0	0	2
1058	0	0	0	2
1059	2	0	0	0
1060	2	0	0	0
1061	2	0	0	0
1062	0	0	0	2
1063	2	0	0	0
1064	2	0	0	0
1065	1	0	1	0
1066	2	0	0	0
1067	0	0	0	2
1068	2	0	0	0
1069	0	0	2	0
1070	0	0	0	2
1071	1	0	1	0
1072	2	0	0	0
1073	0	0	2	0
1074	2	0	0	0
1075	2	0	0	0
1076	0	0	0	2
1077	0	0	2	0
1078	0	0	0	2
1079	2	0	0	0
1080	0	0	0	2
1081	2	0	0	0
1082	0	0	2	0
1083	0	2	0	0
1084	0	2	0	0
1085	0	2	0	0
1086	0	0	0	2
1087	0	0	2	0
1088	0	0	0	2
1089	0	2	0	0
1090	2	0	0	0
1091	0	0	2	0
1092	0	2	0	0
1093	2	0	0	0
1094	0	0	0	2
1095	0	0	0	2
1096	0	0	0	2
1097	0	0	0	2
1098	0	0	3	0
1099	0	0	3	0
1100	3	0	0	0
1101	0	3	0	0
1102	3	0	0	0
1103	0	0	0	3
1104	3	0	0	0
1105	2	0	0	0
1106	1	0	1	0
1107	2	0	0	0
1108	0	3	0	0
1109	3	0	0	0
1110	3	0	0	0
1111	0	0	3	0
1112	0	0	3	0
1113	1	0	2	0
1114	0	4	0	0
1115	0	4	0	0
1116	4	0	0	0
1117	4	0	0	0
1118	4	0	0	0
1119	1	0	3	0
1120	0	0	4	0
1121	4	0	0	0
1122	4	0	0	0
1123	0	4	0	0
1124	0	4	0	0
1125	0	4	0	0
1126	0	0	0	3
1127	0	0	0	3
1128	0	0	0	3
1129	3	0	0	0
1130	0	0	3	0
1131	3	0	0	0
1132	0	0	3	0
1133	3	0	0	0
1134	0	3	0	0
1135	0	0	0	3
1136	2	0	0	0
1137	0	0	0	2
1138	0	0	2	0
1139	0	0	0	2
1140	2	0	0	0
1141	0	0	2	0
1142	2	0	0	0
1143	0	1	0	1
1144	0	2	0	0
1145	0	0	2	0
1146	0	0	2	0
1147	0	0	0	2
1148	0	0	0	2
1149	0	1	0	0
1150	0	0	0	2
1151	0	0	0	2
1152	0	0	0	2
1153	2	0	0	0
1154	2	0	0	0
1155	2	0	0	0
1156	2	0	0	0
1157	0	2	0	0
1158	0	0	0	2
1159	0	0	0	2
1160	0	0	0	2
1161	2	0	0	0
1162	2	0	0	0
1163	0	0	2	0
1164	2	0	0	0
1165	0	0	2	0
1166	0	2	0	0
1167	0	0	0	2
1168	0	0	2	0
1169	2	0	0	0
1170	2	0	0	0
1171	0	2	0	0
1172	2	0	0	0
1173	2	0	0	0
1174	0	0	2	0
1175	0	2	0	0
1176	0	0	0	2
1177	2	0	0	0
1178	0	1	0	0
1179	1	0	0	0
1180	0	2	0	0
1181	2	0	0	0
1182	2	0	0	0
1183	0	0	2	0
1184	2	0	0	0
1185	0	0	1	0
1186	0	0	2	0
1187	0	0	0	1
1188	2	0	0	0
1189	2	0	0	0
1190	2	0	0	0
1191	1	0	1	0
1192	4	0	0	0
1193	4	0	0	0
1194	0	0	0	4
1195	0	0	0	4
1196	0	0	4	0
1197	0	0	4	0
1198	4	0	0	0
1199	0	0	0	4
1200	0	0	4	0
1201	4	0	0	0
1202	0	4	0	0
1203	3	0	0	1
1204	0	0	4	0
1205	5	0	0	0
1206	0	5	0	0
1207	5	0	0	0
1208	0	5	0	0
1209	0	5	0	0
1210	0	0	0	5
1211	0	0	0	5
1212	0	0	5	0
1213	0	0	0	5
1214	0	0	0	5
1215	0	0	5	0
1216	0	0	5	0
1217	0	0	0	5
1218	0	5	0	0
1219	0	5	0	0
1220	5	0	0	0
1221	5	0	0	0
1222	5	0	0	0
1223	5	0	0	0
1224	0	0	0	5
1225	0	0	5	0
1226	0	5	0	0
1227	0	0	4	0
1228	6	0	0	0
1229	6	0	0	0
1230	0	5	0	1
1231	0	7	0	0
1232	0	7	0	0
1233	5	1	0	1
1234	0	0	7	0
1235	7	0	0	0
1236	0	0	0	8
1237	0	0	0	8
1238	0	0	8	0
1239	0	0	0	8
1240	8	0	0	0
1241	8	0	0	0
1242	0	0	7	1
1243	6	0	0	2
1244	0	8	0	0
1245	0	8	0	0
1246	8	0	0	0
1247	0	0	0	8
1248	0	0	0	8
1249	0	1	0	7
1250	0	0	0	8
1251	8	0	0	0
1252	8	0	0	0
1253	3	0	5	0
1254	8	0	0	0
1255	0	0	8	0
1256	0	8	0	0
1257	8	0	0	0
1258	0	1	0	7
1259	0	0	0	8
1260	8	0	0	0
1261	0	0	8	0
1262	0	0	8	0
1263	7	0	1	0
1264	0	8	0	0
1265	0	8	0	0
1266	8	0	0	0
1267	0	0	6	0
1268	0	1	5	0
1269	1	0	5	0
1270	0	0	6	0
1271	0	6	0	0
1272	0	1	0	4
1273	6	0	0	0
1274	1	5	0	0
1275	4	1	0	1
1276	0	0	0	6
1277	0	0	0	6
1278	6	0	0	0
1279	0	0	6	0
1280	5	0	0	0
1281	5	0	0	0
1282	0	0	6	0
1283	5	0	0	0
1284	6	0	0	0
1285	5	0	0	0
1286	0	0	0	6
1287	0	0	6	0
1288	6	0	0	0
1289	0	0	0	4
1290	0	0	6	0
1291	6	0	0	0
1292	0	6	0	0
1293	6	0	0	0
1294	0	0	6	0
1295	0	6	0	0
1296	6	0	0	0
1297	0	0	0	5
1298	0	0	4	0
1299	0	0	1	3
1300	0	5	0	0
1301	5	0	0	0
1302	0	0	4	0
1303	0	0	4	0
1304	0	0	3	0
1305	2	0	0	0
1306	0	0	2	0
1307	0	0	0	2
1308	0	0	2	0
1309	0	0	2	0
1310	0	0	2	0
1311	1	0	0	0
1312	0	0	1	0
1313	0	0	1	0
1314	1	0	0	0
1315	0	1	0	0
1316	0	1	0	0
1317	0	0	0	1
1318	0	0	1	0
1319	0	0	1	0
1320	0	1	0	0
1321	0	1	0	0
1322	1	0	0	0
1323	0	1	0	0
1324	1	0	0	0
1325	1	0	0	0
1326	1	0	0	0
1327	0	0	1	0
1328	0	1	0	0
1329	1	0	0	0
1330	1	0	0	0
1331	0	0	1	0
1332	1	0	0	0
1333	0	0	1	0
1334	0	0	0	1
1335	0	0	0	1
1336	0	0	0	1
1337	0	0	0	1
1338	1	0	0	0
1339	0	0	1	0
1340	0	0	0	1
1341	0	0	0	1
1342	0	0	1	0
1343	1	0	0	0
1344	0	0	1	0
1345	0	0	1	0
1346	0	1	0	0
1347	1	0	0	0
1348	1	0	0	0
1349	0	0	0	1
1350	0	0	1	0
1351	1	0	0	0
1352	1	0	0	0
1353	0	1	0	0
1354	0	1	0	0
1355	1	0	0	0
1356	1	0	0	0
1357	0	0	1	0
1358	0	1	0	0
1359	1	0	0	0
1378	1	0	0	0
1379	0	0	0	1
1380	0	0	1	0
1381	0	1	0	0
1382	1	0	0	0
1383	0	0	1	0
1384	2	0	0	0
1385	0	0	2	0
1386	2	0	0	0
1387	1	0	1	0
1388	0	0	3	0
1389	0	3	0	0
1390	3	0	0	0
1391	3	0	0	0
1392	0	2	0	1
1393	0	0	0	3
1394	0	0	0	3
1395	0	0	0	3
1396	3	0	0	0
1397	3	0	0	0
1398	1	0	2	0
1399	0	0	3	0
1400	0	0	3	0
1401	0	3	0	0
1402	0	2	0	1
1403	1	2	0	0
1404	0	0	0	3
1405	3	0	0	0
1406	2	0	1	0
1407	3	0	0	0
1408	3	0	0	0
1409	0	0	3	0
1410	3	0	0	0
1411	2	0	1	0
1412	0	0	0	3
1413	1	0	0	2
1414	0	0	3	0
1415	0	0	0	3
1416	0	0	0	3
1417	3	0	0	0
1418	3	0	0	0
1419	2	0	0	0
1420	0	0	0	3
1421	0	0	3	0
1422	0	1	0	2
1423	0	0	0	3
1424	0	0	0	3
1425	0	3	0	0
1426	3	0	0	0
1427	3	0	0	0
1428	0	3	0	0
1429	0	0	0	3
1430	0	0	3	0
1431	0	0	0	3
1432	0	0	3	0
1433	0	0	3	0
1434	0	3	0	0
1435	3	0	0	0
1436	3	0	0	0
1437	0	0	3	0
1438	0	0	3	0
1439	3	0	0	0
1440	3	0	0	0
1441	0	0	2	1
1442	0	0	3	0
1443	1	0	2	0
1444	0	3	0	0
1445	3	0	0	0
1446	0	3	0	0
1447	3	0	0	0
1448	0	0	0	3
1449	3	0	0	0
1450	0	0	2	0
1451	0	2	0	0
1452	0	2	0	0
1460	0	0	1	0
1461	0	1	0	0
1462	1	0	0	0
1463	0	0	1	0
1464	0	0	1	0
1465	0	0	1	0
1466	0	1	0	0
1467	0	1	0	0
1468	0	1	0	0
1469	0	1	0	0
1470	0	0	0	1
1471	1	0	0	0
1472	0	0	2	0
1473	0	0	2	0
1474	2	0	0	0
1475	2	0	0	0
1476	2	0	0	0
1477	2	0	0	0
1478	3	0	0	0
1479	1	0	2	0
1480	0	0	3	0
1481	0	0	3	0
1482	0	3	0	0
1483	0	0	0	3
1484	0	0	3	0
1485	0	0	0	3
1486	0	0	0	3
1487	0	0	3	0
1488	0	0	3	0
1489	3	0	0	0
1490	3	0	0	0
1491	2	0	1	0
1492	0	0	0	3
1493	0	0	3	0
1494	0	0	0	3
1495	0	0	3	0
1496	0	0	3	0
1497	3	0	0	0
1498	4	0	0	0
1499	4	0	0	0
1500	2	0	2	0
1501	0	0	4	0
1502	4	0	0	0
1503	4	0	0	0
1504	0	0	4	0
1505	0	0	4	0
1506	3	0	0	0
1507	0	4	0	0
1508	4	0	0	0
1509	0	4	0	0
1510	0	4	0	0
1511	4	0	0	0
1512	4	0	0	0
1513	4	0	0	0
1514	0	0	0	4
1515	0	0	4	0
1516	4	0	0	0
1517	4	0	0	0
1518	3	0	1	0
1519	0	0	4	0
1520	4	0	0	0
1521	0	4	0	0
1522	0	0	0	4
1523	0	0	5	0
1524	0	0	0	6
1525	6	0	0	0
1526	0	6	0	0
1527	0	0	0	6
1528	0	0	6	0
1529	6	0	0	0
1530	5	0	1	0
1531	6	0	0	0
1532	0	0	6	0
1533	1	0	5	0
1534	0	7	0	0
1535	6	0	0	0
1536	0	0	6	0
1537	0	0	6	0
1538	0	6	0	0
1539	0	0	0	6
1540	6	0	0	0
1541	6	0	0	0
1542	0	0	0	5
1543	0	0	0	6
1544	0	0	0	5
1545	0	0	0	5
1546	0	0	0	5
1547	0	0	0	4
1548	5	0	0	0
1549	0	0	5	0
1550	0	0	5	0
1551	0	0	5	0
1552	5	0	0	0
1553	3	0	1	0
1554	4	0	0	0
1555	4	0	0	0
1556	0	0	0	4
1557	0	0	0	4
1558	0	0	0	4
1559	0	0	4	0
1560	0	0	3	0
1561	0	4	0	0
1562	0	4	0	0
1563	0	0	0	4
1564	0	0	0	4
1565	0	4	0	0
1566	0	4	0	0
1567	0	4	0	0
1568	4	0	0	0
1569	0	4	0	0
1570	4	0	0	0
1571	3	0	0	0
1572	0	0	3	0
1573	0	0	3	0
1574	0	0	3	0
1575	0	0	3	0
1576	3	0	0	0
1577	0	0	3	0
1578	0	0	3	0
1579	0	3	0	0
1580	0	3	0	0
1581	3	0	0	0
1582	0	0	3	0
1583	0	0	3	0
1584	0	0	3	0
1585	3	0	0	0
1586	3	0	0	0
1587	0	0	0	3
1588	0	0	0	3
1589	0	0	0	3
1590	0	0	0	3
1591	0	3	0	0
1592	0	0	0	3
1593	0	1	0	2
1594	0	3	0	0
1595	3	0	0	0
1596	0	0	3	0
1597	3	0	0	0
1598	3	0	0	0
1599	0	3	0	0
1600	3	0	0	0
1601	0	0	3	0
1602	3	0	0	0
1603	0	3	0	0
1604	0	3	0	0
1605	3	0	0	0
1606	0	0	3	0
1607	3	0	0	0
1608	0	0	3	0
1609	0	3	0	0
1610	0	3	0	0
1611	3	0	0	0
1612	3	0	0	0
1613	0	3	0	0
1614	3	0	0	0
1615	1	0	2	0
1616	0	3	0	0
1617	0	3	0	0
1618	0	3	0	0
1619	0	3	0	0
1620	2	0	0	0
1621	0	3	0	0
1622	0	3	0	0
1623	2	0	0	0
1624	0	0	1	0
1625	0	2	0	0
1626	1	0	0	0
1627	0	0	1	0
1628	1	0	0	0
1629	0	0	1	0
1630	1	0	0	0
1631	0	0	1	0
1632	0	1	0	0
1633	0	0	0	1
1634	0	0	0	1
1635	0	1	0	0
1636	1	0	0	0
1637	0	0	1	0
1638	0	0	1	0
1639	0	0	0	1
1640	0	0	0	1
1641	0	1	0	0
1642	0	0	1	0
1643	1	0	0	0
1644	0	0	1	0
1645	0	0	1	0
1650	1	0	0	0
1651	1	0	0	0
1652	0	1	0	0
1653	0	1	0	0
1654	0	1	0	0
1655	0	1	0	0
1656	0	1	0	0
1657	1	0	0	0
1658	0	1	0	0
1659	0	0	0	1
1660	0	1	0	0
1661	0	1	0	0
1662	0	0	1	0
1663	1	0	0	0
1664	2	0	0	0
1665	0	0	2	0
1666	0	2	0	0
1667	2	0	0	0
1668	0	0	2	0
1669	0	0	2	0
1670	2	0	0	0
1671	0	0	2	0
1672	0	0	0	2
1673	0	2	0	0
1674	0	0	2	0
1675	2	0	0	0
1676	2	0	0	0
1677	2	0	0	0
1678	0	0	2	0
1679	2	0	0	0
1680	0	2	0	0
1681	2	0	0	0
1682	0	0	2	0
1683	0	0	2	0
1684	0	0	2	0
1685	2	0	0	0
1686	2	0	0	0
1687	0	2	0	0
1688	0	2	0	0
1689	0	2	0	0
1690	0	0	0	2
1691	0	0	0	2
1692	2	0	0	0
1693	2	0	0	0
1694	0	2	0	0
1695	0	0	0	2
1696	0	0	2	0
1697	0	2	0	0
1698	0	2	0	0
1699	0	2	0	0
1700	0	0	0	2
1701	0	2	0	0
1702	2	0	0	0
1703	2	0	0	0
1704	2	0	0	0
1705	0	0	0	3
1706	0	4	0	0
1707	4	0	0	0
1708	0	4	0	0
1709	0	0	0	4
1710	0	3	0	0
1711	0	0	0	4
1712	0	0	0	4
1713	0	0	0	5
1714	0	0	5	0
1715	0	0	5	0
1716	0	6	0	0
1717	6	0	0	0
1718	0	0	6	0
1719	0	6	0	0
1720	0	0	6	0
1721	5	0	0	0
1722	0	6	0	0
1723	0	4	0	0
1724	0	6	0	0
1725	0	6	0	0
1726	0	0	0	6
1727	0	0	0	6
1728	0	0	6	0
1729	0	1	0	5
1730	0	6	0	0
1731	0	0	0	6
1732	0	6	0	0
1733	6	0	0	0
1734	6	0	0	0
1735	0	0	0	6
1736	5	0	0	0
1737	5	0	0	0
1738	5	0	0	0
1739	3	0	2	0
1740	0	0	5	0
1741	0	0	0	4
1742	6	0	0	0
1743	0	0	5	0
1744	0	0	6	0
1745	0	0	6	0
1746	0	0	6	0
1747	0	0	6	0
1748	0	2	0	4
1749	0	7	0	0
1750	7	0	0	0
1751	1	0	6	0
1752	3	0	4	0
1753	0	1	0	5
1754	7	0	0	0
1755	7	0	0	0
1756	3	0	4	0
1757	1	0	6	0
1758	0	0	7	0
1759	7	0	0	0
1760	0	0	7	0
1761	0	0	7	0
1762	0	7	0	0
1763	0	0	0	7
1764	0	7	0	0
1765	0	0	0	7
1766	0	7	0	0
1767	0	0	0	7
1768	0	0	0	7
1769	7	0	0	0
1770	0	0	7	0
1771	7	0	0	0
1772	0	6	0	1
1773	7	0	0	0
1774	0	7	0	0
1775	7	0	0	0
1776	0	0	6	0
1777	0	0	6	0
1778	5	0	0	0
1779	0	0	5	0
1780	0	5	0	0
1781	5	0	0	0
1782	0	0	4	0
1783	4	0	0	0
1784	0	0	0	4
1785	0	0	5	0
1786	5	0	0	0
1787	0	0	0	4
1788	4	0	0	0
1789	0	4	0	0
1790	4	0	0	0
1791	0	0	4	0
1792	0	0	0	4
1793	4	0	0	0
1794	0	0	0	4
1795	0	0	0	5
1796	4	0	0	0
1797	0	0	4	0
1798	4	0	0	0
1799	4	0	0	0
1800	0	0	4	0
1801	4	0	0	0
1802	1	3	0	0
1803	5	0	0	0
1804	0	0	0	5
1805	5	0	0	0
1806	4	0	1	0
1807	5	0	0	0
1808	0	0	0	5
1809	0	0	0	5
1810	0	0	0	5
1811	0	0	5	0
1812	0	5	0	0
1813	0	4	0	0
1814	4	0	0	0
1815	0	0	4	0
1816	0	0	4	0
1817	4	0	0	0
1818	4	0	0	0
1819	4	0	0	0
1820	4	0	0	0
1821	0	0	0	4
1822	0	0	4	0
1823	0	0	4	0
1824	4	0	0	0
1825	4	0	0	0
1826	4	0	0	0
1827	0	4	0	0
1828	0	4	0	0
1829	4	0	0	0
1830	4	0	0	0
1831	3	0	1	0
1832	4	0	0	0
1833	4	0	0	0
1834	0	0	0	4
1835	0	0	4	0
1836	4	0	0	0
1837	0	0	0	4
1838	4	0	0	0
1839	0	0	4	0
1840	0	0	4	0
1841	4	0	0	0
1842	0	0	4	0
1843	0	0	4	0
1844	4	0	0	0
1845	4	0	0	0
1846	0	0	0	4
1847	0	0	0	4
1848	0	0	4	0
1849	0	0	4	0
1850	3	1	0	0
1851	0	0	4	0
1852	0	0	4	0
1853	0	0	0	4
1854	0	0	0	4
1855	0	0	0	4
1856	0	0	0	4
1857	3	0	0	0
1858	0	0	0	3
1859	0	3	0	0
1860	3	0	0	0
1861	3	0	0	0
1862	3	0	0	0
1863	0	0	3	0
1864	0	0	0	3
1865	3	0	0	0
1866	3	0	0	0
1867	1	0	2	0
1868	3	0	0	0
1869	0	3	0	0
1870	1	0	0	0
1871	0	0	1	0
1872	0	0	0	1
1951	0	0	0	1
1952	0	0	0	1
1953	0	0	1	0
1954	0	0	1	0
1955	1	0	0	0
1956	1	0	0	0
1957	0	0	2	0
1958	1	0	1	0
1959	2	0	0	0
1960	1	0	0	0
1961	0	1	0	1
1962	2	0	0	0
1963	0	0	0	2
1964	0	0	2	0
1965	0	0	0	3
1966	0	0	0	3
1967	0	0	3	0
1968	3	0	0	0
1969	0	3	0	0
1970	0	0	0	4
1971	0	4	0	0
1972	4	0	0	0
1973	0	0	4	0
1974	0	4	0	0
1975	0	0	0	3
1976	2	0	0	2
1977	0	0	4	0
1978	0	0	4	0
1979	2	0	2	0
1980	0	0	0	4
1981	0	0	4	0
1982	0	2	0	2
1983	4	0	0	0
1984	0	4	0	0
1985	4	0	0	0
1986	0	4	0	0
1987	0	0	0	4
1988	4	0	0	0
1989	4	0	0	0
1990	4	0	0	0
1991	0	0	0	4
1992	0	0	0	4
1993	0	0	0	4
1994	0	0	0	4
1995	0	4	0	0
1996	0	4	0	0
1997	4	0	0	0
1998	4	0	0	0
1999	0	0	0	4
2000	0	0	0	4
2001	4	0	0	0
2002	0	0	4	0
2003	0	0	0	4
2004	0	4	0	0
2005	0	5	0	0
2006	0	4	0	1
2007	5	0	0	0
2008	0	0	0	5
2009	0	0	0	5
2010	0	0	6	0
2011	6	0	0	0
2012	6	0	0	0
2013	6	0	0	0
2014	0	6	0	0
2015	0	0	0	6
2016	0	0	6	0
2017	0	0	0	6
2018	6	0	0	0
2019	0	5	0	0
2020	0	6	0	0
2021	6	0	0	0
2022	0	0	6	0
2023	0	0	0	6
2024	5	0	0	0
2025	5	0	0	0
2026	5	0	0	0
2027	5	0	0	0
2028	0	1	0	4
2029	0	0	0	3
2030	2	0	2	0
2031	4	0	0	0
2032	4	0	0	0
2033	0	0	3	0
2034	0	4	0	0
2035	0	4	0	0
2036	4	0	0	0
2037	0	0	5	0
2038	0	0	5	0
2039	4	0	0	0
2040	4	0	0	0
2041	0	0	0	4
2042	0	0	5	0
2043	0	0	6	0
2044	8	0	0	0
2045	0	0	0	8
2046	0	0	8	0
2047	0	0	8	0
2048	1	7	0	0
2049	0	8	0	0
2050	0	8	0	0
2051	8	0	0	0
2052	8	0	0	0
2053	8	0	0	0
2054	3	0	6	0
2055	0	0	9	0
2056	0	0	0	9
2057	0	3	0	6
2058	9	0	0	0
2059	10	0	0	0
2060	10	0	0	0
2061	0	10	0	0
2062	10	0	0	0
2063	10	0	0	0
2064	0	0	0	8
2065	0	0	10	0
2066	0	0	9	0
2067	0	10	0	0
2068	0	10	0	0
2069	10	0	0	0
2070	0	1	0	9
2071	0	0	0	8
2072	1	0	9	0
2073	10	0	0	0
2074	0	10	0	0
2075	9	0	0	0
2076	0	0	9	0
2077	9	0	0	0
2078	9	0	0	0
2079	0	0	9	0
2080	9	0	0	0
2081	2	0	6	0
2082	8	0	0	0
2083	8	0	0	0
2084	8	0	0	0
2085	8	0	0	0
2086	0	0	0	8
2087	8	0	0	0
2088	8	0	0	0
2089	8	0	0	0
2090	9	0	0	0
2091	0	0	9	0
2092	0	9	0	0
2093	9	0	0	0
2094	0	0	0	9
2095	0	0	0	9
2096	9	0	0	0
2097	9	0	0	0
2098	0	9	0	0
2099	8	0	0	0
2100	0	0	9	0
2101	0	9	0	0
2102	9	0	0	0
2103	9	0	0	0
2104	0	0	0	9
2105	0	2	0	7
2106	0	0	0	9
2107	0	0	9	0
2108	0	0	0	9
2109	0	0	9	0
2110	9	0	0	0
2111	0	0	6	0
2112	0	0	7	0
2113	7	0	0	0
2114	5	0	1	0
2115	5	0	0	0
2116	0	0	0	4
2117	0	0	4	0
2118	0	0	2	0
2119	2	0	0	0
2120	0	0	2	0
2121	3	0	0	0
2122	3	0	0	0
2123	1	0	2	0
2124	0	0	3	0
2125	3	0	0	0
2126	3	0	0	0
2127	0	0	3	0
2128	0	0	2	0
2129	3	0	0	0
2130	3	0	0	0
2131	3	0	0	0
2132	3	0	0	0
2133	3	0	0	0
2134	0	0	0	3
2135	0	0	0	3
2136	3	0	0	0
2137	0	3	0	0
2138	3	0	0	0
2139	3	0	0	0
2140	3	0	0	0
2141	3	0	0	0
2142	3	0	0	0
2143	0	0	0	3
2144	0	0	0	3
2145	0	0	3	0
2146	0	0	3	0
2147	0	0	3	0
2148	0	3	0	0
2149	0	3	0	0
2150	0	0	0	3
2151	0	0	3	0
2152	3	0	0	0
2153	3	0	0	0
2154	3	0	0	0
2155	3	0	0	0
2156	0	0	0	3
2157	0	3	0	0
2158	0	3	0	0
2159	3	0	0	0
2160	0	0	0	3
2161	3	0	0	0
2162	0	0	0	3
2163	4	0	0	0
2164	4	0	0	0
2165	0	4	0	0
2166	4	0	0	0
2167	0	4	0	0
2168	0	0	0	4
2169	0	4	0	0
2170	0	4	0	0
2171	4	0	0	0
2172	3	0	1	0
2173	0	0	0	5
2174	4	0	0	0
2175	0	0	0	5
2176	0	0	0	5
2177	0	0	0	5
2178	0	0	5	0
2179	0	5	0	0
2180	0	5	0	0
2181	5	0	0	0
2182	0	0	0	5
2183	5	0	0	0
2184	5	0	0	0
2185	5	0	0	0
2186	4	0	0	0
2187	4	0	0	0
2188	4	0	0	0
2189	0	0	3	0
2190	4	0	0	0
2191	4	0	0	0
2192	1	0	1	0
2193	0	0	4	0
2194	4	0	0	0
2195	0	4	0	0
2196	3	0	0	0
2197	0	0	3	0
2198	0	0	0	3
2199	2	0	0	0
2200	0	2	0	0
2201	0	0	0	2
2202	2	0	0	0
2203	2	0	0	0
2204	0	0	2	0
2205	0	0	0	2
2206	0	0	2	0
2207	0	0	2	0
2208	2	0	0	0
2209	0	0	2	0
2210	2	0	0	0
2211	2	0	0	0
2212	2	0	0	0
2213	2	0	0	0
2214	0	0	0	2
2215	0	0	0	2
2216	2	0	0	0
2217	0	0	2	0
2218	0	0	0	2
2219	2	0	0	0
2220	0	0	2	0
2221	2	0	0	0
2222	0	0	0	2
2223	0	0	0	2
2224	0	0	0	2
2225	0	1	0	1
2226	2	0	0	0
2227	0	0	2	0
2228	1	0	1	0
2229	0	0	2	0
2230	2	0	0	0
2231	1	0	0	0
2232	0	2	0	0
2233	0	0	0	2
2234	0	1	0	0
2235	1	0	0	0
2236	1	0	0	0
2237	0	0	0	1
2238	1	0	0	0
2239	1	0	0	0
2240	1	0	0	0
2241	1	0	0	0
2250	0	0	1	0
2251	1	0	0	0
2252	0	1	0	0
2253	0	0	0	2
2254	0	0	0	2
2255	0	0	0	2
2256	0	0	0	2
2257	0	0	2	0
2258	0	0	3	0
2259	0	0	3	0
2260	3	0	0	0
2261	1	0	2	0
2262	0	0	3	0
2263	0	0	0	3
2264	0	0	0	3
2265	0	3	0	0
2266	3	0	0	0
2267	3	0	0	0
2268	0	0	0	3
2269	0	0	0	3
2270	3	0	0	0
2271	0	0	3	0
2272	0	0	3	0
2273	3	0	0	0
2274	3	0	0	0
2275	0	0	0	3
2276	3	0	0	0
2277	0	3	0	0
2278	0	3	0	0
2279	3	0	0	0
2280	0	3	0	0
2281	3	0	0	0
2282	0	3	0	0
2283	0	3	0	0
2284	0	3	0	0
2285	3	0	0	0
2286	0	0	3	0
2287	0	3	0	0
2288	3	0	0	0
2289	0	0	3	0
2290	0	0	3	0
2291	0	0	3	0
2292	0	0	0	3
2293	0	0	0	3
2294	3	0	0	0
2295	3	0	0	0
2296	3	0	0	0
2297	2	0	1	0
2298	2	0	1	0
2299	3	0	0	0
2300	0	0	3	0
2301	3	0	0	0
2302	3	0	0	0
2303	2	1	0	0
2304	3	0	0	0
2305	3	0	0	0
2306	3	0	0	0
2307	0	0	0	3
2308	0	3	0	0
2309	3	0	0	0
2310	0	0	3	0
2311	0	0	0	3
2312	0	0	3	0
2313	3	0	0	0
2314	0	3	0	0
2315	3	0	0	0
2316	0	0	3	0
2317	0	0	0	3
2318	2	0	0	0
2319	0	2	0	0
2320	0	0	0	2
2321	0	0	1	0
2322	0	0	1	0
2323	1	0	0	0
2324	0	0	0	1
2325	0	0	1	0
2326	0	0	0	1
2327	0	0	1	0
2328	0	0	1	0
2329	0	0	1	0
2331	0	0	1	0
2332	1	0	0	0
2333	0	0	0	1
2334	0	0	1	0
2335	0	1	0	0
2336	1	0	0	0
2337	0	0	0	1
2338	1	0	0	0
2339	0	0	0	3
2340	0	0	0	3
2341	0	0	0	3
2342	0	0	0	4
2343	0	0	0	4
2344	0	4	0	0
2345	5	0	0	0
2346	0	0	5	0
2347	0	0	0	5
2348	0	0	0	5
2349	0	5	0	0
2350	0	5	0	0
2351	0	0	0	5
2352	0	0	0	5
2353	0	0	0	5
2354	5	0	0	0
2355	0	0	5	0
2356	5	0	0	0
2357	0	0	0	5
2358	0	0	5	0
2359	5	0	0	0
2360	5	0	0	0
2361	1	0	4	0
2362	0	0	5	0
2363	0	5	0	0
2364	0	0	0	5
2365	0	0	0	6
2366	0	6	0	0
2367	6	0	0	0
2368	0	0	6	0
2369	1	0	5	0
2370	6	0	0	0
2371	6	0	0	0
2372	3	0	3	0
2373	0	0	0	7
2374	7	0	0	0
2375	0	0	0	7
2376	7	0	0	0
2377	0	7	0	0
2378	0	0	0	7
2379	0	0	7	0
2380	0	7	0	0
2381	7	0	0	0
2382	0	0	0	7
2383	0	0	0	7
2384	0	7	0	0
2385	7	0	0	0
2386	0	7	0	0
2387	0	7	0	0
2388	7	0	0	0
2389	0	0	0	7
2390	7	0	0	0
2391	0	7	0	0
2392	0	7	0	0
2393	0	3	0	5
2394	8	0	0	0
2395	0	0	8	0
2396	0	0	0	8
2397	8	0	0	0
2398	0	0	0	8
2399	8	0	0	0
2400	8	0	0	0
2401	8	0	0	0
2402	0	5	0	3
2403	9	0	0	0
2404	9	0	0	0
2405	0	0	0	9
2406	0	0	9	0
2407	9	0	0	0
2408	9	0	0	0
2409	9	0	0	0
2410	0	9	0	0
2411	9	0	0	0
2412	0	9	0	0
2413	0	9	0	0
2414	6	0	0	0
2415	0	0	6	0
2416	0	0	6	0
2417	2	0	2	0
2418	3	0	1	0
2419	0	0	0	4
2420	0	0	0	4
2421	4	0	0	0
2422	0	0	4	0
2423	4	0	0	0
2424	0	0	0	3
2425	4	0	0	0
2426	0	0	0	4
2427	0	4	0	0
2428	4	0	0	0
2429	4	0	0	0
2430	0	0	0	4
2431	4	0	0	0
2432	0	0	0	4
2433	4	0	0	0
2434	4	0	0	0
2435	0	0	0	4
2436	0	0	4	0
2437	0	0	0	3
2438	1	0	2	0
2439	0	3	0	0
2440	0	0	0	3
2441	0	1	0	2
2442	0	3	0	0
2443	0	3	0	0
2444	3	0	0	0
2445	0	2	0	0
2446	2	0	0	0
2447	0	0	2	0
2448	0	0	2	0
2449	0	0	2	0
2450	1	0	0	0
2451	0	0	0	1
2452	0	0	1	0
2453	0	0	1	0
2454	1	0	0	0
2455	1	0	0	0
2456	1	0	0	0
2457	0	0	1	0
2458	0	0	1	0
2459	1	0	0	0
2460	0	0	0	1
2461	0	1	0	0
2462	1	0	0	0
2463	0	1	0	0
2464	0	1	0	0
2465	1	0	0	0
2466	0	0	1	0
2467	0	1	0	0
2524	1	0	0	0
2525	1	0	0	0
2526	1	0	0	0
2527	0	0	0	1
2528	1	0	0	0
2529	0	0	2	0
2530	0	0	0	2
2531	0	2	0	0
2532	2	0	0	0
2533	0	0	0	2
2534	0	2	0	0
2535	0	0	0	2
2536	2	0	0	0
2537	0	0	0	2
2538	0	2	0	0
2539	2	0	0	0
2540	3	0	0	0
2541	0	0	0	3
2542	3	0	0	0
2543	0	0	0	3
2544	3	0	0	0
2545	0	0	0	3
2546	0	0	3	0
2547	0	0	3	0
2548	3	0	0	0
2549	0	0	0	3
2550	0	0	3	0
2551	3	0	0	0
2552	0	3	0	0
2553	0	0	0	3
2554	0	0	0	3
2555	0	0	3	0
2556	0	0	0	3
2557	3	0	0	0
2558	0	0	0	3
2559	0	0	3	0
2560	0	0	0	3
2561	3	0	0	0
2562	0	0	3	0
2563	0	0	3	0
2564	3	0	0	0
2565	0	0	0	3
2566	0	3	0	0
2567	1	0	0	2
2568	0	0	3	0
2569	3	0	0	0
2570	0	3	0	1
2571	0	0	0	3
2572	0	0	0	3
2573	3	0	0	0
2574	0	0	3	0
2575	3	0	0	0
2576	2	0	0	1
2577	3	0	0	0
2578	0	0	0	3
2579	3	0	0	0
2580	0	0	3	0
2581	0	0	3	0
2582	0	0	3	0
2583	0	3	0	0
2584	3	0	0	0
2585	3	0	0	0
2586	0	3	0	0
2587	3	0	0	0
2588	0	0	0	3
2589	3	0	0	0
2590	0	0	3	0
2591	3	0	0	0
2592	0	0	3	0
2593	0	3	0	0
2594	3	0	0	0
2595	3	0	0	0
2596	3	0	0	0
2597	2	0	0	0
2598	2	0	0	0
2599	0	0	0	2
2600	2	0	0	0
2601	0	0	2	0
2602	2	0	0	0
2603	1	0	1	0
2604	1	0	1	0
2605	2	0	0	0
2606	0	0	2	0
2607	0	0	0	2
2608	0	0	0	2
2609	2	0	0	0
2610	2	0	0	0
2611	0	0	2	0
2612	2	0	0	0
2613	0	0	2	0
2614	2	0	0	0
2615	1	1	0	0
2616	0	2	0	0
2617	2	0	0	0
2618	0	0	0	2
2619	0	1	0	1
2620	0	0	0	2
2621	1	0	1	0
2622	0	1	0	1
2623	0	0	0	2
2624	2	0	0	0
2625	2	0	0	0
2626	2	0	0	0
2627	1	0	1	0
2628	0	0	0	2
2629	0	0	2	0
2630	0	0	2	0
2631	0	0	2	0
2632	0	0	2	0
2633	2	0	0	0
2634	0	1	0	1
2635	0	0	0	2
2636	0	0	0	2
2637	2	0	0	0
2638	0	2	0	0
2639	0	2	0	0
2640	2	0	0	0
2641	0	2	0	0
2642	2	0	0	0
2643	0	2	0	0
2644	0	2	0	0
2645	1	0	0	0
2646	0	0	1	0
2647	1	0	0	0
2648	0	1	0	0
2649	1	0	0	0
2666	1	0	0	0
2667	0	1	0	0
2668	0	1	0	0
2669	0	1	0	0
2670	0	1	0	0
2671	0	1	0	0
2672	1	0	0	0
2673	0	0	0	1
2674	0	0	0	1
2675	0	0	0	1
2676	0	1	0	0
2677	0	0	0	1
2678	0	0	0	1
2679	0	0	0	1
2680	0	0	1	0
2681	0	0	1	0
2682	1	0	0	0
2683	0	0	0	1
2684	0	0	1	0
2685	0	0	1	0
2686	0	0	1	0
2687	0	0	1	0
2688	0	0	0	1
2689	1	0	0	0
2690	0	0	0	1
2691	0	0	1	0
2692	1	0	0	0
2693	1	0	0	0
2694	0	1	0	0
2695	0	0	0	1
2696	0	1	0	0
2697	0	1	0	0
2698	1	0	0	0
2699	0	0	0	1
2700	0	1	0	0
2701	0	1	0	0
2702	0	0	0	1
2703	0	0	1	0
2704	1	0	0	0
2705	0	1	0	0
2706	1	0	0	0
2707	0	0	1	0
2708	1	0	0	0
2709	0	0	0	1
2710	0	0	1	0
2711	0	0	1	0
2712	1	0	0	0
2713	0	1	0	0
2714	1	0	0	0
2715	0	0	1	0
2716	0	0	0	1
2717	1	0	0	0
2718	0	1	0	0
2719	1	0	0	0
2720	0	0	1	0
2721	0	1	0	0
2722	0	1	0	0
2723	0	0	0	1
2724	1	0	0	0
2725	0	0	0	1
2726	1	0	0	0
2727	0	1	0	0
2728	1	0	0	0
2729	0	0	1	0
2730	0	1	0	0
2731	0	0	0	1
2732	0	0	1	0
2733	0	1	0	0
2734	0	1	0	0
2735	1	0	0	0
2736	0	0	1	0
2737	1	0	0	0
2805	0	0	0	1
2806	1	0	0	0
2807	0	1	0	0
2808	0	1	0	0
2809	0	1	0	0
2810	1	0	0	0
2811	0	0	1	0
2812	0	0	1	0
2813	0	0	1	0
2814	1	0	0	0
2815	0	0	0	1
2816	0	0	0	1
2817	1	0	0	0
2818	1	0	0	0
2819	1	0	0	0
2820	0	0	1	0
2821	0	0	0	1
2822	1	0	0	0
2823	1	0	0	0
2824	0	0	1	0
2825	1	0	0	0
2826	0	1	0	0
2827	1	0	0	0
2828	1	0	0	0
2829	0	0	0	1
2830	0	0	0	1
2831	0	0	0	1
2832	0	0	0	1
2833	0	0	1	0
2834	0	0	0	1
2835	1	0	0	0
2836	1	0	0	0
2837	1	0	0	0
2838	0	1	0	0
2839	0	0	0	1
2840	0	0	0	0
2841	0	1	0	0
2842	0	0	0	1
2843	0	0	0	1
2844	1	0	0	0
2845	0	0	0	0
2846	0	0	1	0
2847	0	0	1	0
2848	0	0	1	0
2849	0	0	1	0
2850	0	0	1	0
2851	0	1	0	0
2852	0	2	0	0
2853	2	0	0	0
2854	2	0	0	0
2855	2	0	0	0
2856	0	0	2	0
2857	0	2	0	0
2858	2	0	0	0
2859	0	2	0	0
2860	0	0	0	2
2861	3	0	0	0
2862	3	0	0	0
2863	0	2	0	0
2864	3	0	0	0
2865	0	0	3	0
2866	3	0	0	0
2867	1	1	0	1
2868	1	0	2	0
2869	0	0	0	3
2870	3	0	0	0
2871	1	0	2	0
2872	0	0	0	3
2873	3	0	0	0
2874	0	3	0	0
2875	0	3	0	0
2876	3	0	0	0
2877	0	3	0	0
2878	0	0	0	3
2879	2	0	1	0
2880	3	0	0	0
2881	0	3	0	0
2882	0	0	0	3
2883	0	0	3	0
2884	3	0	0	0
2885	2	0	1	0
2886	0	0	3	0
2887	3	0	0	0
2888	3	0	0	0
2889	0	0	3	0
2890	0	3	0	0
2891	3	0	0	0
2892	0	0	3	0
2893	3	0	0	0
2894	3	0	0	0
2895	0	0	0	3
2896	0	0	0	3
2897	3	0	0	0
2898	0	0	3	0
2899	3	0	0	0
2900	3	0	0	0
2901	0	0	0	3
2902	0	0	0	3
2903	2	0	1	0
2904	0	0	3	0
2905	0	3	0	0
2906	3	0	0	0
2907	0	0	3	0
2908	3	0	0	0
2909	1	0	1	0
2910	2	0	0	0
2911	2	0	0	0
2912	0	1	0	1
2913	2	0	0	0
2914	0	0	2	0
2915	0	0	2	0
2916	0	0	2	0
2917	1	0	0	0
2918	1	0	0	0
2919	1	0	0	0
2920	0	0	0	1
2921	0	0	0	1
2922	0	2	0	0
2923	0	0	0	2
2924	2	0	0	0
2925	2	0	0	0
2926	2	0	0	0
2927	2	0	0	0
2928	0	0	2	0
2929	2	0	0	0
2930	2	0	0	0
2931	0	2	0	0
2932	0	2	0	0
2933	2	0	0	0
2934	0	0	2	0
2935	0	0	0	2
2936	1	0	0	0
2937	0	1	0	0
2938	1	0	0	0
2939	0	0	0	1
2940	0	0	1	0
2941	0	0	1	0
2942	1	0	0	0
2943	0	0	1	0
2944	0	0	0	1
2945	1	0	0	0
2946	0	0	0	1
2947	1	0	0	0
2948	0	0	0	1
2949	0	0	0	1
2950	1	0	0	0
2951	0	0	0	1
2952	0	0	1	0
2953	1	0	0	0
2954	0	1	0	0
2955	0	1	0	0
2956	0	1	0	0
2957	1	0	0	0
2958	0	0	0	1
2959	0	1	0	0
2960	1	0	0	0
2961	1	0	0	0
2962	1	0	0	0
2963	1	0	0	0
2964	0	0	1	0
2965	1	0	0	0
2966	0	1	0	0
2967	0	0	0	1
2968	0	0	0	1
2969	0	0	1	0
2970	1	0	0	0
2971	0	0	0	1
2972	1	0	0	0
2973	0	0	1	0
2974	0	1	0	0
2975	0	0	0	1
2976	0	0	1	0
2977	1	0	0	0
2978	1	0	0	0
2979	1	0	0	0
2980	0	0	0	1
2981	1	0	0	0
2982	0	1	0	0
2983	1	0	0	0
2984	0	0	1	0
2985	1	0	0	0
2986	1	0	0	0
2987	1	0	0	0
2988	0	1	0	0
2989	1	0	0	0
2990	0	0	1	0
2991	0	0	1	0
2998	1	0	0	0
2999	0	1	0	0
3000	0	1	0	0
3001	1	0	0	0
3002	1	0	0	0
3003	0	0	0	1
3004	0	0	1	0
3005	0	0	1	0
3006	1	0	0	0
3007	0	1	0	0
3008	0	0	0	1
3009	0	0	0	0
3010	1	0	0	0
3011	0	0	0	1
3012	0	1	0	0
3013	1	0	0	0
3014	1	0	0	0
3015	1	0	0	0
3016	0	0	0	1
3017	0	0	0	1
3018	0	0	0	1
3019	1	0	0	0
3020	0	1	0	0
3021	0	1	0	0
3022	1	0	0	0
3023	1	0	0	0
3024	0	0	1	0
3025	1	0	0	0
3026	0	0	1	0
3027	0	1	0	0
3028	0	1	0	0
3029	1	0	0	0
3030	0	0	0	1
3031	0	0	0	1
3032	0	1	0	0
3033	1	0	0	0
3034	1	0	0	0
3035	1	0	0	0
3036	1	0	0	0
3037	1	0	0	0
3038	0	0	0	1
3039	0	1	0	0
3040	0	0	0	1
3041	0	0	1	0
3042	1	0	0	0
3043	1	0	0	0
3044	1	0	0	0
3045	1	0	0	0
3046	0	1	0	0
3047	1	0	0	0
3048	0	0	1	0
3049	0	0	0	0
3050	1	0	0	0
3051	1	0	0	0
3052	1	0	0	0
3053	0	0	1	0
3054	0	0	0	1
3055	1	0	0	0
3056	0	0	0	1
3057	0	0	1	0
3058	0	1	0	0
3059	1	0	0	0
3060	1	0	0	0
3061	1	0	0	0
3062	1	0	0	0
3063	1	0	0	0
3064	0	0	1	0
3065	0	0	1	0
3066	1	0	0	0
3067	1	0	0	0
3068	0	0	1	0
3069	0	0	1	0
3070	0	1	0	0
3071	0	0	0	1
3072	0	0	1	0
3073	0	1	0	0
3074	0	1	0	0
3075	0	0	0	0
3076	1	0	0	0
3077	0	1	0	0
3078	1	0	0	0
3079	0	1	0	0
3080	0	0	0	1
3081	1	0	0	0
3082	1	0	0	0
3083	0	0	0	1
3084	0	0	1	0
3085	1	0	0	0
3086	0	0	0	1
3087	0	0	1	0
3088	0	0	0	1
3089	1	0	0	0
3090	1	0	0	0
3091	1	0	0	0
3092	0	0	1	0
3093	0	1	0	0
3094	1	0	0	0
3095	0	0	1	0
3096	0	0	0	1
3097	0	0	0	1
3098	1	0	0	0
3099	1	0	0	0
3100	0	1	0	0
3101	0	0	0	0
3102	0	0	3	0
3103	3	0	0	0
3104	0	0	3	0
3105	0	0	3	0
3106	0	3	0	0
3107	3	0	0	0
3108	0	0	3	0
3109	0	0	0	3
3110	0	0	3	0
3111	0	3	0	0
3112	3	0	0	0
3113	3	0	0	0
3114	3	0	0	0
3115	4	0	0	0
3116	4	0	0	0
3117	4	0	0	0
3118	0	0	0	4
3119	4	0	0	0
3120	0	0	4	0
3121	0	4	0	0
3122	0	1	0	3
3123	1	0	0	3
3124	0	0	0	3
3125	3	0	1	0
3126	0	0	4	0
3127	4	0	0	0
3128	4	0	0	0
3129	3	0	0	0
3130	0	0	3	0
3131	0	3	0	0
3132	2	0	0	0
3133	0	0	0	3
3134	3	0	0	0
3135	0	0	3	0
3136	0	0	0	3
3137	3	0	0	0
3138	4	0	0	0
3139	0	0	0	4
3140	4	0	0	0
3141	0	0	0	4
3142	0	0	4	0
3143	0	0	4	0
3144	0	0	4	0
3145	0	0	4	0
3146	4	0	0	0
3147	4	0	0	0
3148	4	0	0	0
3149	0	0	4	0
3150	4	0	0	0
3151	0	4	0	0
3152	0	0	0	4
3153	0	4	0	0
3154	0	4	0	0
3155	0	0	0	4
3156	4	0	0	0
3157	5	0	0	0
3158	5	0	0	0
3159	0	0	0	5
3160	0	0	0	5
3161	0	0	0	5
3162	5	0	0	0
3163	0	0	5	0
3164	5	0	0	0
3165	0	4	0	1
3166	0	0	0	5
3167	5	0	0	0
3168	0	5	0	0
3169	0	5	0	0
3170	0	5	0	0
3171	5	0	0	0
3172	0	0	0	5
3173	0	4	0	1
3174	0	3	0	0
3175	3	0	0	0
3176	3	0	0	0
3177	3	0	0	0
3178	3	0	0	0
3179	1	0	2	0
3180	0	0	3	0
3181	3	0	0	0
3182	3	0	0	0
3183	3	0	0	0
3184	0	3	0	0
3185	3	0	0	0
3186	0	0	0	3
3187	0	0	3	0
3188	0	0	3	0
3189	0	0	2	0
3190	2	0	0	0
3191	1	0	1	0
3192	2	0	0	0
3193	0	2	0	1
3194	3	0	0	0
3195	0	0	0	3
3196	0	0	3	0
3197	0	0	3	0
3198	0	0	0	3
3199	0	0	3	0
3200	0	0	3	0
3201	4	0	0	0
3202	0	4	0	0
3203	4	0	0	0
3204	1	0	3	0
3205	4	0	0	0
3206	0	4	0	0
3207	0	0	0	4
3208	4	0	0	0
3209	0	1	0	3
3210	0	0	0	4
3211	0	0	3	0
3212	0	0	3	0
3213	0	3	0	0
3214	3	0	0	0
3215	3	0	0	0
3216	0	0	3	0
3217	0	4	0	0
3218	0	4	0	0
3219	4	0	0	0
3220	0	4	0	0
3221	0	4	0	0
3222	0	0	0	5
3223	0	0	5	0
3224	0	0	5	0
3225	5	0	0	0
3226	0	0	0	5
3227	0	0	0	5
3228	0	5	0	0
3229	0	4	0	0
3230	0	0	0	4
3231	0	0	4	0
3232	4	0	0	0
3233	0	0	4	0
3234	0	0	0	4
3235	0	0	4	0
3236	0	0	4	0
3237	0	0	4	0
3238	4	0	0	0
3239	0	0	4	0
3240	0	0	0	4
3241	0	0	0	4
3242	0	0	0	4
3243	0	0	4	0
3244	0	0	0	4
3245	0	1	0	4
3246	5	0	0	0
3247	5	0	0	0
3248	0	0	0	5
3249	5	0	0	0
3250	0	5	0	0
3251	0	3	0	2
3252	0	5	0	0
3253	0	5	0	0
3254	0	0	0	5
3255	0	5	0	0
3256	0	5	0	0
3257	0	3	0	2
3258	0	5	0	0
3259	0	0	0	5
3260	5	0	0	0
3261	0	0	5	0
3262	0	0	0	5
3263	5	0	0	0
3264	4	0	0	0
3265	4	0	0	0
3266	4	0	0	0
3267	0	0	0	4
3268	0	0	0	4
3269	4	0	0	0
3270	0	0	0	4
3271	0	0	4	0
3272	0	0	4	0
3273	0	0	0	5
3274	5	0	0	0
3275	0	5	0	0
3276	0	6	0	0
3277	6	0	0	0
3278	4	0	2	0
3279	0	6	0	0
3280	0	0	0	6
3281	0	0	6	0
3282	0	0	6	0
3283	6	0	0	0
3284	3	0	3	0
3285	6	0	0	0
3286	6	0	0	0
3287	6	0	0	0
3288	0	0	5	0
3289	6	0	0	0
3290	5	1	0	0
3291	0	6	0	0
3292	0	6	0	0
3293	0	6	0	0
3294	6	0	0	0
3295	0	0	0	6
3296	6	0	0	0
3297	2	3	1	0
3298	0	5	0	1
3299	6	0	0	0
3300	0	0	8	0
3301	0	0	9	0
3302	9	0	0	0
3303	0	0	9	0
3304	0	9	0	0
3305	9	0	0	0
3306	0	0	9	0
3307	8	0	0	0
3308	9	0	0	0
3309	8	0	0	0
3310	0	8	0	0
3311	0	0	0	9
3312	0	0	0	9
3313	0	0	0	9
3314	0	9	0	0
3315	0	0	0	9
3316	9	0	0	0
3317	0	0	0	9
3318	0	0	10	0
3319	0	0	0	10
3320	9	0	0	0
3321	0	0	8	0
3322	8	0	0	0
3323	0	4	0	4
3324	0	0	8	0
3325	0	0	7	0
3326	7	0	1	0
3327	0	0	8	0
3328	0	8	0	0
3329	6	1	0	0
3330	0	0	7	0
3331	0	7	0	0
3332	3	0	0	4
3333	7	0	0	0
3334	7	0	0	0
3335	0	0	0	7
3336	7	0	0	0
3337	0	0	7	0
3338	0	0	7	0
3339	0	0	7	0
3340	7	0	0	0
3341	6	0	1	0
3342	7	0	0	0
3343	0	7	0	0
3344	0	0	0	7
3345	5	0	0	0
3346	5	0	0	0
3347	5	0	0	0
3348	1	2	0	3
3349	0	0	0	6
3350	6	0	0	0
3351	0	0	6	0
3352	0	0	6	0
3353	6	0	0	0
3354	6	0	0	0
3355	6	0	0	0
3356	5	0	0	0
3357	0	0	7	0
3358	0	7	0	0
3359	7	0	0	0
3360	0	0	7	0
3361	0	0	6	0
3362	2	0	5	0
3363	0	0	0	7
3364	7	0	0	0
3365	0	0	0	6
3366	2	0	5	0
3367	0	0	0	8
3368	0	0	1	7
3369	9	0	0	0
3370	0	9	0	0
3371	1	0	0	9
3372	0	0	9	0
3373	9	0	0	0
3374	0	9	0	0
3375	7	0	0	0
3376	0	0	5	0
3377	5	0	0	0
3378	0	0	6	0
3379	0	0	6	0
3380	9	0	0	0
3381	9	0	0	0
3382	0	0	9	0
3383	0	0	10	0
3384	0	10	0	0
3385	10	0	0	0
3386	0	0	10	0
3387	10	0	0	0
3388	10	0	0	0
3389	10	0	0	0
3390	2	0	7	0
3391	0	0	0	9
3392	0	0	0	9
3393	6	0	3	0
3394	0	0	0	9
3395	0	1	0	8
3396	2	0	0	7
3397	0	9	0	0
3398	0	0	0	9
3399	6	3	0	0
3400	1	0	0	9
3401	10	0	0	0
3402	10	0	0	0
3403	1	7	2	0
3404	0	0	0	10
3405	1	0	9	0
3406	10	0	0	0
3407	9	1	0	0
3408	10	0	0	0
3409	0	11	0	0
3410	11	0	0	0
3411	11	0	0	0
3412	0	11	0	0
3413	11	0	0	0
3414	11	0	0	0
3415	11	0	0	0
3416	0	0	0	11
3417	0	11	0	0
3418	12	0	0	0
3419	0	0	12	0
3420	12	0	0	0
3421	12	0	0	0
3422	0	0	12	0
3423	8	0	2	1
3424	0	12	0	0
3425	0	0	0	12
3426	0	0	12	0
3427	12	0	0	0
3428	1	0	10	0
3429	0	0	0	11
3430	0	0	0	11
3431	11	0	0	0
3432	0	3	8	0
3433	11	0	0	0
3434	11	0	0	0
3435	0	0	10	0
3436	0	11	0	0
3437	11	0	0	0
3438	11	0	0	0
3439	0	0	0	10
3440	0	1	0	8
3441	0	9	0	0
3442	9	0	0	0
3443	0	0	9	0
3444	0	9	0	0
3445	0	0	0	9
3446	9	0	0	0
3447	0	0	9	0
3448	0	9	0	0
3449	0	0	0	11
3450	0	7	0	4
3451	0	0	0	12
3452	0	0	12	0
3453	0	12	0	0
3454	12	0	0	0
3455	5	0	6	0
3456	0	0	11	0
3457	12	0	0	0
3458	0	0	0	12
3459	0	0	0	12
3460	0	12	0	0
3461	12	0	0	0
3462	0	0	12	0
3463	0	0	12	0
3464	12	0	0	0
3465	0	7	0	4
3466	0	8	0	3
3467	11	0	0	0
3468	0	0	11	0
3469	11	0	0	0
3470	11	0	0	0
3471	0	0	11	0
3472	0	0	0	11
3473	11	0	0	0
3474	11	0	0	0
3475	11	0	0	0
3476	0	11	0	0
3477	11	0	0	0
3478	0	0	0	11
3479	11	0	0	0
3480	0	0	11	0
3481	0	0	0	10
3482	11	0	0	0
3483	11	0	0	0
3484	0	11	0	0
3485	11	0	0	0
3486	0	0	11	0
3487	11	0	0	0
3488	0	10	0	1
3489	0	0	0	11
3490	0	11	0	0
3491	11	0	0	0
3492	0	11	0	0
3493	10	0	0	0
3494	0	0	10	0
3495	0	0	0	10
3496	10	0	0	0
3497	0	1	0	9
3498	0	0	10	0
3499	0	10	0	0
3500	11	0	0	0
3501	0	0	0	11
3502	0	0	0	11
3503	8	0	0	0
3504	0	0	8	0
3505	0	0	8	0
3506	8	0	0	0
3507	8	0	0	0
3508	0	0	0	8
3509	0	8	0	0
3510	8	0	0	0
3511	0	0	0	8
3512	0	0	0	8
3513	0	8	0	0
3514	8	0	0	0
3515	4	0	4	0
3516	0	0	8	0
3517	0	6	2	0
3518	7	0	1	0
3519	0	8	0	0
3520	3	1	1	2
3521	6	0	1	0
3522	0	7	0	0
3523	0	7	0	0
3524	2	0	0	0
3525	0	0	2	0
3526	2	0	0	0
3527	0	0	0	2
3528	2	0	0	0
3529	1	0	0	0
3530	0	0	1	0
3531	1	0	0	0
3532	0	0	1	0
3533	0	0	0	1
3534	0	0	1	0
3535	1	0	0	0
3536	1	0	0	0
3537	0	0	0	1
3538	0	1	0	0
3539	2	0	0	0
3540	0	0	2	0
3541	2	0	0	0
3542	0	0	2	0
3543	1	0	0	1
3544	0	0	0	2
3545	2	0	0	0
3546	0	0	2	0
3547	0	0	0	2
3548	0	2	0	0
3549	2	0	0	0
3550	2	0	0	0
3551	0	2	0	0
3552	0	2	0	0
3553	2	0	0	0
3554	2	0	0	0
3555	2	0	0	0
3556	0	0	0	2
3557	2	0	0	0
3558	2	0	0	0
3559	0	0	0	2
3560	3	0	0	0
3561	0	0	3	0
3562	3	0	0	0
3563	2	0	1	0
3564	0	3	0	0
3565	3	0	0	0
3566	3	0	0	0
3567	0	0	0	3
3568	0	0	0	3
3569	1	0	1	0
3570	2	0	0	0
3571	0	0	0	2
3572	2	0	0	0
3573	2	0	0	0
3574	1	0	0	0
3575	2	0	0	0
3576	2	0	0	0
3577	2	0	0	0
3578	0	0	2	0
3579	0	0	2	0
3580	2	0	0	0
3581	2	0	0	0
3582	2	0	0	0
3583	1	0	1	0
3584	0	0	2	0
3585	0	0	2	0
3586	0	0	0	2
3587	0	2	0	0
3588	0	0	0	2
3589	2	0	0	0
3590	0	2	0	0
3591	0	2	0	0
3592	0	0	0	2
3593	0	0	2	0
3594	0	0	0	2
3595	0	2	0	0
3596	2	0	0	0
3597	0	0	0	2
3598	0	0	2	0
3599	0	0	2	0
3600	0	0	2	0
3601	0	0	0	2
3602	2	0	0	0
3603	0	2	0	0
3604	0	2	0	0
3605	2	0	0	0
3606	0	0	2	0
3607	0	2	0	0
3608	1	0	0	0
3609	0	1	0	0
3610	1	0	0	0
3611	0	1	0	0
3612	1	0	0	0
3613	1	0	0	0
3614	1	0	0	0
3615	0	0	1	0
3616	0	0	1	0
3628	1	0	0	0
3629	0	0	0	1
3630	0	0	1	0
3631	1	0	0	0
3632	1	0	0	0
3633	0	1	0	0
3634	1	0	0	0
3635	1	0	0	0
3636	0	0	1	0
3637	0	0	0	1
3638	1	0	0	0
3639	0	0	1	0
3640	1	0	0	0
3641	0	0	0	1
3642	1	0	0	0
3643	1	0	0	0
3644	1	0	0	0
3645	0	1	0	0
3646	0	0	0	1
3647	1	0	0	0
3648	0	0	1	0
3649	0	0	0	1
3650	1	0	0	0
3651	1	0	0	0
3652	0	0	1	0
3653	0	0	0	1
3654	1	0	0	0
3655	0	0	1	0
3656	0	0	0	2
3657	0	0	2	0
3658	0	0	2	0
3659	2	0	0	0
3660	2	0	0	0
3661	0	0	0	2
3662	0	2	0	0
3663	2	0	0	0
3664	0	0	2	0
3665	2	0	0	0
3666	2	0	0	0
3667	2	0	0	0
3668	2	0	0	0
3669	0	0	2	0
3670	0	0	0	2
3671	0	0	3	0
3672	0	2	0	0
3673	0	0	0	3
3674	0	0	2	0
3675	0	0	0	3
3676	0	0	0	3
3677	0	0	0	3
3678	0	3	0	0
3679	0	0	0	3
3680	1	0	2	0
3681	0	0	3	0
3682	3	0	0	0
3683	0	0	0	4
3684	0	0	4	0
3685	0	0	4	0
3686	4	0	0	0
3687	4	0	0	0
3688	0	0	0	4
3689	4	0	0	0
3690	0	0	4	0
3691	4	0	0	0
3692	0	0	1	4
3693	5	0	0	0
3694	5	0	0	0
3695	0	0	5	0
3696	0	0	5	0
3697	0	5	0	0
3698	0	0	0	5
3699	0	5	0	0
3700	5	0	0	0
3701	3	0	1	0
3702	0	0	4	0
3703	4	0	0	0
3704	3	0	0	1
3705	0	0	4	0
3706	4	0	0	0
3707	0	0	2	2
3708	0	4	0	0
3709	4	0	0	0
3710	0	0	0	4
3711	0	0	4	0
3712	4	0	0	0
3713	5	0	0	0
3714	5	0	0	0
3715	5	0	0	0
3716	1	0	4	0
3717	0	0	0	5
3718	5	0	0	0
3719	0	0	0	5
3720	0	5	0	0
3721	5	0	0	0
3722	0	5	0	0
3723	5	0	0	0
3724	0	0	5	0
3725	0	5	0	0
3726	4	0	0	0
3727	4	0	0	0
3728	0	0	0	4
3729	0	0	0	3
3730	0	0	3	0
3731	0	0	3	0
3732	3	0	0	0
3733	0	0	3	0
3734	3	0	0	0
3735	0	0	3	0
3736	0	3	0	0
3737	3	0	0	0
3738	3	0	0	0
3739	0	0	0	3
3740	0	0	2	0
3741	0	0	3	0
3742	0	3	0	0
3743	0	0	0	3
3744	3	0	0	0
3745	2	0	1	0
3746	0	0	0	3
3747	0	0	3	0
3748	3	0	0	0
3749	1	0	2	0
3750	0	0	0	3
3751	0	0	0	3
3752	0	0	0	3
3753	3	0	0	0
3754	3	0	0	0
3755	0	0	0	3
3756	0	3	0	0
3757	0	0	0	3
3758	0	0	3	0
3759	0	3	0	0
3760	0	3	0	0
3761	3	0	0	0
3762	0	3	0	0
3763	0	3	0	0
3764	0	3	0	0
3765	1	0	1	0
3766	0	0	0	2
3767	2	0	0	0
3768	0	0	2	0
3769	0	0	0	2
3770	2	0	0	0
3771	0	0	2	0
3772	0	2	0	0
3773	1	1	0	0
3774	2	0	0	0
3775	2	0	0	0
3776	1	0	1	0
3777	0	0	2	0
3778	2	0	0	0
3779	2	0	0	0
3780	2	0	0	0
3781	0	0	0	2
3782	2	0	0	0
3783	0	0	2	0
3784	0	0	0	2
3785	2	0	0	0
3786	0	0	2	0
3787	0	2	0	0
3788	0	0	0	2
3789	2	0	0	0
3790	0	0	2	0
3791	0	2	0	0
3792	0	0	0	2
3793	0	0	2	0
3794	0	0	0	2
3795	0	0	2	0
3796	2	0	0	0
3797	0	0	0	2
3798	2	0	0	0
3799	2	0	0	0
3800	2	0	0	0
3801	0	0	0	2
3802	0	0	2	0
3803	0	0	0	2
3804	0	2	0	0
3805	2	0	0	0
3806	0	0	2	0
3807	0	1	0	1
3808	0	0	0	2
3809	3	0	0	0
3810	3	0	0	0
3811	2	0	0	0
3812	3	0	0	0
3813	0	0	3	0
3814	0	0	3	0
3815	0	0	3	0
3816	0	0	3	0
3817	3	0	0	0
3818	1	0	0	0
3819	0	0	1	0
3820	0	1	0	0
3821	0	1	0	0
3822	1	0	0	0
3823	0	0	0	1
3824	1	0	0	0
3825	0	1	0	0
3826	1	0	0	0
3827	0	0	0	1
3828	0	0	1	0
3829	0	0	1	0
3830	1	0	0	0
3831	0	1	0	0
3832	1	0	0	0
3833	0	0	1	0
3834	0	0	1	0
3835	0	0	0	2
3836	1	0	0	0
3837	0	0	2	0
3838	2	0	0	0
3839	0	2	0	0
3840	0	0	0	2
3841	0	0	2	1
3842	0	0	0	2
3843	3	0	0	0
3844	0	0	3	0
3845	0	0	0	3
3846	0	3	0	0
3847	0	3	0	0
3848	4	0	0	0
3849	0	0	4	0
3850	0	0	3	0
3851	0	0	4	0
3852	4	0	0	0
3853	0	0	0	4
3854	4	0	0	0
3855	0	0	0	4
3856	0	0	4	0
3857	0	0	4	0
3858	0	4	0	0
3859	4	0	0	0
3860	4	0	0	0
3861	0	0	0	3
3862	0	0	0	4
3863	4	0	0	0
3864	0	0	4	0
3865	4	0	0	0
3866	0	0	0	4
3867	0	0	0	3
3868	0	0	3	0
3869	0	0	0	4
3870	4	0	0	0
3871	0	4	0	0
3872	4	0	0	0
3873	0	4	0	0
3874	4	0	0	0
3875	0	0	0	4
3876	0	0	0	3
3877	0	0	0	3
3878	4	0	0	0
3879	0	0	4	0
3880	4	0	0	0
3881	4	0	0	0
3882	0	0	3	0
3883	0	0	3	0
3884	3	0	0	0
3885	3	0	0	0
3886	3	0	0	0
3887	3	0	0	0
3888	1	0	1	0
3889	0	0	0	3
3890	0	2	0	0
3891	3	0	0	0
3892	0	0	0	2
3893	0	3	0	0
3894	0	3	0	0
3895	0	0	0	3
3896	0	0	2	0
3897	0	0	2	0
3898	0	0	0	3
3899	3	0	0	0
3900	0	0	3	0
3901	0	3	0	0
3902	3	0	0	0
3903	0	0	3	0
3904	0	0	0	3
3905	0	3	0	0
3906	0	2	0	0
3907	3	0	0	0
3908	0	0	0	3
3909	0	0	2	0
3910	0	0	0	2
3911	2	0	0	0
3912	0	0	1	0
3913	0	2	0	0
3914	0	2	0	0
3915	2	0	0	0
3916	0	0	2	0
3917	0	0	0	2
3918	0	0	3	0
3919	0	0	3	0
3920	1	1	0	0
3921	0	0	0	2
3922	2	0	0	0
3923	0	1	0	1
3924	2	0	0	0
3925	0	0	0	2
3926	2	0	0	0
3927	0	0	2	0
3928	2	0	0	0
3929	2	0	0	0
3930	0	0	2	0
3931	0	2	0	0
3932	2	0	0	0
3933	0	0	2	0
3934	2	0	0	0
3935	0	0	2	0
3936	0	0	2	0
3937	0	0	0	2
3938	0	0	0	2
3939	2	0	0	0
3940	0	0	0	2
3941	0	2	0	0
3942	0	2	0	0
3943	0	2	0	0
3944	2	0	0	0
3945	0	0	2	0
3946	0	2	0	0
3947	2	0	0	0
3948	0	0	1	0
3949	1	0	0	0
3950	1	0	0	0
3951	1	0	0	0
3952	0	1	0	0
3953	1	0	0	0
3954	0	0	1	0
3955	0	0	2	0
3956	2	0	0	0
3957	0	2	0	0
3958	2	0	0	0
3959	2	0	0	0
3960	0	0	2	0
3961	2	0	0	0
3962	1	0	0	0
3963	2	0	0	0
3964	0	2	0	0
3965	2	0	0	0
3966	0	0	1	0
3967	0	1	1	0
3968	2	0	0	0
3969	0	0	0	2
3970	2	0	0	0
3971	0	2	0	0
3972	0	0	0	2
3973	1	0	0	1
3974	0	0	0	2
3975	2	0	0	0
3976	0	0	0	2
3977	2	0	0	0
3978	0	2	0	0
3979	0	0	0	2
3980	2	0	0	0
3981	2	0	0	0
3982	2	0	0	0
3983	2	0	0	0
3984	0	0	0	2
3985	0	0	0	2
3986	2	0	0	0
3987	0	0	2	0
3988	0	1	0	0
3989	1	1	0	0
3990	0	0	1	0
3991	0	0	2	0
3992	2	0	0	0
3993	1	0	0	0
3994	0	0	1	0
3995	1	0	0	0
3996	0	0	0	1
3997	0	0	1	0
3998	0	0	1	0
3999	0	1	0	0
4000	0	1	0	0
4001	1	0	0	0
4002	0	0	1	0
4003	0	0	0	1
4004	0	1	0	0
4005	1	0	0	0
4006	1	0	0	0
4007	1	0	0	0
4008	0	0	1	0
4009	0	0	0	1
4010	1	0	0	0
4011	1	0	0	0
4012	0	0	0	1
4013	1	0	0	0
4014	0	1	0	0
4015	2	0	0	0
4016	0	0	0	2
4017	2	0	0	0
4018	0	2	0	0
4019	2	0	0	0
4020	0	0	2	0
4021	2	0	0	0
4022	0	1	0	1
4023	2	0	0	0
4024	2	0	0	0
4025	0	0	0	2
4026	0	0	2	0
4027	0	0	1	0
4028	0	1	0	0
4029	1	0	0	0
4030	0	0	1	0
4031	0	0	0	1
4032	1	0	0	0
4033	1	0	0	0
4034	0	0	0	1
4035	0	0	0	1
4036	0	0	0	1
4037	0	1	0	0
4038	1	0	0	0
4039	0	1	0	0
4040	0	1	0	0
4041	1	0	0	0
4042	0	0	1	0
4043	0	0	0	1
4044	0	0	1	0
4045	0	1	0	0
4046	0	0	0	1
4047	0	0	1	0
4048	0	1	0	0
4049	1	0	0	0
4050	0	0	1	0
4051	0	0	0	1
4052	0	0	0	1
4053	1	0	0	0
4054	1	0	0	0
4055	1	0	0	0
4056	0	0	1	0
4057	0	1	0	0
4058	2	0	0	0
4059	0	0	2	0
4060	0	2	0	0
4061	0	2	0	0
4062	0	0	0	2
4063	0	0	2	0
4064	0	0	0	2
4065	0	0	0	2
4066	0	0	2	0
4067	0	0	2	0
4068	0	0	0	2
4069	0	0	2	0
4070	0	0	2	0
4071	0	0	3	0
4072	0	3	0	0
4073	1	0	0	2
4074	0	0	3	0
4075	0	0	3	0
4076	0	0	0	3
4077	3	0	0	0
4078	0	0	0	4
4079	0	4	0	0
4080	2	1	0	0
4081	4	0	0	0
4082	4	0	0	0
4083	0	4	0	0
4084	4	0	0	0
4085	0	0	4	0
4086	0	0	4	0
4087	4	0	0	0
4088	4	0	0	0
4089	0	0	0	3
4090	0	0	0	4
4091	0	1	0	4
4092	0	0	5	0
4093	0	0	5	0
4094	5	0	0	0
4095	8	0	0	0
4096	0	0	0	8
4097	0	0	0	8
4098	0	7	0	0
4099	0	7	0	0
4100	0	8	0	0
4101	0	0	0	8
4102	8	0	0	0
4103	0	8	0	0
4104	8	0	0	0
4105	8	0	0	0
4106	0	0	0	8
4107	0	8	0	0
4108	0	8	0	0
4109	0	8	0	0
4110	0	8	0	0
4111	7	0	0	0
4112	8	0	0	0
4113	7	0	0	0
4114	0	0	8	0
4115	0	0	0	8
4116	0	7	0	0
4117	8	0	0	0
4118	0	0	8	0
4119	0	0	8	0
4120	0	0	8	0
4121	8	0	0	0
4122	0	0	8	0
4123	0	0	0	8
4124	9	0	0	0
4125	0	0	9	0
4126	0	0	0	9
4127	9	0	0	0
4128	0	0	9	0
4129	9	0	0	0
4130	9	0	0	0
4131	0	0	0	9
4132	0	9	0	0
4133	0	9	0	0
4134	9	0	0	0
4135	0	0	0	9
4136	0	0	9	0
4137	9	0	0	0
4138	9	0	0	0
4139	0	1	0	8
4140	9	0	0	0
4141	8	0	0	0
4142	9	0	0	0
4143	0	0	9	0
4144	9	0	0	0
4145	8	0	1	0
4146	0	0	0	9
4147	0	0	0	9
4148	9	0	0	0
4149	8	0	0	0
4150	8	0	0	0
4151	0	0	7	0
4152	7	0	0	0
4153	8	0	0	0
4154	8	0	0	0
4155	8	0	0	0
4156	0	0	0	8
4157	0	6	0	2
4158	7	0	0	0
4159	0	0	0	8
4160	6	1	0	0
4161	0	1	7	0
4162	0	0	8	0
4163	0	0	8	0
4164	0	8	0	0
4165	3	1	0	0
4166	1	0	2	0
4167	1	0	2	0
4168	0	0	0	3
4169	3	0	0	0
4170	2	0	0	0
4171	0	0	2	0
4172	2	0	0	0
4173	0	0	2	0
4174	2	0	0	0
4175	0	0	1	1
4176	0	2	0	0
4177	2	0	0	0
4178	2	0	0	0
4179	0	0	2	0
4180	0	2	0	0
4181	0	0	0	2
4182	0	0	2	0
4183	2	0	0	0
4184	0	0	2	0
4185	0	2	0	0
4186	2	0	0	0
4187	0	3	0	0
4188	0	4	0	0
4189	0	0	0	4
4190	0	0	0	4
4191	4	0	0	0
4192	4	0	0	0
4193	0	0	4	0
4194	4	0	0	0
4195	0	4	0	0
4196	4	0	0	0
4197	0	0	4	0
4198	0	4	0	0
4199	4	0	0	0
4200	0	0	4	0
4201	0	0	0	4
4202	4	0	0	0
4203	0	4	0	0
4204	4	0	0	0
4205	4	0	0	0
4206	4	0	0	0
4207	0	1	0	3
4208	0	0	4	0
4209	0	0	4	0
4210	0	3	0	0
4211	4	0	0	0
4212	0	0	4	0
4213	0	0	0	4
4214	4	0	0	0
4215	0	0	0	4
4216	0	0	0	4
4217	0	5	0	0
4218	5	0	0	0
4219	0	0	0	5
4220	0	0	0	5
4221	0	5	0	0
4222	5	0	0	0
4223	0	5	0	0
4224	6	0	0	0
4225	6	0	0	0
4226	0	0	0	6
4227	0	0	0	6
4228	0	0	0	6
4229	0	0	0	6
4230	6	0	0	0
4231	6	0	0	0
4232	6	0	0	0
4233	6	0	0	0
4234	0	0	6	0
4235	6	0	0	0
4236	5	0	0	0
4237	5	0	1	0
4238	5	0	0	0
4239	0	0	6	0
4240	0	0	6	0
4241	0	0	6	0
4242	0	0	6	0
4243	0	0	5	0
4244	0	0	5	0
4245	6	0	0	0
4246	0	0	0	6
4247	0	0	0	6
4248	0	0	6	0
4249	0	0	6	0
4250	0	0	8	0
4251	0	0	8	0
4252	0	0	8	0
4253	2	0	6	0
4254	0	0	0	7
4255	8	0	0	0
4256	0	6	0	2
4257	7	0	0	0
4258	0	0	7	0
4259	0	0	0	7
4260	0	0	7	0
4261	0	6	0	0
4262	6	0	0	0
4263	0	0	7	0
4264	0	1	6	0
4265	0	0	7	0
4266	0	0	7	0
4267	7	0	0	0
4268	3	0	2	0
4269	6	0	0	0
4270	0	0	6	0
4271	6	0	0	0
4272	6	0	0	0
4273	0	0	0	6
4274	6	0	0	0
4275	6	0	0	0
4276	0	0	0	6
4277	6	0	0	0
4278	0	0	5	0
4279	6	0	0	0
4280	0	4	0	2
4281	6	0	0	0
4282	0	0	0	6
4283	5	0	0	0
4284	6	0	0	0
4285	0	0	0	6
4286	7	0	0	0
4287	0	0	7	0
4288	0	8	0	0
4289	8	0	0	0
4290	8	0	0	0
4291	0	8	0	0
4292	8	0	0	0
4293	0	0	8	0
4294	8	0	0	0
4295	0	5	0	2
4296	7	0	0	0
4297	0	0	0	7
4298	7	0	0	0
4299	0	7	0	0
4300	7	0	0	0
4301	8	0	0	0
4302	8	0	0	0
4303	0	8	0	0
4304	0	0	0	8
4305	8	0	0	0
4306	8	0	0	0
4307	8	0	0	0
4308	0	0	8	0
4309	8	0	0	0
4310	8	0	0	0
4311	0	0	0	8
4312	0	0	0	8
4313	7	0	0	0
4314	0	8	0	0
4315	8	0	0	0
4316	8	0	0	0
4317	7	0	0	0
4318	7	0	0	0
4319	7	0	0	0
4320	0	6	0	0
4321	7	0	0	0
4322	5	0	0	0
4323	5	0	0	0
4324	0	0	0	5
4325	0	0	0	5
4326	5	0	0	0
4327	0	2	0	3
4328	5	0	0	0
4329	5	0	0	0
4330	5	0	0	0
4331	6	0	0	0
4332	6	0	0	0
4333	0	0	0	6
4334	0	0	0	6
4335	0	6	0	0
4336	5	0	0	0
4337	5	0	0	0
4338	5	0	0	0
4339	5	0	0	0
4340	0	2	0	3
4341	0	0	0	5
4342	0	0	0	5
4343	0	0	0	5
4344	0	5	0	0
4345	0	0	6	0
4346	0	0	7	0
4347	0	0	6	0
4348	0	0	0	7
4349	0	0	0	7
4350	0	0	0	7
4351	7	0	0	0
4352	0	0	0	7
4353	0	0	0	7
4354	7	0	0	0
4355	0	7	0	0
4356	7	0	0	0
4357	0	0	6	0
4358	6	0	0	0
4359	0	0	6	0
4360	5	0	0	0
4361	0	5	0	0
4362	5	0	0	0
4363	0	0	5	0
4364	0	5	0	0
4365	5	0	0	0
4366	0	0	5	0
4367	5	0	0	0
4368	0	0	5	0
4369	5	0	0	0
4370	0	5	0	0
4371	0	5	0	0
4372	0	5	0	0
4373	0	0	0	4
4374	3	0	0	0
4375	0	0	0	4
4376	0	0	0	6
4377	0	0	0	6
4378	0	0	6	0
4379	0	0	6	0
4380	5	0	1	0
4381	5	0	1	0
4382	5	1	0	0
4383	0	0	8	0
4384	0	0	9	0
4385	9	0	0	0
4386	0	9	0	0
4387	0	9	0	0
4388	6	0	0	3
4389	0	0	9	0
4390	0	9	0	0
4391	0	9	0	0
4392	9	0	0	0
4393	9	0	0	0
4394	9	0	0	0
4395	0	9	0	0
4396	0	0	0	9
4397	9	0	0	0
4398	0	9	0	0
4399	0	0	0	9
4400	0	7	0	2
4401	0	0	0	9
4402	0	0	9	0
4403	0	0	10	0
4404	9	0	0	0
4405	10	0	0	0
4406	9	0	0	0
4407	0	0	9	0
4408	0	0	9	0
4409	0	0	0	10
4410	0	0	11	0
4411	10	0	0	0
4412	11	0	0	0
4413	0	0	11	0
4414	0	0	11	0
4415	3	0	8	0
4416	0	0	11	0
4417	0	11	0	0
4418	10	0	0	0
4419	0	0	11	0
4420	0	0	0	11
4421	12	0	0	0
4422	0	0	12	0
4423	0	0	0	12
4424	11	0	0	1
4425	12	0	0	0
4426	0	0	0	12
4427	12	0	0	0
4428	0	11	0	0
4429	11	0	0	0
4430	11	0	0	0
4431	0	0	11	0
4432	11	0	0	0
4433	0	1	0	10
4434	11	0	0	0
4435	11	0	0	0
4436	0	11	0	0
4437	11	0	0	0
4438	0	0	11	0
4439	0	0	0	11
4440	0	0	11	0
4441	11	0	0	0
4442	0	10	0	1
4443	12	0	0	0
4444	0	0	0	12
4445	11	1	0	0
4446	11	0	0	0
4447	13	0	0	0
4448	1	0	12	0
4449	0	0	14	0
4450	0	0	0	12
4451	9	0	3	0
4452	0	0	12	0
4453	0	0	1	11
4454	11	1	0	0
4455	0	12	0	0
4456	0	12	0	0
4457	10	0	0	0
4458	5	0	0	0
4459	0	0	5	0
4460	0	0	5	0
4461	5	0	0	0
4462	0	0	5	0
4463	0	0	5	0
4464	5	0	0	0
4465	5	0	0	0
4466	5	0	0	0
4467	0	0	5	0
4468	0	1	0	4
4469	5	0	0	0
4470	5	0	0	0
4471	5	0	0	0
4472	5	0	0	0
4473	5	0	0	0
4474	0	0	0	5
4475	0	5	0	0
4476	5	0	0	0
4477	0	0	0	5
4478	0	0	0	5
4479	5	0	0	0
4480	1	0	3	0
4481	0	0	4	0
4482	0	0	4	0
4483	4	0	0	0
4484	0	4	0	0
4485	0	0	0	2
4486	3	0	0	0
4487	0	0	0	2
4488	0	0	3	0
4489	0	0	3	0
4490	3	0	0	0
4491	3	0	0	0
4492	3	0	0	0
4493	3	0	0	0
4494	0	3	0	0
4495	3	0	0	0
4496	0	0	3	0
4497	3	0	0	0
4498	0	0	0	3
4499	0	0	2	0
4500	0	0	3	0
4501	0	3	0	0
4502	3	0	0	0
4503	0	0	3	0
4504	0	0	3	0
4505	0	0	0	3
4506	0	0	3	0
4507	0	2	0	0
4508	0	0	0	2
4509	0	0	2	0
4510	2	0	0	0
4511	0	0	0	2
4512	0	0	0	2
4513	0	0	2	0
4514	0	0	0	2
4515	0	0	2	0
4516	0	0	0	2
4517	0	0	2	0
4518	0	0	2	0
4519	0	2	0	0
4520	2	0	0	0
4521	0	0	2	0
4522	0	0	1	0
4523	0	0	0	1
4595	0	0	1	0
4596	1	0	0	0
4597	0	0	0	1
4598	0	0	1	0
4599	0	0	1	0
4600	0	0	0	1
4601	1	0	0	0
4602	0	0	0	1
4603	0	0	0	1
4604	1	0	0	0
4605	0	1	0	0
4606	1	0	0	0
4607	0	0	1	0
4608	1	0	0	0
4609	0	2	0	0
4610	2	0	0	0
4611	0	0	0	2
4612	0	2	0	0
4613	2	0	0	0
4614	0	0	0	2
4615	0	0	0	2
4616	2	0	0	0
4617	0	0	0	2
4618	0	0	2	0
4619	2	0	0	0
4620	2	0	0	0
4621	2	0	0	0
4622	0	0	2	0
4623	0	2	0	0
4624	2	0	0	0
4625	0	0	3	0
4626	3	0	0	0
4627	0	3	0	0
4628	3	0	0	0
4629	0	1	0	2
4630	0	3	0	0
4631	0	3	0	0
4632	4	0	0	0
4633	4	0	0	0
4634	2	0	2	0
4635	4	0	0	0
4636	1	0	3	0
4637	0	0	0	4
4638	4	0	0	0
4639	4	0	0	0
4640	0	0	4	0
4641	0	0	0	4
4642	0	0	0	4
4643	0	4	0	0
4644	4	0	0	0
4645	0	0	4	0
4646	4	0	0	0
4647	4	0	0	0
4648	0	0	4	0
4649	0	0	0	4
4650	4	0	0	0
4651	0	4	0	0
4652	4	0	0	0
4653	0	4	0	0
4654	4	0	0	0
4655	0	0	0	4
4656	1	2	0	0
4657	0	4	0	0
4658	0	4	0	0
4659	4	0	0	0
4660	0	1	0	3
4661	0	0	0	4
4662	4	0	0	0
4663	0	0	4	0
4664	0	0	4	0
4665	1	0	3	0
4666	0	0	4	0
4667	4	0	0	0
4668	0	0	2	2
4669	0	0	4	0
4670	0	4	0	0
4671	0	0	0	4
4672	4	0	0	0
4673	0	1	3	0
4674	4	0	0	0
4675	0	0	0	4
4676	0	0	0	4
4677	4	0	0	0
4678	0	0	5	0
4679	0	0	0	4
4680	5	0	0	0
4681	5	0	0	0
4682	0	0	0	4
4683	5	0	0	0
4684	5	0	0	0
4685	4	0	0	1
4686	4	0	0	0
4687	4	0	1	0
4688	0	5	0	0
4689	5	0	0	0
4690	0	0	0	4
4691	5	0	0	0
4692	0	0	0	5
4693	0	0	0	5
4694	0	0	5	0
4695	0	0	5	0
4696	0	0	4	0
4697	0	0	4	0
4698	0	0	2	2
4699	0	2	0	3
4700	0	0	0	5
4701	0	0	5	0
4702	0	5	0	0
4703	5	0	0	0
4704	3	0	2	0
4705	4	0	0	0
4706	0	5	0	0
4707	5	0	0	0
4708	0	0	4	0
4709	0	0	4	0
4710	3	0	0	0
4711	0	0	2	0
4712	3	0	0	0
4713	2	0	0	0
4714	2	0	0	0
4715	0	0	2	0
4716	2	0	0	0
4717	0	0	2	0
4718	2	0	0	0
4719	0	0	1	1
4720	0	0	0	2
4721	0	0	2	0
4722	0	0	1	1
4723	0	2	0	0
4724	2	0	0	0
4725	0	0	0	2
4726	0	1	0	1
4727	0	0	0	2
4728	0	0	2	0
4729	0	0	2	0
4730	0	0	2	0
4731	0	0	0	2
4732	1	1	0	0
4733	2	0	0	0
4734	0	0	0	2
4735	0	0	2	0
4736	0	0	2	0
4737	2	0	0	0
4738	0	0	1	0
4739	0	0	0	2
4740	0	2	0	0
4741	0	0	0	2
4742	0	2	0	0
4743	0	2	0	0
4744	2	0	0	0
4745	0	0	0	2
4746	2	0	0	0
4747	0	0	2	0
4748	2	0	0	0
4749	2	0	0	0
4750	0	0	0	2
4751	0	0	2	0
4752	0	0	2	0
4753	2	0	0	0
4754	0	0	2	0
4755	2	0	0	0
4756	0	0	0	1
4757	0	0	0	1
4758	0	0	1	0
4759	1	0	0	0
4760	1	0	0	0
4761	1	0	0	0
4762	1	0	0	0
4763	1	0	0	0
4764	1	0	0	0
4765	0	0	0	1
4766	1	0	0	0
4767	0	0	0	1
4768	1	0	0	0
4769	0	0	1	0
4770	0	1	0	0
4771	1	0	0	0
4772	0	1	0	0
4773	1	0	0	0
4774	0	1	0	0
4838	0	1	0	0
4839	0	0	0	1
4840	0	0	1	0
4841	0	1	0	0
4842	0	1	0	0
4843	1	0	0	0
4844	0	0	0	1
4845	1	0	0	0
4846	1	0	0	0
4847	0	0	1	0
4848	0	0	1	0
4849	1	0	0	0
4850	1	0	0	0
4851	1	0	0	0
4852	0	0	1	0
4853	0	1	0	0
4854	0	1	0	0
4855	1	0	0	0
4856	0	0	0	1
4857	1	0	0	0
4858	0	0	0	1
4859	0	0	0	1
4860	1	0	0	0
4861	0	0	1	0
4862	0	0	1	0
4863	1	0	0	0
4864	0	1	0	0
4865	1	0	0	0
4866	0	1	0	0
4867	1	0	0	0
4868	0	0	0	1
4869	1	0	0	0
4870	0	0	1	0
4871	0	0	0	1
4872	0	0	0	1
4873	1	0	0	0
4874	0	0	0	1
4875	0	1	0	0
4876	0	1	0	0
4877	0	1	0	0
4878	0	0	0	1
4879	1	0	0	0
4880	0	0	1	0
4881	0	0	1	0
4882	0	0	0	1
4883	0	0	1	0
4884	0	0	0	1
4885	0	0	1	0
4886	1	0	0	0
4887	0	1	0	0
4888	0	0	0	1
4889	1	0	0	0
4890	0	0	0	1
4891	0	1	0	0
4892	1	0	0	0
4893	1	0	0	0
4894	0	0	1	0
4895	0	1	0	0
4896	1	0	0	0
4897	0	0	1	0
4898	0	0	1	0
4899	1	0	0	0
4900	0	1	0	0
4901	1	0	0	0
4902	0	0	0	1
4903	1	0	0	0
4904	1	0	0	0
4905	0	0	0	1
4906	1	0	0	0
4907	1	0	0	0
4908	0	0	1	0
4909	0	0	1	0
4910	0	0	0	1
4911	1	0	0	0
4912	0	0	1	0
4913	0	0	1	0
4914	3	0	0	0
4915	0	0	0	3
4916	0	3	0	0
4917	3	0	0	0
4918	0	3	0	0
4919	0	0	0	3
4920	3	0	0	0
4921	0	3	0	0
4922	3	0	0	0
4923	3	0	0	0
4924	0	0	0	3
4925	3	0	0	0
4926	0	3	0	0
4927	0	3	0	0
4928	0	0	0	3
4929	0	0	3	0
4930	0	0	3	0
4931	0	3	0	0
4932	0	2	0	0
4933	0	2	0	0
4934	0	0	0	2
4935	0	0	2	0
4936	2	0	0	0
4937	0	2	0	0
4938	2	0	0	0
4939	0	0	2	0
4940	0	2	0	0
4941	2	0	0	0
4942	0	0	0	2
4943	0	0	0	2
4944	0	0	2	0
4945	2	0	0	0
4946	0	0	0	2
4947	2	0	0	0
4948	2	0	0	0
4949	2	0	0	0
4950	2	0	0	0
4951	0	2	0	0
4952	0	2	0	0
4953	2	0	0	0
4954	2	0	0	0
4955	2	0	0	0
4956	0	0	2	0
4957	2	0	0	0
4958	2	0	0	0
4959	0	0	2	0
4960	2	0	0	0
4961	0	0	2	0
4962	2	0	0	0
4963	2	0	0	0
4964	2	0	0	0
4965	0	0	2	0
4966	0	2	0	0
4967	0	2	0	0
4968	2	0	0	0
4969	0	2	0	0
4970	0	2	0	0
4971	0	0	0	2
4972	0	2	0	0
4973	0	0	0	2
4974	0	0	2	0
4975	0	2	0	0
4976	0	2	0	0
4977	0	0	0	2
4978	2	0	0	0
4979	0	0	2	0
4980	0	0	0	2
4981	0	0	2	0
4982	0	0	0	2
4983	0	0	0	2
4984	2	0	0	0
4985	0	0	2	0
4986	1	0	0	0
4987	1	0	0	0
4988	1	0	0	0
4989	1	0	0	0
4990	0	0	0	1
4991	0	0	0	1
4992	1	0	0	0
4993	0	0	1	0
4994	0	0	0	1
4995	1	0	0	0
4996	0	0	2	0
4997	2	0	0	0
4998	0	0	2	0
4999	0	0	2	0
5000	2	0	0	0
5001	0	0	0	2
5002	2	0	0	0
5003	0	0	2	0
5004	1	0	0	0
5005	0	0	0	2
5006	0	0	2	0
5007	0	0	2	0
5008	3	0	0	0
5009	3	0	0	0
5010	0	3	0	0
5011	2	0	0	0
5012	2	0	0	0
5013	0	1	1	0
5014	0	2	0	0
5015	0	2	0	0
5016	0	2	0	0
5017	0	2	0	0
5018	2	0	0	0
5019	0	0	2	0
5020	2	0	0	0
5021	2	0	0	0
5022	0	0	2	0
5023	2	0	0	0
5024	0	1	0	1
5025	0	3	0	0
5026	3	0	0	0
5027	0	0	3	0
5028	0	0	3	0
5029	0	0	3	0
5030	0	0	3	0
5031	0	3	0	0
5032	0	3	0	0
5033	0	0	3	0
5034	0	3	0	0
5035	3	0	0	0
5036	0	0	3	0
5037	3	0	0	0
5038	0	0	3	0
5039	0	0	3	0
5040	0	0	3	0
5041	3	0	0	0
5042	3	0	0	0
5043	0	3	0	0
5044	0	3	0	0
5045	3	0	0	0
5046	0	0	0	3
5047	3	0	0	0
5048	0	2	0	0
5049	3	0	0	0
5050	3	0	0	0
5051	0	0	0	3
5052	0	0	3	0
5053	3	0	0	0
5054	3	0	0	0
5055	0	0	0	3
5056	0	0	3	0
5057	0	0	3	0
5058	2	0	1	0
5059	0	3	0	0
5060	3	0	0	0
5061	0	1	0	2
5062	0	0	0	3
5063	3	0	0	0
5064	0	0	3	0
5065	3	0	0	0
5066	0	0	3	0
5067	2	1	0	0
5068	0	0	0	2
5069	0	0	0	2
5070	0	2	0	0
5071	0	0	0	2
5072	2	0	0	0
5073	0	0	2	0
5074	2	0	0	0
5075	0	0	1	0
5076	0	0	2	0
5077	2	0	0	0
5078	2	0	0	0
5079	0	2	0	0
5080	0	0	0	1
5081	0	1	0	0
5082	1	0	0	0
5083	1	0	0	0
5084	0	0	1	0
5085	0	1	0	0
5086	1	0	0	0
5087	0	0	1	0
5088	0	0	1	0
5089	2	0	0	0
5090	2	0	0	0
5091	0	0	1	0
5092	0	2	0	0
5093	0	0	0	2
5094	0	0	2	0
5095	0	0	0	2
5096	0	2	0	0
5097	2	0	0	0
5098	0	0	2	0
5099	2	0	0	0
5100	0	2	0	0
5101	2	0	0	0
5102	0	1	0	0
5103	0	0	0	2
5104	0	0	0	2
5105	0	0	0	2
5106	0	1	0	1
5107	0	2	0	0
5108	0	0	0	2
5109	1	0	0	0
5110	0	0	2	0
5111	2	0	0	0
5112	0	2	0	0
5113	0	2	0	0
5114	3	0	0	0
5115	0	0	0	3
5116	0	0	2	0
5117	0	0	3	0
5118	0	3	0	0
5119	0	0	0	3
5120	2	0	0	1
5121	0	3	0	0
5122	3	0	0	0
5123	0	0	1	2
5124	0	0	3	0
5125	0	0	3	0
5126	0	3	0	0
5127	0	0	0	2
5128	0	0	0	4
5129	1	0	2	0
5130	0	0	4	0
5131	0	0	4	0
5132	4	0	0	0
5133	0	3	0	0
5134	3	0	0	0
5135	0	0	4	0
5136	0	3	0	2
5137	4	0	0	0
5138	0	0	0	6
5139	6	0	0	0
5140	0	0	0	7
5141	0	7	0	0
5142	0	0	0	7
5143	7	0	0	0
5144	0	0	0	7
5145	0	0	7	0
5146	7	0	0	0
5147	7	0	0	0
5148	7	0	0	0
5149	0	7	0	0
5150	0	4	0	3
5151	0	0	0	7
5152	6	0	0	0
5153	0	0	0	7
5154	0	0	7	0
5155	0	0	7	0
5156	4	0	1	0
5157	0	0	6	0
5158	6	0	0	0
5159	0	2	0	4
5160	6	0	0	0
5161	0	6	0	0
5162	0	2	0	4
5163	0	0	0	6
5164	0	0	6	0
5165	0	0	6	0
5166	5	0	1	0
5167	0	6	0	0
5168	6	0	0	0
5169	0	0	6	0
5170	0	0	6	0
5171	6	0	0	0
5172	0	0	7	0
5173	0	0	0	7
5174	0	0	0	7
5175	0	0	7	0
5176	7	0	0	0
5177	7	0	0	0
5178	0	0	7	0
5179	0	6	0	1
5180	0	0	1	6
5181	4	1	0	1
5182	0	0	0	7
5183	4	0	3	0
5184	5	2	0	0
5185	0	0	0	8
5186	7	0	0	0
5187	7	0	0	0
5188	0	0	7	0
5189	7	0	0	0
5190	7	0	0	0
5191	0	1	0	6
5192	6	0	0	1
5193	0	7	0	0
5194	0	0	0	8
5195	0	0	8	0
5196	0	8	0	0
5197	8	0	0	0
5198	6	0	1	0
5199	0	8	0	0
5200	7	0	1	0
5201	7	1	0	0
5202	0	7	0	1
5203	0	0	0	8
5204	8	0	0	0
5205	0	8	0	0
5206	0	0	0	8
5207	0	0	8	0
5208	0	0	0	8
5209	0	0	0	8
5210	0	0	0	9
5211	8	0	0	0
5212	0	0	0	8
5213	0	0	0	8
5214	0	8	0	0
5215	8	0	0	0
5216	0	0	0	8
5217	0	0	0	8
5218	0	0	0	8
5219	0	8	0	0
5220	8	0	0	0
5221	0	0	8	0
5222	8	0	0	0
5223	8	0	0	0
5224	0	0	0	8
5225	0	0	0	8
5226	0	0	8	0
5227	0	0	8	0
5228	0	0	8	0
5229	0	0	1	6
5230	0	0	7	0
5231	0	7	0	0
5232	0	7	0	0
5233	6	0	0	0
5234	0	0	6	0
5235	0	6	0	0
5236	5	0	0	0
5237	0	0	0	5
5238	5	0	0	0
5239	0	0	5	0
5240	0	5	0	0
5241	5	0	0	0
5242	0	0	5	0
5243	4	0	0	0
5244	4	0	0	0
5245	0	0	0	4
5246	4	0	0	0
5247	0	0	4	0
5248	0	0	4	0
5249	2	2	0	0
5250	4	0	0	0
5251	0	0	0	4
5252	0	2	0	1
5253	0	0	0	5
5254	0	0	0	5
5255	0	0	5	0
5256	0	5	0	0
5257	0	0	5	0
5258	3	0	2	0
5259	0	5	0	0
5260	5	0	0	0
5261	0	0	5	0
5262	5	0	0	0
5263	0	0	6	0
5264	4	0	1	0
5265	5	0	0	0
5266	0	0	5	0
5267	5	0	0	0
5268	0	0	5	0
5269	0	5	0	0
5270	5	0	0	0
5271	4	0	0	0
5272	0	0	5	0
5273	5	0	0	0
5274	5	0	0	0
5275	5	0	0	0
5276	0	0	0	5
5277	0	0	6	0
5278	0	0	6	0
5279	6	0	0	0
5280	0	0	5	1
5281	0	6	0	0
5282	0	7	0	0
5283	7	0	0	0
5284	1	0	3	0
5285	0	0	0	4
5286	4	0	0	0
5287	0	0	4	0
5288	4	0	0	0
5289	0	1	0	3
5290	0	4	0	0
5291	0	4	0	0
5292	0	0	0	4
5293	4	0	0	0
5294	4	0	0	0
5295	0	2	1	1
5296	0	4	0	0
5297	0	0	0	4
5298	4	0	0	0
5299	0	0	4	0
5300	4	0	0	0
5301	0	0	4	0
5302	0	4	0	0
5303	0	4	0	0
5304	0	3	0	0
5305	0	0	0	4
5306	0	0	4	0
5307	0	0	4	0
5308	4	0	0	0
5309	4	0	0	0
5310	0	4	0	0
5311	0	4	0	0
5312	4	0	0	0
5313	0	0	0	4
5314	0	4	0	0
5315	0	4	0	0
5316	3	0	1	0
5317	0	0	4	0
5318	0	0	4	0
5319	4	0	0	0
5320	4	0	0	0
5321	0	0	4	0
5322	0	0	0	4
5323	0	4	0	0
5324	4	0	0	0
5325	0	0	4	0
5326	0	4	0	0
5327	0	4	0	0
5328	0	0	0	4
5329	2	0	2	0
5330	4	0	0	0
5331	2	1	0	0
5332	3	0	0	0
5333	0	3	0	0
5334	1	1	0	1
5335	0	3	0	0
5336	0	3	0	0
5337	0	0	0	3
5338	0	0	0	3
5339	0	0	3	0
5340	0	0	0	3
5341	3	0	0	0
5342	2	1	0	0
5343	0	0	0	3
5344	2	1	0	0
5345	2	1	0	0
5346	2	0	0	0
5347	0	0	0	2
5348	0	0	3	0
5349	0	1	0	2
5350	0	0	0	3
5351	3	0	0	0
5352	0	0	0	3
5353	0	0	0	3
5354	0	0	2	0
5355	0	2	0	0
5356	3	0	0	0
5357	3	0	0	0
5358	3	0	0	0
5359	0	1	0	2
5360	1	0	0	2
5361	0	3	0	0
5362	0	0	0	4
5363	0	0	4	0
5364	0	0	0	4
5365	4	0	0	0
5366	0	0	6	0
5367	0	6	0	0
5368	0	0	0	6
5369	6	0	0	0
5370	0	1	0	5
5371	0	6	0	0
5372	5	0	0	0
5373	0	2	0	3
5374	0	0	0	5
5375	0	0	5	0
5376	0	0	0	5
5377	0	3	0	2
5378	0	0	0	5
5379	5	0	0	0
5380	0	0	5	0
5381	0	0	0	5
5382	0	0	0	5
5383	0	0	0	5
5384	0	0	5	0
5385	0	5	0	0
5386	0	0	0	5
5387	0	0	0	5
5388	0	0	0	5
5389	0	6	0	0
5390	6	0	0	0
5391	0	0	6	0
5392	7	0	0	0
5393	0	7	0	0
5394	7	0	0	0
5395	7	0	0	0
5396	7	0	0	0
5397	7	0	0	0
5398	0	0	7	0
5399	0	0	7	0
5400	0	7	0	0
5401	0	0	0	7
5402	0	0	0	7
5403	7	0	0	0
5404	0	0	7	0
5405	0	0	7	0
5406	0	7	0	0
5407	7	0	0	0
5408	0	0	0	6
5409	0	0	0	6
5410	0	0	0	6
5411	0	6	0	0
5412	0	6	0	0
5413	0	0	0	6
5414	6	0	0	0
5415	0	0	0	6
5416	0	0	6	0
5417	0	0	6	0
5418	0	6	0	0
5419	6	0	0	0
5420	0	0	6	0
5421	0	0	6	0
5422	6	0	0	0
5423	4	0	0	0
5424	0	0	5	0
5425	5	0	0	0
5426	5	0	0	0
5427	0	0	4	0
5428	0	4	0	0
5429	0	0	4	0
5430	0	0	4	0
5431	4	0	0	0
5432	0	0	4	0
5433	4	0	0	0
5434	0	4	0	0
5435	3	0	0	0
5436	0	0	3	0
5437	0	3	0	0
5438	0	0	3	0
5439	3	0	0	0
5440	0	3	0	0
5441	0	0	3	0
5442	3	0	0	0
5443	3	0	0	0
5444	0	0	3	0
5445	0	3	0	0
5446	3	0	0	0
5447	0	3	0	0
5448	0	0	0	3
5449	0	3	0	0
5450	0	3	0	0
5451	0	0	0	3
5452	0	1	1	1
5453	0	3	0	0
5454	3	0	0	0
5455	3	0	0	0
5456	0	0	3	0
5457	0	3	0	0
5458	3	0	0	0
5459	0	0	3	0
5460	0	0	0	3
5461	1	0	2	0
5462	3	0	0	0
5463	0	0	2	0
5464	0	0	2	0
5465	2	0	0	0
5466	0	0	0	1
5467	0	1	0	0
5468	1	0	0	0
5469	0	0	0	1
5470	0	1	0	0
5471	1	0	0	0
5472	1	0	0	0
5473	1	0	0	0
5474	1	0	0	0
5475	0	0	0	1
5476	0	1	0	0
5477	0	1	0	0
5478	0	0	0	1
5479	0	1	0	0
5480	0	0	0	1
5481	1	0	0	0
5482	0	1	0	0
5483	0	1	0	0
5484	1	0	0	0
5485	1	0	0	0
5486	1	0	0	0
5487	0	0	1	0
5488	0	1	0	0
5489	1	0	0	0
5490	0	0	1	0
5491	0	0	0	1
5492	1	0	0	0
5493	1	0	0	0
5494	0	0	1	0
5495	0	0	0	1
5496	1	0	0	0
5525	0	0	0	1
5526	0	0	0	0
5527	0	0	1	0
5528	1	0	0	0
5529	0	0	0	1
5530	0	0	0	1
5531	1	0	0	0
5532	0	0	0	1
5533	2	0	0	0
5534	0	0	2	0
5535	2	0	0	0
5536	1	0	1	0
5537	0	0	0	2
5538	2	0	0	0
5539	0	0	2	0
5540	0	0	2	0
5541	1	0	0	0
5542	1	0	1	0
5543	0	0	0	2
5544	1	0	0	0
5545	0	0	2	0
5546	0	1	1	0
5547	2	0	0	0
5548	0	0	2	0
5549	0	2	0	0
5550	1	0	0	1
5551	0	0	0	2
5552	0	0	0	2
5553	0	0	2	0
5554	2	0	0	0
5555	0	0	0	2
5556	2	0	0	0
5557	1	0	0	0
5558	0	0	0	2
5559	2	0	0	0
5560	0	0	2	0
5561	0	2	0	0
5562	2	0	0	0
5563	0	0	0	2
5564	0	0	0	2
5565	2	0	0	0
5566	1	0	0	0
5567	0	0	0	2
5568	0	2	0	0
5569	2	0	0	0
5570	0	0	0	2
5571	2	0	0	0
5572	0	0	2	0
5573	0	2	0	0
5574	1	0	0	0
5575	2	0	0	0
5576	0	0	0	2
5577	2	0	0	0
5578	0	0	1	0
5579	0	0	0	2
5580	2	0	0	0
5581	0	0	2	0
5582	0	0	0	2
5583	0	0	2	0
5584	0	0	0	2
5585	0	0	2	0
5586	0	0	2	0
5587	2	0	0	0
5588	0	1	1	0
5589	0	3	0	0
5590	2	0	0	0
5591	0	0	0	2
5592	2	0	0	0
5593	0	0	2	0
5594	0	1	0	1
5595	2	0	0	0
5596	0	0	0	2
5597	2	0	0	0
5598	0	1	0	1
5599	1	0	0	1
5600	0	0	0	2
5601	2	0	0	0
5602	0	0	2	0
5603	2	0	0	0
5604	1	0	1	0
5605	0	0	0	1
5606	1	0	0	0
5607	0	0	0	1
5608	1	0	0	0
5609	0	0	1	0
5610	0	0	1	0
5611	1	0	0	0
5612	1	0	0	0
5613	0	0	1	0
5614	0	0	0	1
5615	0	0	0	1
5616	0	0	1	0
5617	0	0	1	0
5618	0	0	0	1
5619	2	0	0	0
5620	2	0	0	0
5621	0	0	2	0
5622	2	0	0	0
5623	0	2	0	0
5624	2	0	0	0
5625	2	0	0	0
5626	2	0	0	0
5627	1	0	1	0
5628	1	1	0	0
5629	2	0	0	0
5630	2	0	0	0
5631	2	0	0	0
5632	2	0	0	0
5633	0	0	0	2
5634	2	0	0	0
5635	0	0	2	0
5636	2	0	0	0
5637	0	2	0	0
5638	1	0	0	1
5639	0	0	2	0
5640	0	0	2	0
5641	0	0	0	2
5642	0	0	0	2
5643	2	0	0	0
5644	2	0	0	0
5645	0	0	0	2
5646	0	0	0	2
5647	1	0	1	0
5648	2	0	0	0
5649	2	0	0	0
5650	2	0	0	0
5651	0	0	2	0
5652	2	0	0	0
5653	2	0	0	0
5654	0	0	0	2
5655	0	0	0	2
5656	2	0	0	0
5657	0	0	2	0
5658	0	0	3	0
5659	0	0	3	0
5660	3	0	0	0
5661	3	0	0	0
5662	3	0	0	0
5663	0	0	3	0
5664	3	0	0	0
5665	0	0	3	0
5666	0	3	0	0
5667	3	0	0	0
5668	0	0	3	0
5669	3	0	0	0
5670	3	0	0	0
5671	0	0	3	0
5672	3	0	0	0
5673	0	3	0	0
5674	3	0	0	0
5675	0	0	3	0
5676	0	0	0	3
5677	0	0	3	0
5678	0	0	3	0
5679	0	3	0	0
5680	3	0	0	0
5681	2	0	0	0
5682	0	0	0	2
5683	0	0	2	0
5684	2	0	0	0
5685	0	0	2	0
5686	2	0	0	0
5687	0	0	2	0
5688	0	0	0	1
5689	0	0	2	0
5690	2	0	0	0
5691	0	0	2	0
5692	0	0	1	0
5693	0	0	1	0
5694	0	0	1	0
5695	0	0	1	0
5696	1	0	0	0
5697	0	0	0	0
5698	1	0	0	0
5699	0	1	0	0
5700	0	1	0	0
5701	0	0	1	0
5702	1	0	0	0
5703	0	0	1	0
5704	0	0	1	0
5705	1	0	0	0
5706	0	0	0	0
5707	0	0	0	1
5708	0	0	0	1
5709	0	0	1	0
5710	0	0	1	0
5711	0	1	0	0
5712	0	1	0	0
5713	1	0	0	0
5714	0	1	0	0
5715	1	0	0	0
5716	1	0	0	0
5717	0	0	0	1
5718	0	0	1	0
5719	0	0	1	0
5720	0	0	0	1
5721	0	0	1	0
5722	0	0	1	0
5723	1	0	0	0
5724	0	0	0	1
5725	1	0	0	0
5726	0	0	0	1
5727	0	0	1	0
5728	0	0	1	0
5729	0	0	1	0
5730	0	0	1	0
5731	0	1	0	0
5774	0	0	0	0
5775	1	0	0	0
5776	0	1	0	0
5777	0	0	0	1
5778	0	0	0	1
5779	0	0	1	0
5780	0	0	0	1
5781	0	0	1	0
5782	0	0	1	0
5783	0	0	1	0
5784	0	0	0	1
5785	0	1	0	0
5786	1	0	0	0
5787	0	1	0	0
5788	1	0	0	0
5789	0	0	1	0
5790	0	0	0	1
5791	0	1	0	0
5792	0	0	0	1
5793	1	0	0	0
5794	0	0	0	1
5795	0	0	0	1
5796	1	0	0	0
5797	0	0	0	1
5798	0	0	1	0
5799	0	0	1	0
5800	0	0	1	0
5801	0	0	1	0
5802	0	0	0	1
5803	1	0	0	0
5804	0	1	0	0
5805	0	1	0	0
5809	0	0	1	0
5810	0	0	0	1
5811	0	0	1	0
5812	0	0	1	0
5813	1	0	0	0
5814	0	1	0	0
5815	1	0	0	0
5816	0	0	1	0
5817	1	0	0	0
5818	1	0	0	0
5819	0	0	1	0
5820	0	1	0	0
5821	1	0	0	0
5822	1	0	0	0
5823	1	0	0	0
5824	1	0	0	0
5825	1	0	0	0
5826	0	1	0	0
5827	0	0	0	1
5828	1	0	0	0
5829	0	1	0	0
5830	0	0	0	1
5831	0	1	0	0
5832	0	0	0	1
5833	1	0	0	0
5834	0	0	0	1
5835	0	0	0	1
5836	0	1	0	0
5837	0	0	0	1
5838	0	0	1	0
5839	0	0	0	1
5840	0	0	1	0
5841	0	1	0	0
5842	1	0	0	0
5843	0	0	0	1
5844	0	1	0	0
5845	1	0	0	0
5846	0	0	1	0
5847	1	0	0	0
5848	0	0	0	1
5849	0	0	1	0
5850	0	1	0	0
5851	0	0	0	1
5852	1	0	0	0
5853	1	0	0	0
5854	1	0	0	0
5855	0	0	1	0
5856	0	1	0	0
5857	1	0	0	0
5858	0	0	0	3
5859	3	0	0	0
5860	0	0	0	3
5861	0	0	3	0
5862	3	0	0	0
5863	0	2	1	0
5864	3	0	0	0
5865	3	0	0	0
5866	3	0	0	0
5867	0	0	3	0
5868	3	0	0	0
5869	2	0	1	0
5870	0	0	2	0
5871	0	0	0	3
5872	0	0	3	0
5873	0	3	0	0
5874	3	0	0	0
5875	0	0	0	3
5876	3	0	0	0
5877	3	0	0	0
5878	0	0	0	2
5879	0	0	2	0
5880	0	0	0	3
5881	0	2	0	0
5882	0	0	0	2
5883	0	0	3	0
5884	0	0	3	0
5885	0	0	3	0
5886	0	3	0	0
5887	0	0	0	3
5888	2	0	0	0
5889	0	3	0	0
5890	3	0	0	0
5891	0	3	0	0
5892	3	0	0	0
5893	0	0	0	3
5894	0	0	3	0
5895	0	3	0	0
5896	0	3	0	0
5897	0	0	0	2
5898	0	0	3	0
5899	0	0	0	3
5900	0	0	3	0
5901	0	0	0	3
5902	3	0	0	0
5903	0	3	0	0
5904	0	3	0	0
5905	0	2	1	0
5906	3	0	0	0
5907	0	3	0	0
5908	3	0	0	0
5909	0	0	2	0
5910	3	0	0	0
5911	0	3	0	0
5912	0	3	0	0
5913	0	3	0	0
5914	0	2	0	0
5915	3	0	0	0
5916	3	0	0	0
5917	0	3	0	0
5918	0	3	0	0
5919	0	3	0	0
5920	3	0	0	0
5921	0	3	0	0
5922	3	0	0	0
5923	2	0	0	0
5924	0	0	3	0
5925	3	0	0	0
5926	3	0	0	0
5927	1	0	0	1
5928	0	0	0	3
5929	3	0	0	0
5930	0	0	2	0
5931	0	0	0	2
5932	0	1	0	0
5933	0	0	0	2
5934	0	0	0	2
5935	0	0	2	0
5936	0	0	2	0
5937	0	0	2	0
5938	2	0	0	0
5939	2	0	0	0
5940	2	0	0	0
5941	0	0	0	2
5942	1	0	1	0
5943	0	0	0	2
5944	2	0	0	0
5945	1	0	0	0
5946	0	2	0	0
5947	2	0	0	0
5948	0	0	2	0
5949	2	0	0	0
5950	2	0	0	0
5951	2	0	0	0
5952	2	0	0	0
5953	1	0	0	0
5954	0	0	0	1
5955	0	0	0	1
5956	0	0	0	1
5957	1	0	0	0
5958	2	0	0	0
5959	0	2	0	0
5960	2	0	0	0
5961	0	0	0	2
5962	0	0	2	0
5963	0	0	0	2
5964	0	0	2	0
5965	0	0	2	0
5966	0	0	2	0
5967	2	0	0	0
5968	2	0	0	0
5969	2	0	0	0
5970	2	0	0	0
5971	0	0	0	2
5972	0	0	2	0
5973	2	0	0	0
5974	0	2	0	0
5975	2	0	0	0
5976	0	0	0	2
5977	0	0	2	0
5978	0	0	2	0
5979	0	1	0	0
5980	0	0	1	0
5981	0	0	1	0
5982	1	0	0	0
5983	0	0	0	1
5984	0	1	0	0
5985	1	0	0	0
5986	0	0	1	0
5987	1	0	0	0
5988	0	0	0	1
5989	0	0	1	0
5990	0	1	0	0
5991	1	0	0	0
5992	0	0	0	1
5993	0	0	1	0
5994	1	0	0	0
5995	0	0	1	0
5996	0	0	1	0
5997	1	0	0	0
5998	0	0	0	2
5999	2	0	0	0
6000	0	0	0	2
6001	2	0	0	0
6002	2	0	0	0
6003	0	0	0	2
6004	0	2	0	0
6005	2	0	0	0
6006	0	0	2	0
6007	0	0	0	2
6008	1	0	0	1
6009	0	0	0	2
6010	2	0	0	0
6011	0	0	0	2
6012	0	0	2	0
6013	0	0	2	0
6014	0	0	2	0
6015	2	0	0	0
6016	0	0	0	2
6017	0	2	0	0
6018	2	0	0	0
6019	2	0	0	0
6020	2	0	0	0
6021	0	0	2	0
6022	0	1	0	1
6023	0	2	0	0
6024	0	0	0	2
6025	2	0	0	0
6026	2	0	0	0
6027	2	0	0	0
6028	2	0	0	0
6029	0	2	0	0
6030	0	2	0	0
6031	2	0	0	0
6032	0	0	0	1
6033	0	0	1	0
6034	0	0	0	1
6035	0	0	1	0
6036	0	0	0	1
6037	1	0	0	0
6038	1	0	0	0
6039	1	0	0	0
6040	0	0	1	0
6041	0	0	0	1
6042	0	0	0	1
6043	0	0	1	0
6044	1	0	0	0
6045	0	1	0	0
6046	0	1	0	0
6047	0	1	0	0
6048	0	1	0	0
6049	1	0	0	0
6050	0	1	0	0
6051	0	0	0	1
6052	0	1	0	0
6053	0	0	0	1
6054	0	0	1	0
6055	0	0	0	1
6056	0	0	1	0
6057	0	0	0	1
6058	0	1	0	0
6059	1	0	0	0
6060	0	1	0	0
6061	0	0	0	1
6062	0	0	0	1
6063	0	0	0	1
6064	1	0	0	0
6065	1	0	0	0
6066	1	0	0	0
6067	0	1	0	0
6068	0	0	0	1
6069	0	0	1	0
6070	0	0	0	1
6103	1	0	0	0
6104	1	0	0	0
6105	0	0	0	1
6106	1	0	0	0
6107	1	0	0	0
6108	0	0	0	1
6109	1	0	0	0
6110	0	1	0	0
6111	0	1	0	0
6112	1	0	0	0
6113	0	0	0	1
6114	0	0	1	0
6115	0	0	1	0
6116	1	0	0	0
6117	0	0	0	1
6118	0	0	1	0
6119	0	0	1	0
6120	1	0	0	0
6121	0	0	1	0
6122	1	0	0	0
6123	1	0	0	0
6124	1	0	0	0
6125	0	0	0	1
6126	0	0	1	0
6127	1	0	0	0
6128	1	0	0	0
6129	1	0	0	0
6130	1	0	0	0
6131	1	0	0	0
6132	0	0	0	1
6133	0	0	0	1
6134	0	0	1	0
6135	0	1	0	0
6136	0	0	0	1
6137	0	1	0	0
6138	0	0	0	1
6139	0	0	0	1
6140	0	0	0	1
6141	0	1	0	0
6142	1	0	0	0
6143	1	0	0	0
6144	0	0	0	1
6145	1	0	0	0
6146	0	0	0	1
6147	1	0	0	0
6148	1	0	0	0
6149	0	1	0	0
6150	0	1	0	0
6151	0	0	0	0
6152	0	1	0	0
6261	0	0	0	1
6262	0	0	0	0
6263	0	1	0	0
6264	0	1	0	0
6265	0	0	0	1
6266	0	1	0	0
6267	1	0	0	0
6268	0	0	1	0
6269	0	0	0	1
6270	0	1	0	0
6271	1	0	0	0
6272	0	0	0	1
6273	1	0	0	0
6274	1	0	0	0
6275	0	1	0	0
6276	1	0	0	0
6277	0	1	0	0
6278	1	0	0	0
6279	1	0	0	0
6280	0	0	1	0
6281	0	1	0	0
6282	0	1	0	0
6283	0	0	0	1
6284	0	0	1	0
6285	0	0	0	1
6286	0	1	0	0
6287	0	1	0	0
6288	1	0	0	0
6289	1	0	0	0
6290	1	0	0	0
6291	0	0	1	0
6292	0	0	1	0
6293	0	0	0	1
6294	0	1	0	0
6295	1	0	0	0
6296	0	1	0	0
6297	0	0	0	1
6298	0	0	0	1
6299	0	0	0	1
6300	0	0	0	1
6301	0	0	1	0
6302	1	0	0	0
6303	0	1	0	0
6304	0	1	0	0
6305	0	1	0	0
6306	1	0	0	0
6307	1	0	0	0
6308	0	0	0	1
6309	0	0	0	1
6310	0	1	0	0
6311	0	1	0	0
6312	0	0	0	1
6313	1	0	0	0
6314	0	0	0	1
6315	1	0	0	0
6316	0	1	0	0
6317	1	0	0	0
6318	0	0	0	1
6319	0	0	0	1
6320	1	0	0	0
6321	0	0	0	1
6322	0	0	0	1
6323	0	0	1	0
6324	0	0	0	2
6325	0	0	2	0
6326	0	2	0	0
6327	0	0	0	2
6328	0	2	0	0
6329	0	2	0	0
6330	2	0	0	0
6331	0	0	2	0
6332	0	2	0	0
6333	0	0	0	2
6334	0	0	2	0
6335	0	0	1	0
6336	0	0	0	1
6337	0	0	0	1
6338	1	0	0	0
6339	0	0	0	1
6340	0	0	1	0
6341	0	1	0	0
6342	0	0	1	0
6343	1	0	0	0
6344	0	0	0	1
6345	0	0	0	1
6346	0	1	0	0
6347	0	0	0	1
6348	1	0	0	0
6349	1	0	0	0
6350	1	0	0	0
6351	0	0	1	0
6352	0	0	0	1
6353	0	0	1	0
6354	0	0	0	1
6355	1	0	0	0
6356	1	0	0	0
6357	0	0	0	1
6358	1	0	0	0
6359	1	0	0	0
6360	0	0	0	1
6361	2	0	0	0
6362	2	0	0	0
6363	0	0	2	0
6364	2	0	0	0
6365	0	2	0	0
6366	2	0	0	0
6367	0	0	0	2
6368	0	0	0	2
6369	0	2	0	0
6370	2	0	0	0
6371	2	0	0	0
6372	0	0	0	2
6373	0	0	2	0
6374	0	0	2	0
6375	0	1	0	0
6376	2	0	0	0
6377	0	2	0	0
6378	2	0	0	0
6379	0	0	1	0
6380	0	0	2	0
6381	2	0	0	0
6382	0	2	0	0
6383	0	2	0	0
6384	2	0	0	0
6385	0	0	0	2
6386	0	0	2	0
6387	0	2	0	0
6388	2	0	0	0
6389	2	0	0	0
6390	0	0	0	2
6391	2	0	0	0
6392	2	0	0	0
6393	0	0	0	3
6394	0	0	3	0
6395	0	0	0	3
6396	0	2	0	0
6397	3	0	0	0
6398	0	0	3	0
6399	0	3	0	0
6400	3	0	0	0
6401	0	3	0	0
6402	3	0	0	0
6403	0	0	3	0
6404	0	0	0	3
6405	3	0	0	0
6406	0	3	0	0
6407	3	0	0	0
6408	3	0	0	0
6409	0	0	0	3
6410	0	0	3	0
6411	0	0	0	3
6412	3	0	0	0
6413	0	3	0	0
6414	3	0	0	0
6415	0	3	0	0
6416	3	0	0	0
6417	0	0	0	3
6418	0	0	3	0
6419	0	0	3	0
6420	2	0	1	0
6421	3	0	0	0
6422	0	0	0	3
6423	0	0	0	3
6424	3	0	0	0
6425	2	0	1	0
6426	0	0	3	0
6427	0	3	0	0
6428	0	3	0	0
6429	3	0	0	0
6430	0	0	3	0
6431	0	0	0	3
6432	1	0	2	0
6433	0	0	3	0
6434	0	0	0	3
6435	1	1	0	1
6436	0	0	0	3
6437	0	3	0	0
6438	3	0	0	0
6439	3	0	0	0
6440	0	3	0	0
6441	0	0	0	3
6442	0	3	0	0
6443	3	0	0	0
6444	3	0	0	0
6445	0	2	0	1
6446	0	0	0	3
6447	3	0	0	0
6448	0	1	0	2
6449	0	0	0	3
6450	0	0	3	0
6451	0	1	0	2
6452	0	0	0	3
6453	3	0	0	0
6454	3	0	0	0
6455	3	0	0	0
6456	0	0	0	3
6457	0	0	3	0
6458	0	0	3	0
6459	0	0	0	3
6460	3	0	0	0
6461	0	0	3	0
6462	1	2	0	0
6463	0	3	0	0
6464	0	0	0	3
6465	3	0	0	0
6466	0	0	3	0
6467	0	3	0	0
6468	2	0	0	0
6469	0	0	1	0
6470	1	0	0	0
6471	1	0	0	0
6472	1	0	0	0
6473	1	0	0	0
6474	1	0	0	0
6475	0	0	1	0
6507	0	1	0	0
6508	1	0	0	0
6509	1	0	0	0
6510	0	0	0	1
6511	0	0	1	0
6512	0	0	0	1
6513	0	1	0	0
6514	1	0	0	0
6515	1	0	0	0
6516	1	0	0	0
6517	1	0	0	0
6518	0	1	0	0
6519	1	0	0	0
6520	1	0	0	0
6521	0	0	0	1
6522	1	0	0	0
6523	1	0	0	0
6524	0	0	0	1
6525	1	0	0	0
6526	0	0	1	0
6527	0	0	0	1
6528	1	0	0	0
6529	0	2	0	0
6530	2	0	0	0
6531	0	0	0	2
6532	0	2	0	0
6533	0	0	0	2
6534	0	2	0	0
6535	2	0	0	0
6536	2	0	0	0
6537	0	0	0	2
6538	0	0	2	0
6539	2	0	0	0
6540	2	0	0	0
6541	0	0	0	3
6542	0	3	0	0
6543	0	0	0	3
6544	1	0	2	0
6545	0	0	0	3
6546	3	0	0	0
6547	0	0	3	0
6548	3	0	0	0
6549	1	0	2	0
6550	3	0	0	0
6551	0	0	0	3
6552	0	0	0	3
6553	2	0	1	0
6554	1	1	0	1
6555	0	0	1	2
6556	0	0	0	3
6557	0	0	3	0
6558	0	0	0	3
6559	3	0	0	0
6560	0	2	0	1
6561	3	0	0	0
6562	3	0	0	0
6563	0	0	3	0
6564	3	0	0	0
6565	0	3	0	0
6566	0	3	0	0
6567	0	2	0	1
6568	2	0	1	0
6569	2	0	1	0
6570	0	3	0	0
6571	5	0	0	0
6572	5	0	0	0
6573	0	0	0	5
6574	5	0	0	0
6575	5	0	0	0
6576	0	0	0	5
6577	5	0	0	0
6578	0	5	0	0
6579	4	0	0	0
6580	4	0	0	0
6581	0	0	4	0
6582	4	0	0	0
6583	4	0	0	0
6584	4	0	0	0
6585	4	0	0	0
6586	4	0	0	0
6587	0	0	4	0
6588	0	0	0	4
6589	3	0	1	0
6590	0	0	0	4
6591	4	0	0	0
6592	4	0	0	0
6593	0	0	4	0
6594	1	0	3	0
6595	5	0	0	0
6596	0	0	0	5
6597	5	0	0	0
6598	0	0	5	0
6599	0	0	5	0
6600	5	0	0	0
6601	0	5	0	0
6602	0	5	0	0
6603	5	0	0	0
6604	0	0	4	0
6605	0	0	4	0
6606	4	0	0	0
6607	0	4	0	0
6608	4	0	0	0
6609	4	0	0	0
6610	4	0	0	0
6611	0	4	0	0
6612	4	0	0	0
6613	0	0	0	4
6614	0	0	0	4
6615	0	4	0	0
6616	0	0	0	3
6617	1	0	0	2
6618	0	0	0	3
6619	0	0	3	0
6620	0	3	0	0
6621	3	0	0	0
6622	3	0	0	0
6623	0	3	0	0
6624	3	0	0	0
6625	0	0	3	0
6626	0	0	3	0
6627	1	0	0	2
6628	0	0	4	0
6629	4	0	0	0
6630	0	4	0	0
6631	4	0	0	0
6632	0	0	0	4
6633	4	0	0	0
6634	4	0	0	0
6635	0	0	0	5
6636	4	0	0	0
6637	0	0	5	0
6638	0	0	5	0
6639	5	0	0	0
6640	0	0	5	0
6641	5	0	0	0
6642	0	2	0	3
6643	5	0	0	0
6644	0	0	0	5
6645	5	0	0	0
6646	5	0	0	0
6647	0	0	5	0
6648	5	0	0	0
6649	0	3	2	0
6650	5	0	0	0
6651	5	0	0	0
6652	0	0	5	0
6653	0	5	0	0
6654	3	2	0	0
6655	0	5	0	0
6656	5	0	0	0
6657	0	0	0	5
6658	0	0	0	5
6659	0	0	5	0
6660	0	0	0	5
6661	5	0	0	0
6662	5	0	0	0
6663	0	5	0	0
6664	3	2	0	0
6665	0	0	0	4
6666	0	0	0	5
6667	5	0	0	0
6668	0	0	5	0
6669	0	0	0	5
6670	2	0	3	0
6671	5	0	0	0
6672	5	0	0	0
6673	3	0	2	0
6674	2	0	0	3
6675	0	0	0	3
6676	3	0	0	0
6677	3	0	0	0
6678	3	0	0	0
6679	0	0	0	3
6680	0	0	3	0
6681	0	0	3	0
6682	0	0	2	0
6683	3	0	0	0
6684	0	0	3	0
6685	3	0	0	0
6686	2	0	1	0
6687	3	0	0	0
6688	3	0	0	0
6689	0	3	0	0
6690	0	0	0	3
6691	0	0	0	3
6692	0	0	0	3
6693	3	0	0	0
6694	0	3	0	0
6695	3	0	0	0
6696	3	0	0	0
6697	3	0	0	0
6698	0	0	2	0
6699	2	0	0	0
6700	0	0	2	0
6701	0	0	0	2
6702	2	0	0	0
6703	2	0	0	0
6704	0	0	2	0
6705	0	0	0	2
6706	0	0	1	0
6707	1	0	0	0
6708	1	0	0	0
6709	1	0	0	0
6710	1	0	0	0
6711	1	0	0	0
6712	0	0	0	1
6713	0	0	0	1
6714	0	0	0	0
6715	0	0	1	0
6716	1	0	0	0
6717	1	0	0	0
6718	0	0	1	0
6719	1	0	0	0
6720	1	0	0	0
6721	0	1	0	0
6722	1	0	0	0
6723	0	1	0	0
6724	0	0	0	1
6725	0	0	0	1
6726	0	1	0	0
6727	0	0	0	0
6728	0	0	0	0
6729	0	0	0	0
6730	1	0	0	0
6731	1	0	0	0
6732	0	0	0	1
6733	1	0	0	0
6734	1	0	0	0
6735	0	0	1	0
6736	1	0	0	0
6737	0	1	0	0
6738	1	0	0	0
6739	1	0	0	0
6740	0	0	0	1
6770	0	0	0	1
6771	1	0	0	0
6772	0	0	1	0
6773	0	0	0	0
6774	1	0	0	0
6775	0	0	0	0
6776	0	0	0	1
6777	0	0	0	0
6778	1	0	0	0
6779	0	1	0	0
6780	1	0	0	0
6781	2	0	0	0
6782	0	3	0	0
6783	3	0	0	0
6784	0	2	0	0
6785	3	0	0	0
6786	0	0	0	3
6787	3	0	0	0
6788	0	0	3	0
6789	0	1	0	2
6790	0	0	0	3
6791	0	0	0	3
6792	0	0	0	3
6793	3	0	0	0
6794	3	0	0	0
6795	0	0	0	3
6796	0	0	0	3
6797	0	0	2	0
6798	0	0	0	3
6799	2	0	1	0
6800	0	0	3	0
6801	3	0	0	0
6802	0	0	2	0
6803	0	0	3	0
6804	3	0	0	0
6805	0	0	3	0
6806	3	0	0	0
6807	3	0	0	0
6808	0	0	0	3
6809	0	0	0	3
6810	0	0	0	3
6811	0	0	0	3
6812	0	0	0	3
6813	0	3	0	0
6814	0	0	0	3
6815	3	0	0	0
6816	0	0	0	3
6817	0	0	0	3
6818	0	0	3	0
6819	0	2	0	0
6820	2	0	1	0
6821	3	0	0	0
6822	0	0	0	3
6823	3	0	0	0
6824	0	3	0	0
6825	3	0	0	0
6826	1	0	0	2
6827	0	3	0	0
6828	3	0	0	0
6829	2	0	1	0
6830	3	0	0	0
6831	1	0	1	1
6832	0	3	0	0
6833	0	0	0	3
6834	0	0	3	0
6835	0	0	0	2
6836	0	0	0	3
6837	0	0	0	3
6838	2	0	0	0
6839	1	0	0	0
6840	0	0	0	1
6871	1	0	0	0
6872	0	1	0	0
6873	1	0	0	0
6874	2	0	0	0
6875	2	0	0	0
6876	0	0	0	2
6877	0	0	1	1
6878	1	1	0	0
6879	2	0	0	0
6880	2	0	0	0
6881	0	2	0	0
6882	1	1	0	0
6883	2	0	0	0
6884	0	0	0	2
6885	0	2	0	0
6886	2	0	0	0
6887	0	1	0	1
6888	3	0	0	0
6889	0	3	0	0
6890	0	0	0	3
6891	0	3	0	0
6892	0	3	0	0
6893	0	3	0	0
6894	3	0	0	0
6895	0	0	0	3
6896	0	0	3	0
6897	0	1	0	2
6898	3	0	0	0
6899	0	0	3	0
6900	3	0	0	0
6901	2	0	0	0
6902	0	0	0	2
6903	2	0	0	0
6904	2	0	0	0
6905	2	0	0	0
6906	2	0	0	0
6907	0	2	0	0
6908	2	0	0	0
6909	2	0	0	0
6910	2	0	0	0
6911	0	0	0	3
6912	0	0	0	3
6913	3	0	0	0
6914	0	0	0	3
6915	3	0	0	0
6916	3	0	0	0
6917	3	0	0	0
6918	0	0	0	3
6919	2	1	0	0
6920	0	0	0	4
6921	0	0	4	0
6922	1	0	0	3
6923	0	0	4	0
6924	0	0	4	0
6925	0	4	0	0
6926	3	0	0	0
6927	0	0	3	0
6928	0	0	3	0
6929	2	0	1	0
6930	0	0	3	0
6931	0	0	3	0
6932	0	0	0	3
6933	4	0	0	0
6934	0	0	4	0
6935	0	0	4	0
6936	5	0	0	0
6937	0	6	0	0
6938	1	0	5	0
6939	5	0	2	0
6940	0	0	7	0
6941	0	7	0	0
6942	7	0	0	0
6943	7	0	0	0
6944	0	0	0	7
6945	0	0	7	0
6946	0	0	0	7
6947	7	0	0	0
6948	0	0	0	7
6949	0	0	7	0
6950	0	7	0	0
6951	0	7	0	0
6952	0	6	0	1
6953	0	8	0	0
6954	0	0	0	8
6955	0	8	0	0
6956	0	8	0	0
6957	0	6	0	2
6958	8	0	0	0
6959	0	0	0	9
6960	0	0	0	9
6961	0	0	9	0
6962	1	8	0	0
6963	9	0	0	0
6964	0	0	9	0
6965	0	0	9	0
6966	9	0	0	0
6967	8	0	2	0
6968	10	0	0	0
6969	3	7	0	0
6970	11	0	0	0
6971	0	0	0	11
6972	11	0	0	0
6973	12	0	0	0
6974	0	13	0	0
6975	13	0	0	0
6976	0	0	0	13
6977	0	0	13	0
6978	0	1	0	12
6979	13	0	0	0
6980	13	0	0	0
6981	4	8	0	1
6982	0	0	0	14
6983	0	13	0	0
6984	15	0	0	0
6985	15	0	0	0
6986	7	0	8	0
6987	0	0	0	16
6988	17	0	0	0
6989	0	0	0	17
6990	0	17	0	0
6991	17	0	0	0
6992	0	17	0	0
6993	17	0	0	0
6994	0	0	16	0
6995	0	0	16	0
6996	15	0	0	0
6997	0	15	0	0
6998	0	0	0	14
6999	11	0	3	0
7000	1	10	0	3
7001	0	0	0	14
7002	14	0	0	0
7003	0	0	0	14
7004	0	0	0	14
7005	3	0	10	0
7006	13	0	0	0
7007	0	13	0	0
7008	10	0	0	0
7009	0	10	0	0
7010	0	0	10	0
7011	0	0	0	10
7012	0	0	9	0
7013	9	0	0	0
7014	0	0	0	9
7015	0	0	8	0
7016	0	0	9	0
7017	8	0	0	1
7018	0	0	9	0
7019	0	0	9	0
7020	7	0	0	2
7021	6	1	0	0
7022	6	0	0	0
7023	1	2	0	1
7024	4	0	0	0
7025	3	1	0	0
7026	1	2	0	1
7027	2	0	2	0
7028	1	0	2	1
7029	1	0	0	3
7030	4	0	0	0
7031	2	2	0	0
7032	2	0	0	3
7033	3	0	2	0
7034	5	0	0	0
7035	1	1	3	0
7036	6	0	0	0
7037	0	6	0	0
7038	6	0	0	0
7039	0	0	6	0
7040	5	0	0	0
7041	0	0	5	0
7042	5	0	0	0
7043	0	4	0	1
7044	6	0	0	0
7045	0	0	0	6
7046	0	0	0	6
7047	0	6	0	0
7048	6	0	0	0
7049	0	0	6	0
7050	4	0	2	0
7051	0	6	0	0
7052	0	6	0	0
7053	0	0	0	6
7054	2	0	4	0
7055	0	1	4	1
7056	5	0	0	0
7057	0	0	5	0
7058	0	0	5	0
7059	4	0	0	0
7060	0	0	3	0
7061	0	0	3	0
7062	3	0	0	0
7063	3	0	0	0
7064	3	0	0	0
7065	0	0	0	3
7066	3	0	0	0
7067	0	0	0	3
7068	0	0	3	0
7069	3	0	0	0
7070	3	0	0	0
7071	0	0	3	0
7072	0	0	3	0
7073	2	0	0	0
7074	0	3	0	0
7075	3	0	0	0
7076	3	0	0	0
7077	0	0	0	3
7078	0	0	0	4
7079	0	0	4	0
7080	0	0	4	0
7081	4	0	0	0
7082	0	0	4	0
7083	4	0	0	0
7084	4	0	0	0
7085	2	0	2	0
7086	0	0	0	4
7087	0	0	4	0
7088	4	0	0	0
7089	4	0	0	0
7090	0	0	0	5
7091	0	0	0	5
7092	4	0	1	0
7093	0	0	0	5
7094	6	0	0	0
7095	0	2	0	4
7096	6	0	0	0
7097	6	0	0	0
7098	6	0	0	0
7099	0	0	0	6
7100	6	0	0	0
7101	0	0	0	6
7102	6	0	0	0
7103	6	0	0	0
7104	8	0	0	0
7105	0	0	8	0
7106	0	0	0	8
7107	0	0	8	0
7108	0	0	8	0
7109	0	0	0	8
7110	7	0	0	0
7111	0	0	6	0
7112	7	0	0	0
7113	7	0	0	0
7114	4	0	3	0
7115	0	0	0	7
7116	0	0	0	7
7117	7	0	0	0
7118	7	0	0	0
7119	3	0	4	0
7120	0	7	0	0
7121	0	9	0	0
7122	10	0	0	0
7123	0	0	0	10
7124	0	0	0	10
7125	8	0	1	0
7126	0	0	10	0
7127	0	0	9	0
7128	10	0	0	0
7129	5	0	5	0
7130	0	0	0	10
7131	10	0	0	0
7132	0	0	10	0
7133	0	9	0	0
7134	10	0	0	0
7135	0	10	0	0
7136	0	10	0	0
7137	0	9	0	0
7138	10	0	0	0
7139	0	9	0	0
7140	0	0	1	9
7141	7	0	3	0
7142	10	0	0	0
7143	3	0	1	6
7144	0	0	9	1
7145	0	9	1	0
7146	11	0	0	0
7147	10	0	0	0
7148	7	0	3	0
7149	10	0	0	0
7150	10	0	0	0
7151	0	0	10	0
7152	0	0	9	0
7153	10	0	0	0
7154	0	0	9	0
7155	10	0	0	0
7156	0	0	10	0
7157	0	0	0	10
7158	0	0	10	0
7159	0	0	9	0
7160	0	0	0	8
7161	0	0	8	0
7162	0	1	5	0
7163	7	0	0	0
7164	0	0	7	0
7165	6	0	0	0
7166	0	0	6	0
7167	6	0	0	0
7168	0	0	6	0
7169	6	0	0	0
7170	5	0	1	0
7171	6	0	0	0
7172	6	0	0	0
7173	5	0	1	0
7174	6	0	0	0
7175	3	0	3	0
7176	6	0	0	0
7177	0	0	5	0
7178	0	5	0	0
7179	1	0	0	0
7180	0	0	1	0
7181	0	0	0	0
7182	1	0	0	0
7183	0	0	1	0
7184	0	0	1	0
7185	1	0	0	0
7186	1	0	0	0
7187	0	0	0	1
7188	1	0	0	0
7189	0	0	1	0
7190	0	0	1	0
7191	1	0	0	0
7192	0	0	1	0
7193	0	1	0	0
7194	0	0	0	1
7195	0	0	1	0
7196	0	0	0	1
7197	0	0	1	0
7198	0	1	0	0
7199	0	0	0	1
7200	0	1	0	0
7201	0	1	0	0
7202	0	0	0	1
7203	0	0	0	1
7204	0	0	1	0
7205	0	0	1	0
7206	0	0	1	0
7207	0	0	0	1
7208	0	0	0	1
7209	0	1	0	0
7210	0	0	0	1
7211	0	0	0	1
7212	0	0	1	0
7213	0	0	1	0
7214	0	0	1	0
7215	1	0	0	0
7216	0	0	1	0
7293	1	0	0	0
7294	0	1	0	0
7295	1	0	0	0
7296	0	0	1	0
7297	0	1	0	0
7298	1	0	0	0
7299	1	0	0	0
7300	1	0	0	0
7301	1	0	0	0
7302	0	1	0	0
7303	1	0	0	0
7304	1	0	0	0
7305	0	0	0	1
7306	0	0	0	1
7307	0	0	0	1
7308	0	0	1	0
7309	0	1	0	0
7310	0	0	0	1
7311	0	0	1	0
7312	1	0	0	0
7313	0	0	1	0
7314	0	0	1	0
7315	0	0	1	0
7316	0	1	0	0
7317	0	0	0	1
7318	1	0	0	0
7319	0	0	0	1
7320	1	0	0	0
7321	0	0	1	0
7322	1	0	0	0
7323	0	0	1	0
7324	0	0	1	0
7325	0	1	0	0
7326	0	0	1	0
7327	0	1	0	0
7328	1	0	0	0
7329	1	0	0	0
7330	0	1	0	0
7331	1	0	0	0
7332	0	0	1	0
7333	0	1	0	0
7334	1	0	0	0
7335	0	0	0	1
7336	1	0	0	0
7337	0	0	0	1
7338	0	0	1	0
7339	0	0	0	1
7340	0	0	0	1
7341	0	0	1	0
7342	0	1	0	0
7343	1	0	0	0
7344	1	0	0	0
7345	0	1	0	0
7346	0	0	0	1
7347	0	1	0	0
7348	1	0	0	0
7349	0	1	0	0
7350	0	0	1	0
7351	0	0	1	0
7352	0	0	0	1
7353	0	1	0	0
7354	0	0	0	1
7355	0	0	1	0
7356	0	0	1	0
7357	0	0	1	0
7358	0	0	1	0
7359	0	1	0	0
7360	1	0	0	0
7361	0	0	0	1
7362	0	0	0	1
7363	1	0	0	0
7364	1	0	0	0
7365	0	0	1	0
7429	0	0	0	1
7430	0	0	2	0
7431	0	0	2	0
7432	0	0	2	0
7433	0	0	2	0
7434	1	1	0	0
7435	0	0	0	3
7436	0	0	3	0
7437	0	3	0	0
7438	0	0	0	3
7439	0	4	0	0
7440	0	0	0	4
7441	0	0	4	0
7442	0	0	4	0
7443	4	0	0	0
7444	4	0	0	0
7445	4	0	0	0
7446	4	0	0	0
7447	0	4	0	0
7448	0	0	0	4
7449	0	4	0	0
7450	4	0	0	0
7451	0	0	0	4
7452	0	4	0	0
7453	0	0	0	4
7454	0	0	4	0
7455	0	4	0	0
7456	4	0	0	0
7457	0	4	0	0
7458	0	4	0	0
7459	4	0	0	0
7460	0	4	0	0
7461	0	0	0	4
7462	4	0	0	0
7463	4	0	0	0
7464	0	0	0	4
7465	0	0	4	0
7466	0	0	0	4
7467	0	0	4	0
7468	0	1	1	2
7469	2	2	0	0
7470	0	0	0	3
7471	0	0	0	3
7472	0	0	4	0
7473	0	0	4	0
7474	4	0	0	0
7475	4	0	0	0
7476	0	4	0	0
7477	0	0	0	4
7478	0	4	0	0
7479	0	0	1	3
7480	4	0	0	0
7481	0	0	4	0
7482	0	0	0	4
7483	0	0	0	3
7484	0	0	4	0
7485	0	0	4	0
7486	4	0	0	0
7487	0	0	4	0
7488	0	0	0	3
7489	4	0	0	0
7490	4	0	0	0
7491	0	0	0	4
7492	4	0	0	0
7493	4	0	0	0
7494	4	0	0	0
7495	0	0	0	1
7496	0	1	0	0
7497	0	0	0	1
7498	0	1	0	0
7499	1	0	0	0
7500	1	0	0	0
7501	1	0	0	0
7502	1	0	0	0
7503	2	0	0	0
7504	0	0	2	0
7505	2	0	0	0
7506	0	0	0	2
7507	2	0	0	0
7508	0	0	0	2
7509	0	0	0	2
7510	0	0	0	2
7511	0	0	1	0
7512	0	0	1	0
7513	0	0	1	0
7514	1	0	0	0
7515	0	0	1	0
7516	1	0	0	0
7517	1	0	0	0
7518	0	1	0	0
7519	1	0	0	0
7520	0	0	0	1
7521	0	0	1	0
7522	1	0	0	0
7523	0	1	0	0
7524	0	1	0	0
7525	0	0	0	3
7526	0	0	4	0
7527	0	0	4	0
7528	4	0	0	0
7529	0	0	0	4
7530	0	0	3	0
7531	0	4	0	0
7532	4	0	0	0
7533	0	0	5	0
7534	0	0	0	5
7535	0	0	4	0
7536	0	0	5	0
7537	0	0	4	0
7538	5	0	0	0
7539	0	0	0	5
7540	5	0	0	0
7541	0	0	5	0
7542	5	0	0	0
7543	0	0	6	0
7544	6	0	0	0
7545	6	0	0	0
7546	6	0	0	0
7547	0	0	0	6
7548	0	0	0	5
7549	4	0	2	0
7550	2	0	4	0
7551	0	0	0	6
7552	6	0	0	0
7553	6	0	0	0
7554	0	2	0	4
7555	0	0	0	6
7556	5	0	0	0
7557	0	5	0	0
7558	5	0	0	0
7559	0	6	0	0
7560	6	0	0	0
7561	2	0	2	0
7562	3	0	1	0
7563	0	6	0	0
7564	6	0	0	0
7565	0	6	0	0
7566	6	0	0	0
7567	6	0	0	0
7568	0	0	0	5
7569	6	0	0	0
7570	0	0	0	6
7571	6	0	0	0
7572	0	6	0	0
7573	6	0	0	0
7574	2	0	4	0
7575	0	0	6	0
7576	0	2	0	4
7577	0	0	0	6
7578	2	0	2	0
7579	0	5	0	0
7580	0	0	0	5
7581	0	0	0	5
7582	0	0	5	0
7583	5	0	0	0
7584	5	0	0	0
7585	0	0	5	0
7586	3	0	0	2
7587	0	5	0	0
7588	0	0	0	4
7589	0	5	0	0
7590	0	0	5	0
7591	0	5	0	0
7592	5	0	0	0
7593	4	0	0	0
7594	4	0	0	0
7595	4	0	0	0
7596	0	4	0	0
7597	0	3	0	0
7598	2	0	0	0
7599	0	0	2	0
7600	0	3	0	0
7601	1	0	0	0
7602	0	0	1	0
7603	0	0	1	0
7604	1	0	0	0
7605	0	0	1	0
7606	1	0	0	0
7607	1	0	0	0
7608	1	0	0	0
7609	1	0	0	0
7610	1	0	0	0
7611	0	0	0	1
7612	0	0	1	0
7613	1	0	0	0
7614	1	0	0	0
7615	1	0	0	0
7616	0	0	1	0
7617	0	0	1	0
7618	0	0	1	0
7619	1	0	0	0
7620	0	0	0	0
7621	0	0	0	1
7622	0	0	0	1
7623	0	0	1	0
7624	0	0	0	1
7625	0	0	0	1
7626	1	0	0	0
7627	0	0	1	0
7628	0	1	0	0
7629	1	0	0	0
7630	0	1	0	0
7631	0	0	0	1
7632	0	0	1	0
7633	0	0	1	0
7634	1	0	0	0
7635	0	1	0	0
7639	0	0	0	1
7640	0	0	1	0
7641	0	0	1	0
7642	1	0	0	0
7643	1	0	0	0
7644	0	1	0	0
7645	1	0	0	0
7646	1	0	0	0
7647	0	0	0	1
7648	0	1	0	0
7649	0	0	0	1
7650	0	0	1	0
7651	0	0	0	1
7652	0	0	1	0
7653	0	0	1	0
7654	1	0	0	0
7655	0	1	0	0
7656	0	0	0	1
7657	0	0	0	1
7658	0	0	1	0
7659	0	0	1	0
7660	0	0	0	1
7661	0	0	0	1
7662	0	0	0	1
7663	0	0	1	0
7664	1	0	0	0
7665	0	1	0	0
7666	1	0	0	0
7667	0	0	0	1
7668	1	0	0	0
7669	1	0	0	0
7670	0	1	0	0
7671	1	0	0	0
7672	1	0	0	0
7673	1	0	0	0
7674	0	1	0	0
7675	0	0	0	1
7676	0	0	1	0
7677	0	0	1	0
7678	0	1	0	0
7679	0	0	0	1
7680	0	0	1	0
7681	0	0	0	1
7682	0	0	1	0
7683	0	0	1	0
7684	0	0	0	1
7685	1	0	0	0
7686	0	0	0	1
7687	1	0	0	0
7688	0	0	0	1
7689	1	0	0	0
7690	1	0	0	0
7691	1	0	0	0
7692	1	0	0	0
7693	1	0	0	0
7694	0	0	0	1
7695	1	0	0	0
7696	0	0	0	1
7697	0	0	0	1
7698	0	0	0	1
7699	1	0	0	0
7700	0	0	0	1
7701	1	0	0	0
7702	1	0	0	0
7703	0	0	0	1
7704	0	0	1	0
7705	1	0	0	0
7706	0	0	0	1
7707	1	0	0	0
7708	0	0	1	0
7711	0	0	1	0
7712	0	0	1	0
7713	1	0	0	0
7714	0	0	1	0
7715	0	0	1	0
7716	0	0	0	1
7717	0	0	0	1
7718	0	0	0	1
7719	1	0	0	0
7720	1	0	0	0
7721	0	0	0	1
7722	1	0	0	0
7723	0	0	1	0
7724	0	0	1	0
7725	0	0	0	1
7726	0	0	0	1
7727	0	0	0	1
7728	0	0	1	0
7729	1	0	0	0
7730	0	0	1	0
7731	1	0	0	0
7732	1	0	0	0
7733	0	0	0	1
7734	1	0	0	0
7735	0	0	1	0
7736	0	0	0	1
7737	0	0	0	1
7738	0	0	0	1
7739	0	0	0	1
7740	0	0	1	0
7741	0	0	1	0
7742	0	0	1	0
7743	0	0	0	1
7744	0	0	1	0
7745	0	0	0	1
7746	0	0	1	0
7747	0	1	0	0
7748	0	0	0	1
7749	0	0	0	1
7750	0	0	1	0
7751	0	1	0	0
7752	0	0	0	1
7753	0	0	0	0
7754	0	0	0	0
7755	0	0	0	0
7756	0	0	1	0
7757	0	0	0	1
7758	1	0	0	0
7759	1	0	0	0
7760	1	0	0	0
7761	1	0	0	0
7762	2	0	0	0
7763	0	0	2	0
7764	2	0	0	0
7765	0	0	2	0
7766	0	0	0	2
7767	0	0	0	2
7768	2	0	0	0
7769	0	0	2	0
7770	0	0	2	0
7771	0	2	0	0
7772	2	0	0	0
7773	0	0	3	0
7774	0	0	3	0
7775	0	0	3	0
7776	3	0	0	0
7777	0	0	0	3
7778	3	0	0	0
7779	0	3	0	0
7780	0	0	0	3
7781	0	3	0	0
7782	3	0	0	0
7783	0	3	0	0
7784	0	3	0	0
7785	0	0	0	3
7786	0	0	0	3
7787	0	0	0	3
7788	0	0	3	0
7789	0	0	0	3
7790	0	3	0	0
7791	0	0	3	0
7792	0	0	0	3
7793	0	0	0	3
7794	0	0	1	2
7795	0	3	0	0
7796	3	0	0	0
7797	0	0	3	0
7798	3	0	0	0
7799	0	3	0	0
7800	0	3	0	0
7801	0	3	0	0
7802	0	0	0	3
7803	0	0	0	3
7804	3	0	0	0
7805	0	1	0	2
7806	0	3	0	0
7807	0	3	0	0
7808	0	3	0	0
7809	3	0	0	0
7810	3	0	0	0
7811	1	0	2	0
7812	0	3	0	0
7813	0	3	0	0
7814	0	3	0	0
7815	0	0	3	0
7816	3	0	0	0
7817	0	0	3	0
7818	0	0	3	0
7819	0	0	3	0
7820	2	0	1	0
7821	3	0	0	0
7822	0	3	0	0
7823	0	1	0	2
7824	0	3	0	0
7825	0	0	3	0
7826	3	0	0	0
7827	0	3	0	0
7828	3	0	0	0
7829	0	0	3	0
7830	0	0	3	0
7831	0	3	0	0
7832	0	0	0	3
7833	0	3	0	0
7834	0	0	3	0
7835	0	0	3	0
7836	3	0	0	0
7837	2	0	0	0
7838	0	0	2	0
7839	2	0	0	0
7840	2	0	0	0
7841	0	0	0	2
7842	0	2	0	0
7843	0	0	2	0
7844	2	0	0	0
7845	2	0	0	0
7846	0	0	2	0
7847	2	0	0	0
7948	0	0	0	0
7949	1	0	0	0
7950	0	1	0	0
7951	0	1	0	0
7952	0	0	1	0
7953	1	0	0	0
7954	0	0	0	1
7955	0	0	0	1
7956	0	0	1	0
7957	1	0	0	0
7958	0	0	1	0
7959	1	0	0	0
7960	0	0	1	0
7961	1	0	0	0
7962	0	1	0	0
7963	0	0	0	1
7964	0	0	0	1
7965	0	1	0	0
7966	1	0	0	0
7967	0	0	0	1
7968	1	0	0	0
7969	0	0	0	1
7970	0	0	0	1
7971	1	0	0	0
7972	1	0	0	0
7973	0	0	0	1
7974	0	0	0	1
7975	0	0	1	0
7976	0	1	0	0
7977	1	0	0	0
7978	0	0	1	0
7979	0	1	0	0
7980	0	0	0	0
7981	1	0	0	0
7982	0	0	1	0
7983	1	0	0	0
7984	0	0	1	0
7985	0	1	0	0
7986	1	0	0	0
7987	0	0	1	0
7988	0	0	0	1
7989	0	0	1	0
7990	0	0	1	0
7991	1	0	0	0
7992	1	0	0	0
7993	0	0	0	0
7994	0	0	0	1
7995	0	0	0	1
7996	0	1	0	0
7997	0	0	0	1
7998	0	0	1	0
7999	0	0	1	0
8000	0	0	1	0
8001	1	0	0	0
8002	0	1	0	0
8003	0	0	1	0
8004	0	1	0	0
8005	1	0	0	0
8006	0	0	0	0
8007	0	1	0	0
8008	1	0	0	0
8009	0	0	1	0
8010	0	0	0	1
8011	0	1	0	0
8012	0	0	0	1
8013	0	1	0	0
8014	0	1	0	0
8015	1	0	0	0
8016	0	0	2	0
8017	0	0	2	0
8018	0	0	2	0
8019	2	0	0	0
8020	0	2	0	0
8021	0	0	0	1
8022	1	0	0	0
8023	0	1	0	0
8024	1	0	0	0
8025	1	0	0	0
8026	2	0	0	0
8027	0	0	2	0
8028	0	0	2	0
8029	0	0	2	0
8030	0	0	2	0
8031	0	0	1	1
8032	0	0	0	3
8033	0	0	3	0
8034	0	0	3	0
8035	0	0	3	0
8036	3	0	0	0
8037	2	0	0	0
8038	1	0	2	0
8039	0	1	0	2
8040	0	3	0	0
8041	0	2	0	0
8042	0	0	0	3
8043	0	0	0	3
8044	3	0	0	0
8045	3	0	0	0
8046	2	0	1	0
8047	0	0	0	3
8048	3	0	0	0
8049	0	0	0	2
8050	0	2	0	0
8051	0	0	0	3
8052	0	0	3	0
8053	0	0	2	0
8054	0	0	3	0
8055	3	0	0	0
8056	3	0	0	0
8057	1	0	2	0
8058	0	0	0	3
8059	0	2	0	0
8060	0	0	0	3
8061	0	0	0	3
8062	0	0	3	0
8063	0	0	0	3
8064	0	0	3	0
8065	0	3	0	0
8066	3	0	0	0
8067	0	0	3	0
8068	0	0	0	3
8069	3	0	0	0
8070	0	0	0	3
8071	0	0	0	3
8072	0	0	4	0
8073	0	0	4	0
8074	0	0	4	0
8075	0	0	4	0
8076	0	0	0	4
8077	0	4	0	0
8078	0	0	0	4
8079	1	0	2	0
8080	0	0	4	0
8081	4	0	0	0
8082	3	0	1	0
8083	0	4	0	0
8084	0	0	0	4
8085	4	0	0	0
8086	4	0	0	0
8087	3	0	1	0
8088	1	0	3	0
8089	4	0	0	0
8090	4	0	0	0
8091	0	0	4	0
8092	3	0	0	0
8093	0	0	3	0
8094	0	0	0	3
8095	0	0	3	0
8096	0	3	0	0
8097	0	0	0	3
8098	3	0	0	0
8099	0	0	0	3
8100	0	0	0	3
8101	3	0	0	0
8102	0	0	3	0
8103	0	0	0	3
8104	0	3	0	0
8105	0	0	0	2
8106	0	0	2	0
8107	0	2	0	0
8108	0	0	0	2
8109	0	0	0	2
8110	0	0	2	0
8111	2	0	0	0
8112	0	0	0	2
8113	2	0	0	0
8114	0	1	0	1
8115	0	2	0	0
8116	2	0	0	0
8117	0	2	0	0
8118	2	0	0	0
8119	0	0	2	0
8120	0	2	0	0
8121	2	0	0	0
8122	2	0	0	0
8123	0	0	0	2
8124	2	0	0	0
8125	0	0	2	0
8126	0	2	0	0
8127	2	0	0	0
8128	0	0	2	0
8129	0	0	0	2
8130	1	0	0	0
8131	0	0	2	0
8132	0	2	0	0
8133	0	0	0	2
8134	0	0	2	0
8135	2	0	0	0
8136	1	0	0	0
8137	0	0	1	0
8138	0	0	1	0
8139	1	0	0	0
8140	1	0	0	0
8141	0	1	0	0
8142	1	0	0	0
8143	0	0	1	0
8144	1	0	0	0
8167	1	0	0	0
8168	0	0	1	0
8169	1	0	0	0
8170	0	1	0	0
8171	0	0	0	1
8172	0	0	0	1
8173	0	0	0	1
8174	0	0	0	1
8175	0	0	0	1
8176	1	0	0	0
8177	0	0	2	0
8178	2	0	0	0
8179	0	0	2	0
8180	0	2	0	0
8181	0	0	0	2
8182	2	0	0	0
8183	0	0	0	2
8184	0	2	0	0
8185	0	2	0	0
8186	0	0	1	1
8187	0	0	0	2
8188	2	0	0	0
8189	2	0	0	0
8190	0	1	0	1
8191	2	0	0	0
8192	0	0	0	2
8193	2	0	0	0
8194	0	2	0	0
8195	0	2	0	0
8196	0	0	0	3
8197	3	0	0	0
8198	0	1	2	0
8199	4	0	0	0
8200	4	0	0	0
8201	0	0	4	0
8202	5	0	0	0
8203	3	0	2	0
8204	0	0	0	5
8205	5	0	0	0
8206	5	0	0	0
8207	0	0	5	0
8208	5	0	0	0
8209	0	5	0	0
8210	5	0	0	0
8211	0	0	5	0
8212	0	0	5	0
8213	0	0	5	0
8214	2	3	0	0
8215	0	0	0	5
8216	0	0	0	5
8217	0	0	0	5
8218	0	0	6	0
8219	6	0	0	0
8220	5	0	0	1
8221	0	0	6	0
8222	0	6	0	0
8223	6	0	0	0
8224	0	0	6	0
8225	0	6	0	0
8226	0	0	0	6
8227	0	0	0	7
8228	0	0	0	7
8229	0	0	7	0
8230	0	6	0	0
8231	5	0	0	2
8232	7	0	0	0
8233	0	0	0	7
8234	7	0	0	0
8235	7	0	0	0
8236	6	1	0	0
8237	7	0	0	0
8238	0	0	0	7
8239	0	0	7	0
8240	0	0	7	0
8241	0	0	7	0
8242	0	0	7	0
8243	1	0	5	0
8244	1	0	6	0
8245	0	8	0	0
8246	8	0	0	0
8247	8	0	0	0
8248	0	0	8	0
8249	0	0	0	8
8250	0	0	5	3
8251	0	0	8	0
8252	0	0	0	8
8253	0	8	0	0
8254	9	0	0	0
8255	9	0	0	0
8256	8	0	0	0
8257	7	0	1	0
8258	8	0	0	0
8259	0	0	8	0
8260	0	7	0	1
8261	8	0	0	0
8262	0	0	7	0
8263	0	4	0	4
8264	8	0	0	0
8265	0	0	2	5
8266	8	0	0	0
8267	1	0	7	0
8268	0	0	0	8
8269	0	0	0	8
8270	0	0	7	0
8271	0	0	8	0
8272	5	3	0	0
8273	0	0	0	8
8274	0	0	8	0
8275	0	0	8	0
8276	0	8	0	0
8277	0	8	0	0
8278	0	0	0	8
8279	0	0	8	0
8280	0	8	0	0
8281	0	0	0	8
8282	1	0	7	0
8283	0	0	0	8
8284	8	0	0	0
8285	8	0	0	0
8286	0	0	5	3
8287	8	0	0	0
8288	0	0	8	0
8289	9	0	0	0
8290	8	0	0	0
8291	8	0	0	0
8292	0	0	8	0
8293	8	0	0	0
8294	8	0	0	0
8295	0	0	0	8
8296	4	0	4	0
8297	8	0	0	0
8298	0	0	8	0
8299	5	0	3	0
8300	5	3	0	0
8301	0	0	8	0
8302	8	0	0	0
8303	8	0	0	0
8304	0	7	0	1
8305	0	0	0	8
8306	3	1	4	0
8307	5	0	3	0
8308	0	0	8	0
8309	0	8	0	0
8310	0	8	0	0
8311	8	0	0	0
8312	0	0	8	0
8313	0	8	0	0
8314	7	0	0	0
8315	0	0	7	0
8316	0	7	0	0
8317	7	0	0	0
8318	0	0	5	0
8319	5	0	0	0
8320	0	0	6	0
8321	0	0	6	0
8322	0	0	5	0
8323	4	0	0	0
8324	0	0	2	0
8325	0	0	0	2
8326	2	0	0	0
8327	0	0	2	0
8328	0	0	2	0
8329	2	0	0	0
8330	0	0	2	0
8331	0	2	0	0
8332	2	0	0	0
8333	0	0	2	0
8334	0	2	0	0
8335	1	0	1	0
8336	0	0	0	2
8337	0	2	0	0
8338	0	0	0	2
8339	0	2	0	0
8340	2	0	0	0
8341	2	0	0	0
8342	0	0	2	0
8343	2	0	0	0
8344	0	2	0	0
8345	0	0	0	2
8346	0	0	0	3
8347	3	0	0	0
8348	0	0	3	0
8349	3	0	0	0
8350	0	0	0	3
8351	3	0	0	0
8352	3	0	0	0
8353	3	0	0	0
8354	0	2	0	1
8355	4	0	0	0
8356	0	0	0	4
8357	0	0	4	0
8358	0	0	4	0
8359	4	0	0	0
8360	0	0	4	0
8361	0	4	0	0
8362	4	0	0	0
8363	0	5	0	0
8364	0	0	0	5
8365	0	0	0	5
8366	5	0	0	0
8367	0	5	0	0
8368	5	0	0	0
8369	5	0	0	0
8370	0	4	1	0
8371	0	4	0	1
8372	5	0	0	0
8373	0	0	5	0
8374	0	5	0	0
8375	5	0	0	0
8376	5	0	0	0
8377	0	5	0	0
8378	5	0	0	0
8379	0	5	0	0
8380	5	0	0	0
8381	0	1	4	0
8382	0	4	0	1
8383	0	5	0	0
8384	2	3	0	0
8385	3	2	0	0
8386	0	5	0	0
8387	5	0	0	0
8388	5	0	0	0
8389	0	0	0	5
8390	5	0	0	0
8391	5	0	0	0
8392	0	0	0	5
8393	0	0	5	0
8394	0	5	0	0
8395	0	0	0	5
8396	0	0	5	0
8397	4	1	0	0
8398	0	0	0	5
8399	0	0	0	5
8400	0	0	5	0
8401	0	0	0	5
8402	0	0	4	1
8403	0	5	0	0
8404	0	5	0	0
8405	0	0	0	5
8406	0	0	5	0
8407	0	0	5	0
8408	0	5	0	0
8409	0	0	0	5
8410	0	0	5	0
8411	0	4	1	0
8412	5	0	0	0
8413	4	0	0	0
8414	0	0	5	0
8415	0	4	0	0
8416	3	0	1	0
8417	0	4	0	0
8418	4	0	0	0
8419	2	0	0	0
8420	0	0	2	0
8421	2	0	0	0
8422	1	0	0	0
8423	0	0	1	0
8424	1	0	0	0
8425	1	0	0	0
8426	0	0	2	0
8427	2	0	0	0
8428	2	0	0	0
8429	0	0	2	0
8430	2	0	0	0
8431	1	1	0	0
8432	0	0	2	0
8433	1	0	0	0
8434	2	0	0	0
8435	0	0	2	0
8436	0	0	0	2
8437	2	0	0	0
8438	0	0	2	0
8439	0	0	2	0
8440	0	2	0	0
8441	0	0	0	2
8442	0	0	0	2
8443	0	0	0	2
8444	0	2	0	0
8445	0	2	0	0
8446	2	0	0	0
8447	0	0	2	0
8448	0	0	0	2
8449	0	2	0	0
8450	2	0	0	0
8451	1	0	1	0
8452	2	0	0	0
8453	0	2	0	0
8454	0	2	0	0
8455	0	0	0	2
8456	0	2	0	0
8457	2	0	0	0
8458	0	0	2	0
8459	0	0	2	0
8460	0	0	0	2
8461	0	0	2	0
8462	0	2	0	0
8463	0	2	0	0
8464	1	0	0	1
8465	0	0	0	2
8466	0	0	0	2
8467	2	0	0	0
8468	2	0	0	0
8469	0	0	2	0
8470	2	0	0	0
8471	0	2	0	0
8472	0	2	0	0
8473	2	0	0	0
8474	2	0	0	0
8475	0	0	0	2
8476	0	0	2	0
8477	2	0	0	0
8478	0	2	0	0
8479	1	0	0	1
8480	0	0	0	2
8481	2	0	0	0
8482	0	0	0	2
8483	2	0	0	0
8484	2	0	0	0
8485	0	0	2	0
8486	0	0	2	0
8487	0	1	1	0
8488	2	0	0	0
8489	0	0	2	0
8490	0	2	0	0
8491	1	0	0	0
8492	0	0	0	1
8493	0	0	0	1
8494	0	1	0	0
8495	0	0	1	0
8496	1	0	0	0
8509	0	0	0	1
8510	0	0	0	0
8511	0	0	0	1
8512	1	0	0	0
8513	1	0	0	0
8514	1	0	0	0
8515	1	0	0	0
8516	0	0	1	0
8517	1	0	0	0
8518	1	0	0	0
8519	1	0	0	0
8520	1	0	0	0
8521	0	0	1	0
8522	0	0	1	0
8523	0	0	1	0
8524	0	0	1	0
8525	0	0	1	0
8526	0	0	1	0
8527	1	0	0	0
8528	0	1	0	0
8529	0	0	0	1
8530	0	0	1	0
8531	0	0	1	0
8532	1	0	0	0
8533	0	0	0	1
8534	0	0	1	0
8535	0	0	1	0
8536	0	0	1	0
8537	0	0	0	1
8538	0	0	0	1
8539	1	0	0	0
8540	1	0	0	0
8541	0	0	0	1
8542	0	0	0	1
8543	0	1	0	0
8544	1	0	0	0
8545	0	1	0	0
8546	0	0	0	1
8547	0	1	0	0
8548	0	1	0	0
8549	1	0	0	0
8550	1	0	0	0
8551	0	0	2	0
8552	2	0	0	0
8553	2	0	0	0
8554	2	0	0	0
8555	2	0	0	0
8556	0	0	2	0
8557	0	0	2	0
8558	0	2	0	0
8559	2	0	0	0
8560	2	0	0	0
8561	0	0	2	0
8562	2	0	0	0
8563	0	1	1	0
8564	2	0	0	0
8565	0	0	0	2
8566	0	2	0	0
8567	0	1	0	1
8568	0	0	0	2
8569	1	0	0	1
8570	0	0	2	0
8571	2	0	0	0
8572	0	0	0	2
8573	0	0	0	2
8574	0	0	0	2
8575	0	0	2	0
8576	0	0	0	2
8577	0	0	2	0
8578	0	0	2	0
8579	0	0	1	0
8580	0	0	0	1
8581	0	1	0	0
8582	0	0	0	1
8583	1	0	0	0
8584	0	0	0	1
8585	0	1	0	0
8586	1	0	0	0
8587	0	1	0	0
8588	1	0	0	0
8589	0	1	0	0
8590	1	0	0	0
8591	0	1	0	0
8592	1	0	0	0
8593	1	0	0	0
8594	0	0	1	0
8595	0	0	1	0
8596	0	1	0	0
8597	0	0	0	1
8598	0	0	0	1
8599	0	1	0	0
8600	0	0	0	1
8601	0	0	0	1
8602	0	1	0	0
8603	0	1	0	0
8604	0	1	0	0
8605	0	0	1	0
8606	0	0	1	0
8607	1	0	0	0
8608	0	0	0	1
8609	0	0	0	1
8610	0	0	1	0
8611	0	0	1	0
8612	0	1	0	0
8613	1	0	0	0
8614	1	0	0	0
8615	1	0	0	0
8616	1	0	0	0
8617	0	1	0	0
8618	0	0	0	1
8619	1	0	0	0
8620	0	1	0	0
8621	1	0	0	0
8622	0	1	0	0
8623	1	0	0	0
8624	0	1	0	0
8625	0	1	0	0
8626	0	0	1	0
8627	0	0	1	0
8628	0	0	1	0
8629	1	0	0	0
8630	0	1	0	0
8631	0	1	0	0
8632	1	0	0	0
8633	0	0	1	0
8634	0	0	1	0
8635	0	0	1	0
8636	0	0	1	0
8669	1	0	0	0
8670	1	0	0	0
8671	0	0	1	0
8672	0	1	0	0
8673	0	0	0	1
8674	1	0	0	0
8675	0	0	1	0
8676	0	0	0	1
8677	0	0	1	0
8678	0	1	0	0
8679	0	1	0	0
8680	1	0	0	0
8681	0	0	1	0
8682	0	0	0	1
8683	0	0	0	1
8684	0	0	1	0
8685	1	0	0	0
8686	0	1	0	0
8687	0	1	0	0
8688	0	1	0	0
8689	1	0	0	0
8690	1	0	0	0
8691	0	0	1	0
8692	0	0	0	1
8693	0	0	1	0
8694	1	0	0	0
8695	1	0	0	0
8696	0	0	1	0
8697	0	0	0	1
8698	1	0	0	0
8699	0	0	1	0
8700	1	0	0	0
8701	1	0	0	0
8702	0	0	1	0
8703	1	0	0	0
8704	1	0	0	0
8705	0	0	1	0
8706	0	1	0	0
8707	0	1	0	0
8708	1	0	0	0
8709	1	0	0	0
8710	0	0	0	1
8711	0	0	1	0
8712	1	0	0	0
8713	1	0	0	0
8714	0	0	1	0
8715	0	0	1	0
8716	1	0	0	0
8717	0	0	1	0
8718	1	0	0	0
8719	0	1	0	0
8720	1	0	0	0
8721	1	0	0	0
8722	0	1	0	0
8723	1	0	0	0
8724	0	0	1	0
8725	0	1	0	0
8726	0	0	0	1
8727	0	0	1	0
8728	0	1	0	0
8729	0	0	0	1
8730	0	0	0	1
8731	1	0	0	0
8732	0	1	0	0
8733	0	0	0	1
8734	1	0	0	0
8735	0	1	0	0
8736	1	0	0	0
8737	0	1	0	0
8738	0	1	0	0
8739	0	1	0	0
8740	0	0	0	1
8741	1	0	0	0
8742	0	0	0	1
8743	0	0	1	0
8744	1	0	0	0
8745	0	0	1	0
8746	0	1	0	0
8747	0	1	0	0
8748	1	0	0	0
8749	0	0	1	0
8750	0	1	0	0
8751	1	0	0	0
8752	0	0	0	1
8753	0	0	1	0
8754	0	0	1	0
8755	1	0	0	0
8756	1	0	0	0
8757	0	0	0	1
8758	0	0	1	0
8759	0	0	1	0
8760	1	0	0	0
8761	0	0	1	0
8762	0	0	1	0
8763	1	0	0	0
8764	0	0	0	1
8765	0	0	1	0
8766	1	0	0	0
8767	1	0	0	0
8768	0	0	1	0
8769	1	0	0	0
8770	0	1	0	0
8771	1	0	0	0
8772	1	0	0	0
8773	1	0	0	0
8774	0	0	1	0
8775	1	0	0	0
8776	1	0	0	0
