	A	C	G	T
417	0	0	0	0
418	0	0	0	1
419	0	1	0	0
420	1	0	0	0
421	0	0	1	0
422	1	0	0	0
423	1	0	0	0
424	0	0	1	0
425	0	0	1	0
426	0	1	0	0
427	0	0	0	1
428	0	0	1	0
429	0	0	0	1
430	1	0	0	0
431	1	0	0	0
432	1	0	0	0
433	0	1	0	0
434	1	0	0	0
435	1	0	0	0
436	1	0	0	0
437	0	0	0	1
438	1	0	0	0
439	1	0	0	0
440	0	0	0	1
441	0	0	1	0
442	0	0	1	0
443	0	0	0	1
444	1	0	0	0
445	0	1	0	0
446	1	0	0	0
447	0	0	1	0
448	0	1	0	0
449	0	0	0	1
450	1	0	0	0
451	0	1	0	0
452	1	0	0	0
453	1	0	0	0
454	0	1	0	0
455	0	1	0	0
456	1	0	0	0
457	0	0	1	0
458	0	1	0	0
459	0	0	0	1
460	0	1	0	0
461	0	0	0	1
462	0	0	0	1
463	1	0	0	0
464	1	0	0	0
465	0	0	1	0
466	1	0	0	0
467	0	1	0	0
468	1	0	0	0
469	0	0	1	0
774	1	0	0	0
775	0	0	0	1
776	0	1	0	0
777	1	0	0	0
778	0	0	1	0
779	1	0	0	0
780	1	0	0	0
781	0	0	1	0
782	0	0	1	0
783	1	0	0	0
784	0	0	1	0
785	0	1	0	0
786	0	1	0	0
787	1	0	0	0
788	0	1	0	0
789	0	1	0	0
790	0	1	0	0
791	0	1	0	0
792	1	0	0	0
793	0	1	0	0
794	1	0	0	0
1714	0	0	0	0
1715	0	0	0	0
1716	0	1	0	0
1717	1	0	0	0
1718	1	0	0	0
1719	0	1	0	0
1720	0	0	1	0
1721	1	0	0	0
1722	0	1	0	0
1723	0	1	0	0
1724	0	1	0	0
1725	0	0	0	0
1726	0	0	0	1
1727	1	0	0	0
1728	0	0	1	0
1729	0	0	0	1
1730	0	1	0	0
1731	1	0	0	0
1732	0	1	0	0
1733	1	0	0	0
1734	1	0	0	0
1735	0	0	0	1
1736	1	0	0	0
1737	1	0	0	0
1738	1	0	0	0
1739	1	0	0	0
1740	0	0	0	0
1741	0	0	0	1
1742	1	0	0	0
1743	0	0	1	0
1744	0	0	1	0
1745	0	0	1	0
1746	0	0	1	0
1747	0	0	1	0
1748	0	1	0	0
1749	0	1	0	0
1750	1	0	0	0
1751	0	0	1	0
1752	1	0	0	0
1753	0	1	0	0
1754	1	0	0	0
1755	1	0	0	0
1756	1	0	0	0
1757	0	0	1	0
1758	0	0	1	0
1759	1	0	0	0
1760	0	0	1	0
1761	0	0	1	0
1762	0	1	0	0
1763	0	0	0	1
1764	0	1	0	0
1765	0	0	0	1
1766	0	1	0	0
1767	0	0	0	1
1768	0	0	0	1
1769	1	0	0	0
1770	0	0	1	0
1771	1	0	0	0
1772	0	0	0	1
1773	1	0	0	0
1774	0	1	0	0
1775	1	0	0	0
1776	0	0	1	0
1777	0	0	1	0
1778	1	0	0	0
1779	0	0	1	0
1780	0	1	0	0
1781	1	0	0	0
1782	0	0	1	0
1783	1	0	0	0
1784	0	0	0	1
1785	0	0	1	0
1786	1	0	0	0
1787	0	0	0	1
1788	1	0	0	0
1789	0	1	0	0
1790	1	0	0	0
1791	0	0	1	0
1792	0	0	0	1
1793	1	0	0	0
1794	0	0	0	1
1795	0	0	0	1
1796	1	0	0	0
1797	0	0	1	0
1798	1	0	0	0
1799	1	0	0	0
1800	0	0	1	0
1801	1	0	0	0
1802	1	0	0	0
1803	0	0	0	0
1804	0	0	0	1
1805	1	0	0	0
1806	1	0	0	0
1807	0	0	0	0
1808	0	0	0	1
1809	0	0	0	1
1810	0	0	0	1
1811	0	0	1	0
1812	0	1	0	0
1813	0	1	0	0
1814	1	0	0	0
1815	0	0	1	0
1816	0	0	1	0
1817	1	0	0	0
1818	1	0	0	0
2205	0	0	0	1
2206	0	0	1	0
2207	0	0	1	0
2208	1	0	0	0
2209	0	0	1	0
2210	1	0	0	0
2211	1	0	0	0
2212	1	0	0	0
2213	1	0	0	0
2214	0	0	0	1
2215	0	0	0	1
2216	1	0	0	0
2217	0	0	1	0
2218	0	0	0	1
2219	0	0	0	1
2220	0	0	1	0
2221	1	0	0	0
2222	0	0	0	1
2223	0	0	0	1
2224	0	0	0	1
2225	0	1	0	0
2226	1	0	0	0
2227	0	0	1	0
2228	0	0	1	0
2229	0	0	1	0
2230	1	0	0	0
2231	0	0	1	0
2232	0	1	0	0
2233	0	0	0	1
2234	0	1	0	0
2235	1	0	0	0
2236	1	0	0	0
2237	0	0	0	1
2238	1	0	0	0
2239	1	0	0	0
2240	1	0	0	0
2241	1	0	0	0
2242	0	0	1	0
2243	1	0	0	0
2244	1	0	0	0
2245	0	1	0	0
2246	0	0	0	1
2247	0	1	0	0
2248	1	0	0	0
2249	1	0	0	0
2250	0	0	1	0
2251	1	0	0	0
2252	0	1	0	0
2253	0	0	0	1
2254	0	0	0	1
2255	0	0	0	1
2256	0	0	0	1
2257	0	0	1	0
2258	0	0	0	0
2259	0	0	1	0
2260	1	0	0	0
2261	1	0	0	0
2262	0	0	1	0
2263	0	0	0	1
2264	0	0	0	1
2265	0	1	0	0
2266	1	0	0	0
2267	1	0	0	0
2268	0	0	0	1
2269	0	0	0	1
2270	1	0	0	0
2271	0	0	1	0
2272	0	0	1	0
2316	0	0	1	0
2317	0	0	0	1
2318	1	0	0	0
2319	0	1	0	0
2320	0	0	0	1
2321	0	0	1	0
2322	0	0	1	0
2323	1	0	0	0
2324	0	0	0	1
2325	0	0	1	0
2326	0	0	0	1
2327	0	0	2	0
2328	0	0	2	0
2329	0	0	2	0
2330	0	0	2	0
2331	0	0	2	0
2332	2	0	0	0
2333	0	0	0	2
2334	0	0	2	0
2335	0	2	0	0
2336	2	0	0	0
2337	0	0	0	2
2338	2	0	0	0
2339	0	0	0	2
2340	0	0	0	2
2341	0	0	0	2
2342	0	0	0	2
2343	0	0	0	2
2344	0	2	0	0
2345	2	0	0	0
2346	0	0	2	0
2347	0	0	0	2
2348	0	1	0	1
2349	0	2	0	0
2350	0	2	0	0
2351	0	0	0	2
2352	0	0	0	2
2353	0	0	0	2
2354	1	0	1	0
2355	0	0	2	0
2356	2	0	0	0
2357	0	0	0	2
2358	0	0	2	0
2359	2	0	0	0
2360	2	0	0	0
2361	0	0	2	0
2362	0	0	2	0
2363	0	2	0	0
2364	0	0	0	2
2365	0	0	0	2
2366	0	2	0	0
2367	2	0	0	0
2368	0	0	2	0
2369	0	0	2	0
2370	2	0	0	0
2371	2	0	0	0
2372	2	0	0	0
2373	0	0	0	2
2374	2	0	0	0
2375	0	0	0	2
2376	2	0	0	0
2377	0	2	0	0
2378	0	0	0	2
2379	0	0	2	0
2380	0	2	0	0
2381	2	0	0	0
2382	0	0	0	2
2383	0	0	0	2
2384	0	2	0	0
2385	2	0	0	0
2386	0	2	0	0
2387	0	2	0	0
2388	1	0	0	0
2389	0	0	0	1
2390	1	0	0	0
2391	0	1	0	0
2392	0	1	0	0
2393	0	0	0	1
2394	1	0	0	0
2395	0	0	1	0
2396	0	0	0	1
2397	1	0	0	0
2398	0	0	0	1
2488	0	1	0	0
2489	1	0	0	0
2490	1	0	0	0
2491	1	0	0	0
2492	1	0	0	0
2493	1	0	0	0
2494	0	0	0	1
2495	0	1	0	0
2496	0	0	0	1
2497	0	0	0	1
2498	1	0	0	0
2499	0	0	1	0
2500	1	0	0	0
2501	0	0	1	0
2502	0	1	0	0
2503	0	1	0	0
2504	0	1	0	0
2505	0	0	0	1
2506	0	0	0	1
2507	0	1	0	0
2508	1	0	0	0
2509	0	0	1	0
2510	0	0	1	0
2511	1	0	0	0
2512	0	1	0	0
2513	1	0	0	0
2514	0	1	0	0
2515	1	0	0	0
2516	1	0	0	0
2517	1	0	0	0
2518	1	0	0	0
2519	0	0	0	1
2520	0	2	0	0
2521	0	3	0	0
2522	3	0	0	0
2523	0	0	4	0
2524	4	0	0	0
2525	0	4	0	0
2526	4	0	0	0
2527	0	0	0	4
2528	4	0	0	0
2529	0	0	3	0
2530	0	0	0	4
2531	0	0	0	4
2532	4	0	0	0
2533	0	0	0	4
2534	0	4	0	0
2535	0	0	0	4
2536	4	0	0	0
2537	0	0	0	4
2538	0	4	0	0
2539	3	0	0	0
2540	4	0	0	0
2541	0	0	0	4
2542	4	0	0	0
2543	0	0	0	4
2544	4	0	0	0
2545	0	0	0	4
2546	0	0	4	0
2547	0	0	4	0
2548	4	0	0	0
2549	0	0	0	4
2550	0	0	4	0
2551	4	0	0	0
2552	0	4	0	0
2553	0	0	0	4
2554	0	0	0	4
2555	0	0	4	0
2556	0	0	0	4
2557	4	0	0	0
2558	0	0	0	4
2559	0	0	4	0
2560	0	0	0	4
2561	4	0	0	0
2562	0	0	4	0
2563	0	0	4	0
2564	4	0	0	0
2565	0	0	0	4
2566	0	4	0	0
2567	0	0	0	4
2568	0	0	4	0
2569	4	0	0	0
2570	0	4	0	0
2571	0	0	0	4
2572	0	0	0	4
2573	4	0	0	0
2574	0	0	4	0
2575	4	0	0	0
2576	4	0	0	0
2577	4	0	0	0
2578	0	0	0	4
2579	4	0	0	0
2580	0	0	4	0
2581	0	0	4	0
2582	1	0	3	0
2583	0	4	0	0
2584	4	0	0	0
2585	4	0	0	0
2586	0	4	0	0
2587	4	0	0	0
2588	0	0	0	4
2589	4	0	0	0
2590	0	0	4	0
2591	3	0	0	0
2592	0	0	3	0
2593	0	3	0	0
2594	3	0	0	0
2595	2	0	0	0
3501	0	0	0	1
3502	0	0	0	0
3503	1	0	0	0
3504	0	0	1	0
3505	0	0	1	0
3506	1	0	0	0
3507	1	0	0	0
3508	0	0	0	1
3509	0	1	0	0
3510	1	0	0	0
3511	0	0	0	1
3512	0	0	0	1
3513	0	1	0	0
3514	1	0	0	0
3515	1	0	0	0
3516	0	0	1	0
3517	0	1	0	0
3518	1	0	0	0
3519	0	1	0	0
3520	1	0	0	0
3521	1	0	0	0
3522	0	1	0	0
3523	0	1	0	0
3524	1	0	0	0
3525	0	0	1	0
3526	1	0	0	0
3527	0	0	0	1
3528	1	0	0	0
3529	1	0	0	0
3530	0	0	1	0
3531	1	0	0	0
3532	0	0	1	0
3533	0	0	0	1
3534	0	0	1	0
3535	1	0	0	0
3536	1	0	0	0
3537	0	0	0	1
3538	0	1	0	0
3539	1	0	0	0
3540	0	0	1	0
3541	1	0	0	0
3542	0	0	1	0
3543	0	0	0	1
3544	0	0	0	1
3545	1	0	0	0
3546	0	0	1	0
3547	0	0	0	1
3548	0	1	0	0
3549	1	0	0	0
3550	1	0	0	0
3551	0	1	0	0
3552	0	1	0	0
3553	1	0	0	0
3554	1	0	0	0
3555	1	0	0	0
3556	0	0	0	1
3557	1	0	0	0
3558	1	0	0	0
3559	0	0	0	1
3560	1	0	0	0
3561	0	0	0	0
3562	1	0	0	0
3563	1	0	0	0
3564	0	1	0	0
3565	1	0	0	0
3566	1	0	0	0
3567	0	0	0	1
3568	0	0	0	1
3569	1	0	0	0
3570	1	0	0	0
3571	0	0	0	1
3572	1	0	0	0
3573	1	0	0	0
3574	1	0	0	0
3812	1	0	0	0
3813	0	0	1	0
3814	0	0	1	0
3815	0	0	1	0
3816	0	0	1	0
3817	1	0	0	0
3818	1	0	0	0
3819	0	0	1	0
3820	0	1	0	0
3821	0	1	0	0
3822	1	0	0	0
3823	0	0	0	1
3824	1	0	0	0
3825	0	1	0	0
3826	1	0	0	0
3827	0	0	0	1
3828	0	0	1	0
3829	0	0	1	0
3830	1	0	0	0
3831	0	1	0	0
3832	1	0	0	0
3833	1	0	0	0
3834	0	0	1	0
3835	0	0	0	1
3836	1	0	0	0
3837	0	0	1	0
3838	1	0	0	0
3839	0	1	0	0
3840	0	0	0	1
3841	0	0	1	0
3842	0	0	0	1
3843	1	0	0	0
3844	0	0	1	0
3845	0	0	0	1
3846	0	1	0	0
3847	0	1	0	0
3848	0	0	1	0
3849	0	0	1	0
3850	0	0	1	0
3851	0	0	1	0
3852	1	0	0	0
3853	0	0	0	1
3854	1	0	0	0
3855	0	0	0	1
3856	0	0	1	0
3857	0	0	1	0
3858	0	1	0	0
3859	1	0	0	0
3860	1	0	0	0
3861	0	0	0	1
3862	0	0	0	1
3863	1	0	0	0
3864	0	0	1	0
3865	1	0	0	0
3866	0	0	0	1
3867	0	0	0	1
3868	0	0	1	0
3869	0	0	0	1
3870	1	0	0	0
3871	0	1	0	0
3872	1	0	0	0
3873	0	1	0	0
3874	1	0	0	0
3875	0	0	0	1
3876	0	0	0	1
3877	0	0	0	1
3878	1	0	0	0
3879	0	0	1	0
3880	1	0	0	0
3881	1	0	0	0
3882	0	0	1	0
3883	0	0	1	0
4239	0	0	1	0
4240	0	0	1	0
4241	0	0	1	0
4242	0	0	1	0
4243	0	0	1	0
4244	0	0	1	0
4245	0	0	0	0
4246	0	0	0	1
4247	0	0	0	0
4248	0	0	1	0
4249	0	0	1	0
4250	0	0	1	0
4251	0	0	1	0
4252	0	0	1	0
4253	0	0	1	0
4254	0	0	0	1
4255	1	0	0	0
4256	0	1	0	0
4257	0	0	0	0
4258	0	0	1	0
4259	0	0	0	1
4260	0	0	1	0
4261	0	0	0	0
4262	0	0	0	0
4263	0	0	1	0
4264	0	0	1	0
4265	0	0	1	0
4266	0	0	1	0
4267	0	0	0	0
4268	1	0	0	0
4269	1	0	0	0
4270	0	0	1	0
4271	1	0	0	0
4272	1	0	0	0
4273	0	0	0	1
4274	0	1	0	0
4275	1	0	0	0
4276	0	0	0	1
4277	0	0	0	0
4278	0	0	1	0
4279	1	0	0	0
4280	0	1	0	0
4281	0	0	0	0
4282	0	0	0	1
4283	0	0	0	0
4284	1	0	0	0
4285	0	0	0	1
4286	1	0	0	0
4287	0	0	1	0
4288	0	1	0	0
4289	0	0	0	0
4290	1	0	0	0
4291	0	1	0	0
4292	1	0	0	0
4293	0	0	1	0
4294	1	0	0	0
4295	0	1	0	0
4296	0	0	0	0
4297	0	0	0	1
4298	1	0	0	0
4299	0	1	0	0
4300	0	0	0	0
4301	0	0	0	0
4302	1	0	0	0
4303	0	1	0	0
4304	0	0	0	1
4305	1	0	0	0
4306	1	0	0	0
4307	1	0	0	0
4308	0	0	1	0
4309	1	0	0	0
4310	1	0	0	0
4449	0	0	1	0
4450	0	0	0	1
4451	1	0	0	0
4452	0	0	1	0
4453	0	0	0	1
4454	1	0	0	0
4455	0	1	0	0
4456	0	1	0	0
4457	1	0	0	0
4458	1	0	0	0
4459	0	0	1	0
4460	0	0	1	0
4461	1	0	0	0
4462	0	0	1	0
4463	0	0	1	0
4464	1	0	0	0
4465	1	0	0	0
4466	1	0	0	0
4467	0	0	1	0
4468	0	0	0	1
4469	1	0	0	0
4470	1	0	0	0
4471	1	0	0	0
4472	1	0	0	0
4473	1	0	0	0
4474	0	0	0	1
4475	0	1	0	0
4476	1	0	0	0
4477	0	0	0	1
4478	0	0	0	1
4479	1	0	0	0
4480	0	0	1	0
4481	1	0	0	0
4482	0	0	1	0
4483	1	0	0	0
4484	0	0	0	1
4485	0	0	0	1
4486	1	0	0	0
4487	0	0	0	1
4488	0	0	1	0
4489	0	0	1	0
4490	1	0	0	0
4491	1	0	0	0
4492	1	0	0	0
4493	1	0	0	0
4494	0	1	0	0
4495	1	0	0	0
4496	0	0	1	0
4497	1	0	0	0
4498	0	0	0	1
4499	0	0	1	0
4500	0	0	1	0
4501	0	1	0	0
4502	1	0	0	0
4503	0	0	1	0
4504	0	0	1	0
4505	0	0	0	1
4506	0	0	1	0
4507	0	1	0	0
4508	0	0	0	1
4509	0	0	1	0
4510	1	0	0	0
4511	0	0	0	1
4512	0	0	0	1
4513	0	0	1	0
4514	0	0	0	1
4515	0	0	1	0
4516	0	0	0	1
4517	0	0	1	0
4518	0	0	1	0
4519	0	1	0	0
4520	1	0	0	0
4521	0	0	1	0
5362	0	0	0	1
5363	0	0	1	0
5364	0	0	0	1
5365	1	0	0	0
5366	0	0	1	0
5367	0	1	0	0
5368	0	0	0	1
5369	1	0	0	0
5370	0	1	0	0
5371	0	1	0	0
5372	1	0	0	0
5373	0	0	0	1
5374	0	0	0	1
5375	0	0	1	0
5376	0	0	0	1
5377	0	1	0	0
5378	0	0	0	1
5379	1	0	0	0
5380	0	0	1	0
5381	0	0	0	1
5382	0	0	0	1
5383	0	0	0	1
5384	0	0	1	0
5385	0	1	0	0
5386	0	0	0	1
5387	0	0	0	1
5388	0	0	0	1
5389	0	1	0	0
5390	1	0	0	0
5391	0	0	1	0
5392	1	0	0	0
5393	0	1	0	0
5394	1	0	0	0
5395	1	0	0	0
5396	1	0	0	0
5397	1	0	0	0
5398	0	0	1	0
5399	0	0	1	0
5400	0	1	0	0
5401	0	0	0	1
5402	0	0	0	1
5403	1	0	0	0
5404	0	0	1	0
5405	0	0	1	0
5406	0	1	0	0
5407	1	0	0	0
5408	0	0	0	1
5409	0	0	0	1
5410	0	0	0	1
5411	0	1	0	0
5412	0	1	0	0
5413	0	0	0	1
5414	1	0	0	0
5415	0	0	0	1
5416	0	0	1	0
5417	0	0	1	0
5418	0	1	0	0
5419	1	0	0	0
5420	0	0	1	0
5421	0	0	1	0
5422	1	0	0	0
5423	1	0	0	0
5424	0	0	1	0
5425	1	0	0	0
5426	1	0	0	0
5427	0	0	1	0
5428	0	1	0	0
5429	0	0	1	0
5430	0	0	1	0
5431	1	0	0	0
5464	0	0	1	0
5465	1	0	0	0
5466	0	0	0	1
5467	0	1	0	0
5468	1	0	0	0
5469	0	0	0	1
5470	0	1	0	0
5471	1	0	0	0
5472	1	0	0	0
5473	1	0	0	0
5474	1	0	0	0
5475	0	0	0	1
5476	0	1	0	0
5477	0	0	0	1
5478	0	0	0	1
5479	1	0	0	0
5480	0	0	0	1
5481	1	0	0	0
5482	0	0	0	1
5483	0	1	0	0
5484	1	0	0	0
5485	1	0	0	0
5486	1	0	0	0
5487	0	0	1	0
5488	0	1	0	0
5489	1	0	0	0
5490	0	0	1	0
5491	0	0	0	1
5492	1	0	0	0
5493	1	0	0	0
5494	0	0	1	0
5495	0	0	0	1
5496	1	0	0	0
5497	0	0	0	1
5498	1	0	0	0
5499	0	0	0	1
5500	0	0	1	0
5501	0	0	0	1
5502	1	0	0	0
5503	1	0	0	0
5504	0	0	0	1
5505	0	0	1	0
5506	0	0	0	1
5507	0	0	0	1
5508	1	0	0	0
5509	1	0	0	0
5510	0	0	1	0
5511	0	0	0	1
5512	0	0	0	1
5513	0	0	0	1
5514	0	1	0	0
5515	1	0	0	0
5516	0	0	0	1
5517	1	0	0	0
5518	0	0	1	0
5519	1	0	0	0
5520	1	0	0	0
5521	0	0	1	0
5522	0	0	1	0
5523	1	0	0	0
5524	0	0	1	0
5525	0	0	0	1
5526	1	0	0	0
5527	0	0	1	0
5528	1	0	0	0
5529	0	0	0	1
5530	0	0	0	1
5531	1	0	0	0
5532	0	0	0	1
5533	1	0	0	0
5534	0	0	1	0
5535	1	0	0	0
5536	0	0	0	1
5537	0	0	0	1
7397	0	0	1	0
7398	1	0	0	0
7399	0	0	0	1
7400	1	0	0	0
7401	0	1	0	0
7402	0	1	0	0
7403	0	0	0	1
7404	1	0	0	0
7405	1	0	0	0
7406	1	0	0	0
7407	0	0	1	0
7408	0	0	1	0
7409	1	0	0	0
7410	0	0	0	1
7411	0	1	0	0
7412	1	0	0	0
7413	1	0	0	0
7414	0	1	0	0
7415	1	0	0	0
7416	0	0	1	0
7417	0	1	0	0
7418	0	0	0	1
7419	0	0	0	1
7420	0	1	0	0
7421	0	0	0	1
7422	1	0	0	0
7423	0	0	0	0
7424	0	0	1	0
7425	1	0	0	0
7426	0	1	0	0
7427	0	0	0	1
7428	0	0	0	0
7429	0	0	0	1
7430	0	0	1	0
7431	0	0	1	0
7432	0	0	1	0
7433	0	0	1	0
7434	0	1	0	0
7435	0	0	0	1
7436	0	0	1	0
7437	0	0	0	0
7438	0	0	0	1
7439	0	1	0	0
7440	0	0	0	1
7441	0	0	1	0
7442	0	0	1	0
7443	1	0	0	0
7444	1	0	0	0
7445	1	0	0	0
7446	1	0	0	0
7447	0	1	0	0
7448	1	0	0	0
7449	0	1	0	0
7450	1	0	0	0
7451	0	0	0	1
7452	0	1	0	0
7453	0	0	0	1
7454	0	0	1	0
7455	0	1	0	0
7456	1	0	0	0
7457	0	1	0	0
7458	0	1	0	0
7459	1	0	0	0
7460	0	1	0	0
7461	0	0	0	1
7462	1	0	0	0
7463	1	0	0	0
7464	0	0	0	1
7465	0	0	1	0
7466	0	0	0	1
7467	0	0	1	0
7468	0	1	0	0
7469	0	1	0	0
7470	0	0	0	1
7471	0	0	0	1
7472	0	0	1	0
7473	0	0	1	0
7474	1	0	0	0
7475	1	0	0	0
7476	0	1	0	0
7477	0	0	0	1
7478	0	1	0	0
7479	0	1	0	0
7480	1	0	0	0
7481	0	0	1	0
7482	0	0	0	1
7483	0	0	0	1
7484	0	0	1	0
7485	0	0	1	0
7486	1	0	0	0
7487	0	0	1	0
7488	0	0	0	1
7489	1	0	0	0
7490	1	0	0	0
7491	0	0	0	1
7492	1	0	0	0
7493	1	0	0	0
7494	1	0	0	0
7495	1	0	0	0
7496	0	1	0	0
7497	0	1	0	0
7498	0	1	0	0
7499	1	0	0	0
7500	1	0	0	0
7501	0	0	0	1
7502	0	1	0	0
7503	1	0	0	0
7504	0	0	1	0
7505	1	0	0	0
7506	0	0	1	0
7507	1	0	0	0
7508	0	0	0	1
7509	0	0	0	1
7510	0	0	0	1
7511	0	0	1	0
7512	0	0	1	0
7513	1	0	0	0
7514	1	0	0	0
7515	0	0	0	1
7516	1	0	0	0
7517	1	0	0	0
7518	0	1	0	0
7519	1	0	0	0
7520	0	0	0	1
7521	0	0	1	0
7522	1	0	0	0
7523	0	1	0	0
7524	0	1	0	0
7525	0	0	0	1
7526	0	0	1	0
7527	0	0	1	0
7528	1	0	0	0
7529	0	0	0	1
7530	0	0	1	0
7531	0	1	0	0
7532	1	0	0	0
7533	0	0	1	0
7534	0	0	0	1
7535	0	0	1	0
