	A	C	G	T
112	0	0	1	0
113	1	0	0	0
114	1	0	0	0
115	0	1	0	0
116	1	0	0	0
117	0	0	1	0
118	0	0	1	0
119	0	0	1	0
120	1	0	0	0
121	0	1	0	0
122	0	1	0	0
123	0	1	0	0
124	0	0	1	0
125	1	0	0	0
126	1	0	0	0
127	1	0	0	0
128	0	0	1	0
129	0	1	0	0
130	0	0	1	0
131	1	0	0	0
132	1	0	0	0
133	1	0	0	0
134	0	0	1	0
135	0	0	0	1
136	1	0	0	0
137	1	0	0	0
138	0	0	1	0
139	1	0	0	0
140	0	1	0	0
141	0	1	0	0
142	1	0	0	0
143	0	0	1	0
144	1	0	0	0
145	0	0	1	0
146	0	0	1	0
147	1	0	0	0
148	0	0	1	0
149	1	0	0	0
150	0	0	0	1
151	0	1	0	0
152	0	0	0	1
153	0	1	0	0
154	0	0	0	1
155	0	1	0	0
156	0	0	1	0
157	1	0	0	0
158	0	1	0	0
159	0	0	1	0
160	0	1	0	0
161	1	0	0	0
162	0	0	2	0
163	0	0	2	0
164	2	0	0	0
165	0	2	0	0
166	0	0	0	2
167	0	2	0	0
168	0	0	2	0
169	0	0	2	0
170	0	2	0	0
171	0	0	0	2
172	0	0	0	2
173	0	0	2	0
174	0	2	0	0
175	0	0	0	2
176	0	0	2	0
177	2	0	0	0
178	2	0	0	0
179	0	0	2	0
180	0	0	0	2
181	0	0	2	0
182	0	1	0	0
183	1	0	0	0
184	0	2	0	0
185	0	0	0	2
186	0	2	0	0
187	0	0	2	0
188	0	0	2	0
189	0	2	0	0
190	2	0	0	0
191	2	0	0	0
192	0	0	2	0
193	2	0	0	0
194	0	0	2	0
195	0	0	2	0
196	0	2	0	0
197	0	0	2	0
198	2	0	0	0
199	0	0	2	0
200	2	0	0	0
201	0	0	2	0
202	0	2	0	0
203	0	0	2	0
204	0	0	2	0
205	0	2	0	0
206	0	0	2	0
207	2	0	0	0
208	0	2	0	0
209	0	0	0	2
210	0	0	2	0
211	0	0	2	0
212	0	0	0	2
213	0	0	2	0
214	2	0	0	0
215	0	0	2	0
216	0	0	0	2
217	2	0	0	0
218	0	2	0	0
219	0	0	2	0
220	0	2	0	0
221	0	2	0	0
222	0	0	2	0
223	2	0	0	0
224	2	0	0	0
225	0	0	0	2
226	0	0	0	2
227	0	0	0	2
228	0	0	0	2
229	2	0	0	0
230	0	0	0	2
231	0	0	0	2
232	0	0	0	2
233	0	0	2	0
234	2	0	0	0
235	0	2	0	0
236	0	0	0	2
237	2	0	0	0
238	0	0	2	0
239	0	2	0	0
240	0	0	2	0
241	0	0	2	0
242	2	0	0	0
243	0	0	2	0
244	0	0	2	0
245	0	2	0	0
246	0	0	0	2
247	2	0	0	0
248	0	0	2	0
249	2	0	0	0
250	2	0	0	0
251	0	0	2	0
252	0	0	1	0
253	1	0	0	0
254	0	0	1	0
255	1	0	0	0
258	0	0	1	0
259	1	0	0	0
260	0	0	0	1
261	0	0	2	0
262	0	0	2	0
263	0	0	2	0
264	0	0	0	2
265	0	0	2	0
266	0	2	0	0
267	0	0	2	0
268	2	0	0	0
269	0	0	2	0
270	2	0	0	0
271	0	0	2	0
272	0	2	0	0
273	0	0	2	0
274	0	0	0	2
275	0	2	0	0
276	2	0	0	0
277	0	0	2	0
278	0	0	0	2
279	2	0	0	0
280	0	0	0	2
281	0	0	0	2
282	2	0	0	0
283	2	0	0	0
284	0	0	2	0
285	2	0	0	0
286	0	0	2	0
287	0	0	2	0
288	0	2	0	0
289	0	0	2	0
290	2	0	0	0
291	2	0	0	0
292	2	0	0	0
293	2	0	0	0
294	0	0	0	2
295	0	0	0	2
296	0	0	0	2
297	1	0	1	0
298	0	0	2	0
299	2	0	0	0
300	0	0	0	2
301	2	0	0	0
302	0	0	2	0
303	2	0	0	0
304	0	0	0	2
305	0	0	2	0
306	0	0	2	0
307	1	0	1	0
308	2	0	0	0
309	2	0	0	0
310	2	0	0	0
311	2	0	0	0
312	2	0	0	0
313	2	0	0	0
314	0	0	0	2
315	0	0	0	2
316	2	0	0	0
317	0	0	2	0
318	0	0	2	0
319	0	0	0	2
320	0	0	0	2
321	0	0	2	0
322	2	0	0	0
323	0	0	2	0
324	0	0	2	0
325	0	2	0	0
326	0	3	0	0
327	3	0	0	0
328	0	0	2	0
329	0	0	2	0
330	0	0	2	0
331	0	0	2	0
332	0	0	2	0
333	1	0	0	0
334	1	0	0	0
335	1	0	0	0
336	0	0	1	0
337	1	0	0	0
338	1	0	0	0
339	1	0	0	0
340	0	1	0	0
341	1	0	0	0
342	0	0	1	0
343	0	0	0	1
344	1	0	0	0
345	0	0	0	1
346	1	0	0	0
347	1	0	0	0
348	0	0	1	0
349	0	1	0	0
350	0	0	0	1
351	1	0	0	0
352	1	0	0	0
353	1	0	0	0
354	1	0	0	0
355	0	1	0	0
356	1	0	0	0
357	0	1	0	0
358	1	0	0	0
359	0	0	0	1
360	1	0	0	0
361	0	0	1	0
362	0	0	0	1
363	1	0	0	0
364	0	0	0	1
365	0	0	1	0
366	0	0	1	0
367	0	0	1	0
368	0	1	0	0
369	1	0	0	0
370	1	0	0	0
371	0	0	1	0
372	0	1	0	0
373	1	0	0	0
374	0	0	1	0
375	0	0	1	0
376	0	0	1	0
377	1	0	0	0
378	0	0	1	0
379	0	1	0	0
380	0	0	0	1
381	0	0	1	0
382	0	0	1	0
383	1	0	0	0
384	1	0	0	0
385	1	0	0	0
386	0	0	1	0
387	1	0	0	0
388	0	0	0	1
389	0	0	0	1
390	0	0	0	1
391	0	0	1	0
392	0	1	0	0
393	1	0	0	0
394	0	1	0	0
395	0	0	0	1
396	0	0	0	1
397	1	0	0	0
419	0	1	0	0
420	1	0	0	0
421	0	0	1	0
422	1	0	0	0
423	1	0	0	0
424	0	0	1	0
425	0	0	1	0
426	0	1	0	0
427	0	0	0	1
428	0	0	1	0
429	0	0	0	1
430	1	0	0	0
431	0	0	1	0
432	2	0	0	0
433	0	2	0	0
434	2	0	0	0
435	2	0	0	0
436	2	0	0	0
437	0	0	0	2
438	2	0	0	0
439	2	0	0	0
440	0	0	0	2
441	1	0	1	0
442	2	0	0	0
443	2	0	0	0
444	1	0	0	0
445	0	2	0	0
446	2	0	0	0
447	0	0	2	0
448	0	2	0	0
449	0	0	0	2
450	2	0	0	0
451	0	2	0	0
452	2	0	0	0
453	2	0	0	0
454	0	2	0	0
455	0	2	0	0
456	2	0	0	0
457	0	0	1	0
458	0	1	0	0
459	0	0	0	4
460	0	4	0	0
461	0	0	0	4
462	0	3	0	1
463	0	3	0	0
464	4	0	0	0
465	0	0	3	0
466	4	0	0	0
467	0	4	0	0
468	4	0	0	0
469	0	0	4	0
470	0	0	3	0
471	4	0	0	0
472	3	0	0	0
473	0	4	0	0
474	4	0	0	0
475	0	0	5	0
476	5	0	0	0
477	0	0	5	0
478	0	0	5	0
479	5	0	0	0
480	5	0	0	0
481	3	2	0	0
482	0	0	0	5
483	0	0	0	5
484	5	0	0	0
485	3	0	2	0
486	5	0	0	0
487	0	1	0	4
488	0	5	0	0
489	5	0	0	0
490	0	0	0	5
491	0	0	0	4
492	2	0	2	0
493	0	0	0	4
494	2	0	0	2
495	0	4	0	0
496	5	0	0	0
497	5	0	0	0
498	0	5	0	0
499	5	0	0	0
500	0	5	0	0
501	5	0	0	0
502	0	0	5	0
503	0	0	0	5
504	5	0	0	0
505	0	0	5	0
506	0	4	0	0
507	5	0	0	0
508	5	0	0	0
509	0	5	0	0
510	0	0	0	5
511	0	4	0	0
512	0	0	0	5
513	0	4	0	1
514	0	0	0	5
515	5	0	0	0
516	0	0	0	5
517	0	0	0	5
518	0	0	5	0
519	0	0	0	5
520	0	0	5	0
521	0	0	0	5
522	5	0	0	0
523	0	5	0	0
524	5	0	0	0
525	0	0	0	5
526	3	0	1	0
527	5	0	0	0
528	5	0	0	0
529	5	0	0	0
530	4	0	1	0
531	0	0	4	1
532	4	0	0	0
533	0	0	0	4
534	4	0	0	0
535	0	0	4	0
536	4	0	0	0
537	0	0	1	3
538	2	0	2	0
539	0	0	0	5
540	5	0	0	0
541	0	5	0	0
542	0	0	5	0
543	5	0	0	0
544	0	0	5	0
545	5	0	0	0
546	0	5	0	0
547	5	0	0	0
548	0	5	0	0
549	0	4	0	1
550	5	0	0	0
551	5	0	0	0
552	1	0	4	0
553	0	0	5	0
554	4	0	0	0
555	5	0	0	0
556	0	0	5	0
557	0	4	0	0
558	0	4	0	0
559	0	0	0	4
560	0	0	0	4
561	3	0	0	0
562	0	0	3	1
563	4	0	0	0
564	0	4	0	0
565	2	0	0	0
566	2	0	0	0
567	0	0	1	0
568	2	0	0	0
569	0	0	0	2
570	2	0	0	0
571	0	0	2	0
572	2	0	0	0
573	1	0	1	0
574	0	0	2	0
575	2	0	0	0
576	2	0	0	0
577	0	0	2	0
578	1	0	1	0
579	2	0	0	0
580	0	2	0	0
581	2	0	0	0
582	2	0	0	0
583	2	0	0	0
584	2	0	0	0
585	0	2	0	0
586	2	0	0	0
587	2	0	0	0
588	0	0	2	0
589	2	0	0	0
590	0	0	2	0
591	0	0	0	2
592	0	2	0	0
593	3	0	0	0
594	0	0	3	0
595	0	3	0	0
596	3	0	0	0
597	3	0	0	0
598	3	0	0	0
599	3	0	0	0
600	3	0	0	0
601	3	0	0	0
602	0	2	0	0
603	3	0	0	0
604	0	3	0	0
605	3	0	0	0
606	0	0	2	0
607	0	3	0	0
608	3	0	0	0
609	0	0	3	0
610	0	0	3	0
611	0	3	0	0
612	2	0	0	0
613	2	0	0	0
614	2	0	0	0
615	2	0	0	0
616	0	0	2	0
617	0	1	0	0
618	0	0	2	0
619	0	0	2	0
620	0	2	0	0
621	0	0	0	2
622	0	0	2	0
623	2	0	0	0
624	0	2	0	0
625	0	0	2	0
626	0	0	2	0
627	0	0	1	0
628	2	0	0	0
629	2	0	0	0
630	2	0	0	0
631	0	0	2	0
632	0	0	0	2
633	0	2	0	0
634	2	0	0	0
635	0	0	2	0
636	0	0	0	2
637	0	2	0	0
638	2	0	0	0
639	2	0	0	0
640	2	0	0	0
641	2	0	0	0
642	0	0	0	2
643	0	0	0	3
644	3	0	0	0
645	0	0	0	3
646	0	3	0	0
647	0	3	0	0
648	0	0	0	3
649	3	0	0	0
650	0	0	0	3
651	3	0	0	0
652	0	0	2	0
653	0	0	0	3
654	0	0	3	0
655	0	3	0	0
656	3	0	0	0
657	0	0	2	0
658	2	0	0	0
659	2	0	0	0
660	0	0	0	2
661	0	2	0	0
662	0	0	0	2
663	0	0	0	2
664	0	2	0	0
665	2	0	0	0
666	2	0	0	0
667	0	0	2	0
668	0	0	2	0
669	0	0	2	0
670	0	2	0	0
671	2	0	0	0
672	2	0	0	0
673	2	0	0	0
674	0	0	0	2
675	0	0	2	0
676	0	0	2	0
677	0	0	0	2
678	2	0	0	0
679	0	2	0	0
680	2	0	0	0
681	0	0	0	2
682	0	2	0	0
683	2	0	0	0
684	2	0	0	0
685	0	2	0	0
686	0	2	0	0
687	0	2	0	0
688	0	0	0	2
689	0	0	0	2
690	0	0	2	0
691	0	0	0	3
692	0	3	0	0
693	3	0	0	0
694	0	3	0	0
695	0	3	0	0
696	0	3	0	0
697	3	0	0	0
698	0	0	3	0
699	3	0	0	0
700	3	0	0	0
701	0	3	0	0
702	0	0	0	3
703	0	0	0	3
704	0	0	0	3
705	0	0	3	0
706	3	0	0	0
707	3	0	0	0
708	0	0	0	3
709	0	0	3	0
710	0	3	0	0
711	3	0	0	0
712	0	0	0	3
713	0	0	3	0
714	0	0	3	0
715	0	0	2	0
716	0	0	0	2
717	2	0	0	0
718	2	0	0	0
719	2	0	0	0
720	2	0	0	0
721	0	0	2	0
722	0	0	0	2
723	2	0	0	0
724	0	0	2	0
725	0	0	0	2
726	2	0	0	0
727	0	0	2	0
728	1	0	0	0
729	0	0	1	0
730	0	0	1	0
731	1	0	0	0
732	0	0	1	0
733	1	0	0	0
734	1	0	0	0
735	0	0	1	0
736	1	0	0	0
737	1	0	0	0
738	0	0	0	1
739	0	0	0	1
740	0	0	0	1
741	0	1	0	0
742	1	0	0	0
743	0	0	1	0
744	0	1	0	0
745	0	1	0	0
746	0	1	0	0
747	1	0	0	0
748	0	0	1	0
749	1	0	0	0
750	0	0	1	0
751	0	0	1	0
752	0	0	0	1
753	1	0	0	0
754	1	0	0	0
755	0	0	0	1
756	1	0	0	0
757	0	1	0	0
758	0	1	0	0
759	0	1	0	0
760	1	0	0	0
761	0	0	0	1
762	0	0	1	0
763	0	0	0	1
764	0	0	0	1
765	0	0	0	1
766	1	0	0	0
767	0	1	0	0
768	1	0	0	0
769	0	0	1	0
770	0	1	0	0
771	1	0	0	0
772	0	0	0	1
773	0	0	0	1
774	1	0	0	0
775	0	0	0	1
776	0	1	0	0
777	1	0	0	0
778	0	0	1	0
779	1	0	0	0
780	1	0	0	0
781	0	0	1	0
782	0	0	1	0
783	1	0	0	0
784	0	0	1	0
871	0	0	1	0
872	1	0	0	0
873	0	0	1	0
874	0	0	1	0
875	0	1	0	0
876	0	0	0	1
877	0	0	1	0
878	0	1	0	0
879	1	0	0	0
880	0	0	1	0
881	1	0	0	0
882	1	0	0	0
883	0	0	0	1
884	0	0	1	0
885	0	0	1	0
886	0	0	1	0
887	1	0	0	0
888	0	0	0	1
889	1	0	0	0
890	0	0	1	0
891	1	0	0	0
892	0	0	0	1
893	0	0	0	1
894	1	0	0	0
895	0	1	0	0
896	1	0	0	0
897	0	0	0	1
898	0	1	0	0
899	0	1	0	0
900	1	0	0	0
901	0	0	1	0
902	0	0	0	1
903	0	0	1	0
904	0	1	0	0
905	1	0	0	0
906	0	0	0	1
907	0	0	1	0
908	0	1	0	0
909	1	0	0	0
910	0	0	1	0
911	0	0	1	0
912	0	0	1	0
913	0	1	0	0
914	0	1	0	0
915	0	0	0	1
916	1	0	0	0
917	0	0	0	1
918	0	0	0	1
919	0	0	1	0
920	0	1	0	0
921	1	0	0	0
922	0	1	0	0
923	0	1	0	0
924	1	0	0	0
925	0	0	1	0
926	0	0	1	0
927	0	1	0	0
928	0	1	0	0
929	1	0	0	0
930	0	0	1	0
931	0	1	0	0
932	0	0	0	1
933	0	0	1	0
934	1	0	0	0
935	0	0	1	0
936	1	0	0	0
937	0	0	1	0
938	1	0	0	0
939	1	0	0	0
940	0	1	0	0
941	0	1	0	0
942	1	0	0	0
994	0	0	0	1
995	0	0	1	0
996	0	0	1	0
997	1	0	0	0
998	0	0	0	1
999	0	0	1	0
1000	1	0	0	0
1001	0	1	0	0
1002	1	0	0	0
1003	0	1	0	0
1004	1	0	0	0
1005	0	0	0	1
1006	1	0	0	0
1007	1	0	0	0
1008	0	1	0	0
1009	0	1	0	0
1010	0	1	0	0
1011	1	0	0	0
1012	0	1	0	0
1013	0	1	0	0
1014	0	0	0	1
1015	0	0	1	0
1016	0	0	0	1
1017	0	0	0	1
1018	0	1	0	0
1019	0	1	0	0
1020	1	0	0	0
1021	0	0	1	0
1022	0	0	0	1
1023	0	0	1	0
1024	0	0	1	0
1025	0	0	1	0
1026	1	0	0	0
1027	0	0	1	0
1028	1	0	0	0
1029	0	1	0	0
1030	1	0	0	0
1031	0	0	0	2
1032	0	2	0	0
1033	0	0	0	2
1034	2	0	0	0
1035	0	0	0	2
1036	2	0	0	0
1037	2	0	0	0
1038	2	0	0	0
1039	2	0	0	0
1040	0	0	2	0
1041	2	0	0	0
1042	0	0	0	2
1043	0	0	2	0
1044	0	0	2	0
1045	2	0	0	0
1046	0	0	0	2
1047	2	0	0	0
1048	2	0	0	0
1049	0	0	0	2
1050	0	0	0	2
1051	0	2	0	0
1052	0	0	0	2
1053	0	0	2	0
1054	0	0	2	0
1055	0	0	2	0
1056	0	0	2	0
1057	0	0	0	2
1058	0	0	0	2
1059	2	0	0	0
1060	2	0	0	0
1061	2	0	0	0
1062	0	0	0	2
1063	2	0	0	0
1064	2	0	0	0
1065	2	0	0	0
1066	1	0	0	0
1067	0	0	0	1
1068	1	0	0	0
1069	0	0	1	0
1070	0	0	0	1
1071	0	0	1	0
1072	1	0	0	0
1073	0	0	1	0
1074	1	0	0	0
1075	1	0	0	0
1076	0	0	0	1
1077	0	0	1	0
1078	0	0	0	1
1079	1	0	0	0
1080	0	0	0	1
1081	1	0	0	0
1082	0	0	1	0
1083	0	1	0	0
1084	0	1	0	0
1085	0	1	0	0
1086	0	0	0	1
1087	0	0	1	0
1088	0	0	0	1
1089	0	1	0	0
1090	1	0	0	0
1091	0	0	1	0
1092	0	1	0	0
1093	1	0	0	0
1094	0	0	0	1
1095	0	0	0	1
1096	0	0	0	1
1097	0	0	0	1
1098	0	0	1	0
1099	0	0	1	0
1100	1	0	0	0
1101	0	1	0	0
1102	1	0	0	0
1103	0	0	0	1
1140	1	0	0	0
1141	0	0	1	0
1142	1	0	0	0
1143	0	1	0	0
1144	0	1	0	0
1145	0	0	1	0
1146	0	0	1	0
1147	0	0	0	1
1148	0	0	0	1
1149	0	1	0	0
1150	0	0	0	1
1151	0	0	0	1
1152	0	1	0	0
1153	1	0	0	0
1154	1	0	0	0
1155	1	0	0	0
1156	1	0	0	0
1157	0	1	0	0
1158	0	0	0	1
1159	0	0	0	2
1160	0	0	0	2
1161	2	0	0	0
1162	2	0	0	0
1163	0	0	2	0
1164	2	0	0	0
1165	0	0	2	0
1166	0	2	0	0
1167	0	0	0	2
1168	0	0	2	0
1169	2	0	0	0
1170	2	0	0	0
1171	0	2	0	0
1172	2	0	0	0
1173	2	0	0	0
1174	0	0	2	0
1175	0	2	0	0
1176	0	0	0	2
1177	2	0	0	0
1178	0	2	0	0
1179	2	0	0	0
1180	0	2	0	0
1181	2	0	0	0
1182	2	0	0	0
1183	0	0	2	0
1184	2	0	0	0
1185	0	0	1	1
1186	0	0	2	0
1187	0	0	0	2
1188	2	0	0	0
1189	2	0	0	0
1190	2	0	0	0
1191	2	0	0	0
1192	2	0	0	0
1193	2	0	0	0
1194	0	0	0	2
1195	0	0	0	2
1196	0	0	2	0
1197	0	0	2	0
1198	2	0	0	0
1199	0	0	0	2
1200	0	0	2	0
1201	2	0	0	0
1202	0	2	0	0
1203	2	0	0	0
1204	0	0	2	0
1205	2	0	0	0
1206	0	2	0	0
1207	2	0	0	0
1208	0	2	0	0
1209	0	2	0	0
1210	0	0	0	2
1211	0	0	0	2
1212	1	0	1	0
1213	0	0	0	2
1214	0	0	0	2
1215	0	0	2	0
1216	0	0	2	0
1217	0	0	0	2
1218	0	2	0	0
1219	0	2	0	0
1220	2	0	0	0
1221	2	0	0	0
1222	2	0	0	0
1223	2	0	0	0
1224	0	0	0	2
1225	0	0	2	0
1226	0	2	0	0
1227	0	0	2	0
1228	2	0	0	0
1229	2	0	0	0
1230	0	2	0	0
1231	0	2	0	0
1232	0	2	0	0
1233	2	0	0	0
1234	0	0	1	0
1235	1	0	0	0
1236	0	0	0	1
1237	0	0	0	1
1238	0	0	1	0
1239	0	0	0	1
1240	1	0	0	0
1241	1	0	0	0
1242	0	0	1	0
1243	1	0	0	0
1244	0	1	0	0
1245	0	1	0	0
1246	1	0	0	0
1266	1	0	0	0
1267	0	0	1	0
1268	0	0	1	0
1269	0	0	1	0
1270	0	0	1	0
1271	0	1	0	0
1272	0	0	0	1
1273	0	0	0	1
1274	0	1	0	0
1275	1	0	0	0
1276	0	0	0	0
1277	0	0	0	1
1278	1	0	0	0
1279	0	0	1	0
1280	1	0	0	0
1281	1	0	0	0
1282	0	0	1	0
1283	1	0	0	0
1284	1	0	0	0
1285	1	0	0	0
1286	0	0	0	1
1287	0	0	1	0
1288	1	0	0	0
1289	0	0	0	1
1290	0	0	1	0
1291	1	0	0	0
1292	0	1	0	0
1293	1	0	0	0
1294	0	0	1	0
1295	0	1	0	0
1296	1	0	0	0
1297	0	0	0	1
1298	0	0	1	0
1299	0	0	0	1
1300	0	1	0	0
1301	1	0	0	0
1302	0	0	1	0
1303	0	0	1	0
1304	0	0	1	0
1305	1	0	0	0
1306	0	0	1	0
1307	0	0	0	1
1308	0	0	1	0
1309	0	0	1	0
1310	0	0	1	0
1311	1	0	0	0
1312	0	0	1	0
1313	0	0	1	0
1314	1	0	0	0
1315	0	1	0	0
1316	0	1	0	0
1317	0	0	0	1
1318	0	0	1	0
1319	0	0	2	0
1320	0	1	0	0
1321	0	3	0	0
1322	3	0	0	0
1323	0	3	0	0
1324	3	0	0	0
1325	3	0	0	0
1326	3	0	0	0
1327	0	0	2	0
1328	0	3	0	0
1329	3	0	0	0
1330	3	0	0	0
1331	0	0	3	0
1332	2	0	1	0
1333	0	0	3	0
1334	0	0	0	3
1335	0	0	3	0
1336	0	0	0	3
1337	0	0	0	3
1338	0	0	4	0
1339	0	0	4	0
1340	0	4	0	0
1341	0	0	0	4
1342	0	0	4	0
1343	4	0	0	0
1344	0	0	4	0
1345	0	0	4	0
1346	0	4	0	0
1347	4	0	0	0
1348	4	0	0	0
1349	0	0	0	4
1350	0	0	5	0
1351	4	0	0	0
1352	0	0	5	0
1353	0	5	0	0
1354	0	5	0	0
1355	5	0	0	0
1356	5	0	0	0
1357	0	0	5	0
1358	0	5	0	0
1359	1	0	0	4
1360	5	0	0	0
1361	5	0	0	0
1362	0	5	0	0
1363	5	0	0	0
1364	5	0	0	0
1365	0	0	0	5
1366	5	0	0	0
1367	0	0	0	5
1368	5	0	0	0
1369	5	0	0	0
1370	5	0	0	0
1371	0	5	0	0
1372	5	0	0	0
1373	0	0	0	5
1374	5	0	0	0
1375	5	0	0	0
1376	0	0	0	5
1377	0	0	5	0
1378	5	0	0	0
1379	0	0	0	5
1380	0	0	5	0
1381	0	5	0	0
1382	5	0	0	0
1383	0	0	5	0
1384	5	0	0	0
1385	5	0	0	0
1386	5	0	0	0
1387	5	0	0	0
1388	0	0	5	0
1389	0	5	0	0
1390	5	0	0	0
1391	4	0	0	0
1392	0	0	0	5
1393	0	0	0	4
1394	0	0	0	4
1395	0	0	0	4
1396	4	0	0	0
1397	4	0	0	0
1398	4	0	0	0
1399	0	0	4	0
1400	0	0	4	0
1401	0	4	0	0
1402	0	5	0	0
1403	0	5	0	0
1404	0	0	0	5
1405	5	0	0	0
1406	1	0	4	0
1407	5	0	0	0
1408	5	0	0	0
1409	0	0	5	0
1410	4	0	0	0
1411	3	0	0	0
1412	0	1	0	2
1413	0	0	0	3
1414	3	0	0	0
1415	0	0	0	3
1416	0	0	0	3
1417	3	0	0	0
1418	3	0	0	0
1419	3	0	0	0
1420	0	0	0	4
1421	0	0	4	0
1422	0	0	0	4
1423	0	0	0	3
1424	0	0	0	2
1425	0	0	0	2
1426	3	0	0	0
1427	3	0	0	0
1428	0	4	0	0
1429	0	0	0	4
1430	0	0	4	0
1431	0	0	0	3
1432	0	0	5	0
1433	0	0	5	0
1434	0	5	0	0
1435	5	0	0	0
1436	5	0	0	0
1437	0	0	4	0
1438	0	0	5	0
1439	5	0	0	0
1440	3	0	0	0
1441	0	0	5	0
1442	0	0	5	0
1443	0	0	4	0
1444	0	5	0	0
1445	5	0	0	0
1446	0	5	0	0
1447	0	5	0	0
1448	0	0	0	5
1449	5	0	0	0
1450	0	0	5	0
1451	0	5	0	0
1452	0	5	0	0
1453	5	0	0	0
1454	0	0	5	0
1455	5	0	0	0
1456	4	0	0	0
1457	4	0	0	0
1458	0	1	0	4
1459	0	0	0	4
1460	0	0	4	0
1461	0	5	0	0
1462	4	1	0	0
1463	0	0	5	0
1464	5	0	0	0
1465	0	0	5	0
1466	0	5	0	0
1467	0	5	0	0
1468	0	5	0	0
1469	0	4	0	0
1470	0	0	0	5
1471	4	0	0	0
1472	0	0	4	0
1473	0	0	4	0
1474	5	0	0	0
1475	4	0	0	0
1476	5	0	0	0
1477	5	0	0	0
1478	0	0	5	0
1479	0	0	5	0
1480	0	0	4	0
1481	0	0	5	0
1482	0	5	0	0
1483	0	0	0	5
1484	0	0	5	0
1485	0	0	0	5
1486	0	0	0	4
1487	0	0	5	0
1488	0	0	5	0
1489	5	0	0	0
1490	4	1	0	0
1491	5	0	0	0
1492	0	0	0	5
1493	0	0	5	0
1494	0	0	0	4
1495	0	0	3	0
1496	0	0	3	0
1497	3	0	0	0
1498	3	0	0	0
1499	3	0	1	0
1500	0	0	4	0
1501	0	0	5	0
1502	5	0	0	0
1503	4	0	0	0
1504	0	0	3	0
1505	0	0	3	0
1506	3	0	0	0
1507	0	3	0	0
1508	4	0	0	0
1509	0	3	0	1
1510	0	4	0	0
1511	4	0	0	0
1512	3	0	1	0
1513	4	0	0	0
1514	0	0	0	4
1515	0	0	4	0
1516	4	0	0	0
1517	4	0	0	0
1518	4	0	0	0
1519	0	0	4	0
1520	4	0	0	0
1521	0	4	0	0
1522	0	0	0	4
1523	0	0	4	0
1524	0	0	0	4
1525	4	0	0	0
1526	0	1	3	0
1527	0	0	0	4
1528	0	0	4	0
1529	4	0	0	0
1530	0	0	4	0
1531	4	0	0	0
1532	0	0	4	0
1533	0	0	4	0
1534	0	4	0	0
1535	4	0	0	0
1536	0	0	4	0
1537	0	0	4	0
1538	0	3	0	0
1539	0	0	0	3
1540	3	0	0	0
1541	3	0	0	0
1542	0	0	0	3
1543	0	0	0	3
1544	0	0	0	3
1545	0	0	0	3
1546	0	0	0	3
1547	0	0	0	3
1548	3	0	0	0
1549	0	0	3	0
1550	0	0	3	0
1551	0	0	3	0
1552	3	0	0	0
1553	3	0	0	0
1554	3	0	0	0
1555	2	0	1	0
1556	0	0	0	3
1557	0	0	0	3
1558	0	0	0	3
1559	0	0	3	0
1560	0	0	3	0
1561	0	3	0	0
1562	0	3	0	0
1563	0	0	0	3
1564	0	0	0	3
1565	0	3	0	0
1566	0	3	0	0
1567	1	1	0	0
1568	2	0	0	0
1569	0	2	0	0
1570	2	0	0	0
1571	2	0	0	0
1572	0	0	2	0
1573	0	0	2	0
1574	0	0	2	0
1575	0	0	2	0
1576	2	0	0	0
1577	0	0	1	0
1578	0	0	1	0
1579	0	1	0	0
1580	0	1	0	0
1581	1	0	0	0
1582	0	0	1	0
1583	0	0	1	0
1584	1	0	0	0
1585	1	0	0	0
1586	1	0	0	0
1587	0	0	0	1
1588	0	0	0	1
1589	0	0	0	1
1590	0	2	0	0
1591	0	2	0	0
1592	0	0	0	2
1593	0	0	0	2
1594	0	2	0	0
1595	2	0	0	0
1596	0	0	2	0
1597	2	0	0	0
1598	2	0	0	0
1599	0	2	0	0
1600	2	0	0	0
1601	0	0	2	0
1602	1	0	1	0
1603	0	2	0	0
1604	0	2	0	0
1605	2	0	0	0
1606	0	0	2	0
1607	2	0	0	0
1608	0	0	2	0
1609	0	2	0	0
1610	0	2	0	0
1611	2	0	0	0
1612	2	0	0	0
1613	0	2	0	0
1614	2	0	0	0
1615	0	0	2	0
1616	0	2	0	0
1617	0	2	0	0
1618	0	2	0	0
1619	0	2	0	0
1620	2	0	0	0
1621	0	2	0	0
1622	0	2	0	0
1623	2	0	0	0
1624	0	0	2	0
1625	0	2	0	0
1626	1	0	0	0
1627	0	0	1	0
1628	1	0	0	0
1629	0	0	1	0
1630	1	0	0	0
1631	0	0	1	0
1632	0	1	0	0
1633	0	0	0	1
1634	0	0	0	1
1635	0	1	0	0
1636	1	0	0	0
1637	0	0	1	0
1638	0	0	1	0
1639	0	0	0	1
1640	0	0	0	1
1641	0	1	0	0
1642	0	0	1	0
1643	1	0	0	0
1644	0	0	1	0
1645	0	0	1	0
1646	1	0	0	0
1647	0	0	1	0
1648	1	0	0	0
1649	0	1	0	0
1650	1	0	0	0
1651	1	0	0	0
1652	0	1	0	0
1653	0	1	0	0
1654	0	0	0	1
1655	0	1	0	0
1656	0	1	0	0
1657	0	0	2	0
1658	0	2	0	0
1659	0	0	0	1
1660	0	1	0	0
1661	0	1	0	0
1662	0	0	1	0
1663	1	0	0	0
1664	1	0	0	0
1665	0	0	1	0
1666	0	1	0	0
1667	1	0	0	0
1668	0	0	1	0
1669	0	0	1	0
1670	2	0	0	0
1671	0	0	2	0
1672	0	2	0	0
1673	0	2	0	0
1674	0	0	2	0
1675	2	0	0	0
1676	2	0	0	0
1677	2	0	0	0
1678	0	0	2	0
1679	2	0	0	0
1680	0	2	0	0
1681	2	0	0	0
1682	0	0	2	0
1683	0	0	2	0
1684	0	0	2	0
1685	2	0	0	0
1686	2	0	0	0
1687	0	2	0	0
1688	0	2	0	0
1689	0	2	0	0
1690	0	0	0	2
1691	0	0	0	2
1692	2	0	0	0
1693	2	0	0	0
1694	0	2	0	0
1695	0	0	0	2
1696	0	0	0	2
1697	0	2	0	0
1698	0	2	0	0
1699	0	2	0	0
1700	0	0	0	2
1701	0	2	0	0
1702	2	0	0	0
1703	2	0	0	0
1704	2	0	0	0
1705	0	0	0	2
1706	0	6	0	0
1707	7	0	0	0
1708	0	8	0	0
1709	0	0	0	8
1710	0	8	0	0
1711	0	0	0	8
1712	0	0	0	8
1713	0	0	0	8
1714	0	0	8	0
1715	0	0	8	0
1716	0	8	0	0
1717	8	0	0	0
1718	7	0	1	0
1719	0	8	0	0
1720	0	0	8	0
1721	8	0	0	0
1722	0	8	0	0
1723	0	8	0	0
1724	0	8	0	0
1725	0	1	0	6
1726	0	0	0	7
1727	6	0	0	1
1728	0	0	7	0
1729	0	0	0	7
1730	0	7	0	0
1731	6	0	0	1
1732	0	7	0	0
1733	7	0	0	0
1734	7	0	0	0
1735	0	0	0	7
1736	7	0	0	0
1737	7	0	0	0
1738	7	0	0	0
1739	6	0	1	0
1740	0	0	7	0
1741	0	0	0	7
1742	7	0	0	0
1743	0	0	7	0
1744	0	0	7	0
1745	0	0	7	0
1746	0	0	7	0
1747	0	0	7	0
1748	0	7	0	0
1749	0	7	0	0
1750	7	0	0	0
1751	0	0	7	0
1752	7	0	0	0
1753	0	6	0	1
1754	7	0	0	0
1755	7	0	0	0
1756	7	0	0	0
1757	1	0	6	0
1758	0	0	7	0
1759	7	0	0	0
1760	0	0	7	0
1761	0	0	7	0
1762	0	7	0	0
1763	0	0	0	7
1764	0	7	0	0
1765	0	0	0	7
1766	0	7	0	0
1767	0	0	0	7
1768	0	0	0	7
1769	8	0	0	0
1770	0	0	8	0
1771	8	0	0	0
1772	0	1	0	6
1773	7	0	0	0
1774	0	7	0	0
1775	7	0	0	0
1776	0	0	5	0
1777	0	0	6	0
1778	5	0	0	0
1779	0	0	4	0
1780	0	4	0	0
1781	3	0	0	0
1782	0	0	3	0
1783	2	0	0	0
1784	0	0	0	2
1785	0	0	2	0
1786	2	0	0	0
1787	0	0	0	2
1788	2	0	0	0
1789	0	2	0	0
1790	2	0	0	0
1791	0	0	1	0
1792	0	0	0	1
1793	1	0	0	0
1794	0	0	0	1
1795	0	0	0	1
1796	1	0	0	0
1797	0	0	1	0
1798	1	0	0	0
1799	1	0	0	0
1800	0	0	1	0
1801	1	0	0	0
1802	1	0	0	0
1803	1	0	0	0
1804	0	0	0	1
1805	1	0	0	0
1806	1	0	0	0
1807	1	0	0	0
1808	0	0	0	1
1809	0	0	0	1
1810	0	0	0	1
1811	0	0	1	0
1812	0	1	0	0
1813	0	1	0	0
1814	1	0	0	0
1815	0	0	1	0
1816	0	0	1	0
1817	1	0	0	0
1818	1	0	0	0
1819	1	0	0	0
1820	1	0	0	0
1821	0	0	0	1
1822	0	0	1	0
1823	0	0	1	0
1824	1	0	0	0
1825	1	0	0	0
1826	1	0	0	0
1827	0	0	0	0
1828	0	1	0	0
1829	1	0	0	0
1830	1	0	0	0
1831	1	0	0	0
1832	1	0	0	0
1833	1	0	0	0
1834	0	0	0	1
1835	0	0	1	0
1836	1	0	0	0
1837	0	0	0	1
1838	1	0	0	0
1839	0	0	1	0
1840	0	0	1	0
1841	1	0	0	0
1842	0	0	1	0
1843	0	0	1	0
1986	0	1	0	0
1987	0	0	0	1
1988	1	0	0	0
1989	1	0	0	0
1990	1	0	0	0
1991	0	0	0	1
1992	0	0	0	1
1993	0	0	0	1
1994	0	0	0	1
1995	0	1	0	0
1996	0	1	0	0
1997	1	0	0	0
1998	1	0	0	0
1999	0	0	0	1
2000	0	0	0	1
2001	1	0	0	0
2002	0	0	1	0
2003	0	0	0	1
2004	0	1	0	0
2005	0	1	0	0
2006	0	1	0	0
2007	1	0	0	0
2008	0	0	0	1
2009	0	0	0	1
2010	0	0	1	0
2011	1	0	0	0
2012	0	0	1	0
2013	1	0	0	0
2014	0	1	0	0
2015	0	0	0	1
2016	0	0	1	0
2017	0	0	0	1
2018	1	0	0	0
2019	0	1	0	0
2020	0	1	0	0
2021	1	0	0	0
2022	0	0	1	0
2023	0	0	0	1
2024	1	0	0	0
2025	1	0	0	0
2026	1	0	0	0
2027	1	0	0	0
2028	0	0	0	1
2029	0	0	0	1
2030	1	0	0	0
2031	1	0	0	0
2032	1	0	0	0
2033	0	0	1	0
2034	0	1	0	0
2035	0	1	0	0
2036	1	0	0	0
2037	0	0	1	0
2038	0	0	1	0
2039	1	0	0	0
2040	1	0	0	0
2041	0	0	0	1
2042	0	0	1	0
2043	0	0	1	0
2044	1	0	0	0
2045	0	0	0	1
2046	0	0	1	0
2047	0	0	1	0
2048	0	2	0	0
2049	0	2	0	0
2050	0	2	0	0
2051	2	0	0	0
2052	2	0	0	0
2053	2	0	0	0
2054	0	0	2	0
2055	0	0	2	0
2056	0	0	0	2
2057	0	0	0	2
2058	2	0	0	0
2059	2	0	0	0
2060	2	0	0	0
2061	0	2	0	0
2062	2	0	0	0
2063	2	0	0	0
2064	0	0	0	2
2065	0	0	2	0
2066	0	0	2	0
2067	0	2	0	0
2068	0	2	0	0
2069	2	0	0	0
2070	0	0	0	2
2071	0	0	0	2
2072	0	0	2	0
2073	2	0	0	0
2074	0	2	0	0
2075	2	0	0	0
2076	0	0	2	0
2077	2	0	0	0
2078	2	0	0	0
2079	0	0	2	0
2080	2	0	0	0
2081	2	0	0	0
2082	2	0	0	0
2083	2	0	0	0
2084	2	0	0	0
2085	2	0	0	0
2086	0	0	0	2
2087	2	0	0	0
2088	2	0	0	0
2089	2	0	0	0
2090	2	0	0	0
2091	0	0	2	0
2092	0	2	0	0
2093	2	0	0	0
2094	0	0	0	2
2095	0	0	0	2
2096	2	0	0	0
2097	2	0	0	0
2098	0	2	0	0
2099	2	0	0	0
2100	0	0	2	0
2101	0	1	0	1
2102	2	0	0	0
2103	2	0	0	0
2104	0	0	0	2
2105	0	0	0	2
2106	0	0	0	2
2107	0	0	2	0
2108	0	0	0	2
2109	0	0	2	0
2110	2	0	0	0
2111	2	0	0	0
2112	0	0	2	0
2113	2	0	0	0
2114	1	0	1	0
2115	2	0	0	0
2116	0	0	0	2
2117	0	0	2	0
2118	0	0	2	0
2119	1	0	0	0
2120	1	0	0	0
2121	1	0	0	0
2122	1	0	0	0
2123	0	0	1	0
2124	0	0	1	0
2125	1	0	0	0
2126	1	0	0	0
2127	0	0	0	0
2128	0	0	1	0
2129	1	0	0	0
2130	1	0	0	0
2131	1	0	0	0
2132	0	0	0	0
2133	1	0	0	0
2134	0	0	0	1
2135	0	0	0	1
2136	1	0	0	0
2137	0	1	0	0
2138	1	0	0	0
2139	1	0	0	0
2140	1	0	0	0
2141	1	0	0	0
2142	1	0	0	0
2143	0	0	0	1
2144	0	0	0	1
2145	0	0	1	0
2146	0	0	1	0
2147	0	0	1	0
2148	0	1	0	0
2149	0	1	0	0
2150	0	0	0	1
2151	0	0	1	0
2152	1	0	0	0
2153	1	0	0	0
2154	1	0	0	0
2155	1	0	0	0
2156	0	0	0	1
2157	0	1	0	0
2158	0	1	0	0
2159	1	0	0	0
2160	0	0	0	1
2161	1	0	0	0
2162	0	0	0	1
2163	1	0	0	0
2164	1	0	0	0
2165	0	1	0	0
2166	1	0	0	0
2167	0	1	0	0
2168	0	0	0	2
2169	0	2	0	0
2170	0	2	0	0
2171	2	0	0	0
2172	2	0	0	0
2173	0	0	0	2
2174	2	0	0	0
2175	0	0	0	2
2176	0	0	0	2
2177	0	1	0	0
2178	0	0	1	0
2179	0	1	0	0
2180	0	1	0	0
2181	1	0	0	0
2182	0	0	0	1
2183	1	0	0	0
2184	1	0	0	0
2185	1	0	0	0
2186	0	0	1	0
2187	1	0	0	0
2188	1	0	0	0
2189	1	0	0	0
2190	1	0	0	0
2191	1	0	0	0
2192	0	0	1	0
2193	0	0	1	0
2194	1	0	0	0
2195	0	1	0	0
2196	1	0	0	0
2197	0	0	1	0
2198	0	0	0	1
2199	1	0	0	0
2200	0	1	0	0
2201	0	0	0	1
2202	1	0	0	0
2203	1	0	0	0
2204	0	0	1	0
2205	0	0	0	1
2206	0	0	1	0
2207	0	0	1	0
2208	1	0	0	0
2209	0	0	1	0
2210	1	0	0	0
2211	1	0	0	0
2212	1	0	0	0
2213	1	0	0	0
2214	0	0	0	1
2215	0	0	0	1
2216	1	0	0	0
2217	0	0	1	0
2218	0	0	0	1
2219	0	0	1	0
2220	0	0	1	0
2221	1	0	0	0
2222	0	0	0	1
2223	0	0	0	1
2224	0	0	0	1
2225	0	1	0	0
2226	1	0	0	0
2227	0	0	1	0
2228	0	0	1	0
2229	0	0	1	0
2230	1	0	0	0
2231	0	0	1	0
2232	0	1	0	0
2233	0	0	0	1
2234	0	1	0	0
2235	1	0	0	0
2236	1	0	0	0
2237	0	0	0	1
2238	1	0	0	0
2239	1	0	0	0
2240	1	0	0	0
2265	0	2	0	0
2266	2	0	0	0
2267	2	0	0	0
2268	0	0	0	2
2269	0	0	0	2
2270	2	0	0	0
2271	0	0	2	0
2272	0	0	2	0
2273	2	0	0	0
2274	2	0	0	0
2275	0	0	0	2
2276	2	0	0	0
2277	0	2	0	0
2278	0	2	0	0
2279	2	0	0	0
2280	0	2	0	0
2281	2	0	0	0
2282	0	2	0	0
2283	0	2	0	0
2284	0	2	0	0
2285	2	0	0	0
2286	0	0	2	0
2287	0	2	0	0
2288	2	0	0	0
2289	0	0	3	0
2290	0	0	4	0
2291	0	0	4	0
2292	0	0	0	4
2293	0	0	0	4
2294	2	0	0	0
2295	4	0	0	0
2296	4	0	0	0
2297	4	0	0	0
2298	4	0	0	0
2299	4	0	0	0
2300	0	0	4	0
2301	4	0	0	0
2302	4	0	0	0
2303	4	0	0	0
2304	4	0	0	0
2305	4	0	0	0
2306	4	0	0	0
2307	0	0	0	4
2308	0	4	0	0
2309	4	0	0	0
2310	0	0	4	0
2311	0	0	0	4
2312	0	0	4	0
2313	4	0	0	0
2314	0	4	0	0
2315	3	0	0	0
2316	0	0	4	0
2317	0	0	0	4
2318	4	0	0	0
2319	0	1	0	3
2320	0	0	0	4
2321	0	0	4	0
2322	0	0	4	0
2323	4	0	0	0
2324	0	0	0	4
2325	0	0	4	0
2326	0	0	0	4
2327	0	0	4	0
2328	0	0	4	0
2329	0	0	3	0
2330	0	0	4	0
2331	0	0	4	0
2332	4	0	0	0
2333	0	0	0	4
2334	0	0	4	0
2335	0	4	0	0
2336	4	0	0	0
2337	0	0	0	2
2338	2	0	0	0
2339	0	0	0	2
2340	0	0	0	2
2341	0	0	0	2
2342	0	0	0	4
2343	0	0	0	4
2344	0	4	0	0
2345	4	0	0	0
2346	0	0	4	0
2347	0	0	0	4
2348	0	1	0	3
2349	0	4	0	0
2350	0	4	0	0
2351	0	0	0	4
2352	0	0	0	4
2353	0	0	0	4
2354	3	0	1	0
2355	0	0	4	0
2356	4	0	0	0
2357	0	0	0	4
2358	0	0	4	0
2359	4	0	0	0
2360	4	0	0	0
2361	2	0	2	0
2362	0	0	4	0
2363	0	3	0	0
2364	0	0	0	4
2365	0	0	0	4
2366	0	2	0	2
2367	4	0	0	0
2368	0	0	4	0
2369	0	0	4	0
2370	4	0	0	0
2371	4	0	0	0
2372	4	0	0	0
2373	0	0	0	4
2374	4	0	0	0
2375	0	0	0	4
2376	4	0	0	0
2377	0	4	0	0
2378	0	0	0	4
2379	0	0	4	0
2380	0	4	0	0
2381	4	0	0	0
2382	0	0	0	4
2383	0	0	0	4
2384	0	4	0	0
2385	4	0	0	0
2386	0	4	0	0
2387	0	4	0	0
2388	4	0	0	0
2389	0	0	0	4
2390	4	0	0	0
2391	0	4	0	0
2392	0	4	0	0
2393	0	0	0	4
2394	4	0	0	0
2395	0	0	4	0
2396	0	0	0	4
2397	4	0	0	0
2398	0	0	0	4
2399	4	0	0	0
2400	4	0	0	0
2401	4	0	0	0
2402	0	4	0	0
2403	4	0	0	0
2404	4	0	0	0
2405	0	0	0	4
2406	0	0	4	0
2407	4	0	0	0
2408	6	0	0	0
2409	6	0	0	0
2410	0	6	0	0
2411	6	0	0	0
2412	0	6	0	0
2413	0	4	0	0
2414	4	0	0	0
2415	0	0	4	0
2416	0	0	2	0
2417	2	0	0	0
2418	0	0	2	0
2419	0	0	0	2
2420	0	0	0	2
2421	2	0	0	0
2422	0	0	2	0
2423	2	0	0	0
2424	0	0	0	2
2425	2	0	0	0
2426	0	0	0	2
2427	0	2	0	0
2428	2	0	0	0
2429	2	0	0	0
2430	0	0	0	2
2431	2	0	0	0
2432	0	0	0	2
2433	2	0	0	0
2434	2	0	0	0
2435	0	0	0	2
2436	0	0	2	0
2437	0	0	0	2
2438	0	0	2	0
2439	0	2	0	0
2440	0	0	0	2
2441	0	0	0	2
2442	0	2	0	0
2443	0	2	0	0
2444	2	0	0	0
2445	0	2	0	0
2446	2	0	0	0
2447	0	0	2	0
2448	0	0	2	0
2449	0	0	2	0
2450	2	0	0	0
2451	0	0	0	2
2452	0	0	2	0
2453	0	0	2	0
2454	2	0	0	0
2455	2	0	0	0
2456	2	0	0	0
2457	0	0	2	0
2458	0	0	2	0
2459	2	0	0	0
2460	0	0	0	2
2461	0	2	0	0
2462	2	0	0	0
2463	0	2	0	0
2464	0	2	0	0
2465	2	0	0	0
2466	0	0	2	0
2467	0	2	0	0
2468	2	0	0	0
2469	2	0	0	0
2470	0	0	0	2
2471	2	0	0	0
2472	0	0	0	2
2473	0	0	0	2
2474	0	2	0	0
2475	0	2	0	0
2476	2	0	0	0
2477	0	0	2	0
2478	2	0	0	0
2479	0	0	2	0
2482	0	0	1	0
2483	0	1	0	0
2484	0	0	0	0
2485	0	0	0	1
2486	0	0	1	0
2487	1	0	0	0
2488	0	1	0	0
2489	1	0	0	0
2490	1	0	0	0
2491	1	0	0	0
2492	1	0	0	0
2493	1	0	0	0
2494	0	0	0	1
2495	0	1	0	0
2496	0	0	0	1
2497	0	0	0	1
2498	1	0	0	0
2499	0	0	1	0
2500	1	0	0	0
2501	0	0	1	0
2502	0	1	0	0
2503	0	1	0	0
2504	0	1	0	0
2505	0	0	0	1
2506	0	0	0	1
2507	0	1	0	0
2508	1	0	0	0
2509	0	0	1	0
2510	0	0	1	0
2511	1	0	0	0
2512	0	1	0	0
2513	1	0	0	0
2514	0	1	0	0
2515	1	0	0	0
2516	1	0	0	0
2517	1	0	0	0
2518	1	0	0	0
2519	0	0	0	1
2520	0	1	0	0
2521	0	3	0	0
2522	3	0	0	0
2523	0	0	3	0
2524	3	0	0	0
2525	0	3	0	0
2526	4	0	0	0
2527	0	0	0	4
2528	4	0	0	0
2529	0	0	4	0
2530	0	0	0	4
2531	0	0	0	4
2532	4	0	0	0
2533	0	0	0	4
2534	0	4	0	0
2535	0	0	0	4
2536	4	0	0	0
2537	0	0	0	4
2538	0	4	0	0
2539	4	0	0	0
2540	4	0	0	0
2541	0	0	0	4
2542	4	0	0	0
2543	0	0	0	4
2544	4	0	0	0
2545	0	0	0	4
2546	0	0	4	0
2547	0	0	4	0
2548	4	0	0	0
2549	0	0	0	4
2550	0	0	4	0
2551	4	0	0	0
2552	0	4	0	0
2553	0	0	0	4
2554	0	0	0	4
2555	0	0	4	0
2556	0	0	0	4
2557	4	0	0	0
2558	0	0	0	4
2559	0	0	4	0
2560	0	0	0	4
2561	3	1	0	0
2562	0	0	4	0
2563	0	0	4	0
2564	4	0	0	0
2565	0	0	0	4
2566	0	4	0	0
2567	2	0	0	2
2568	0	0	4	0
2569	4	0	0	0
2570	0	4	0	0
2571	0	0	0	4
2572	0	0	0	4
2573	4	0	0	0
2574	0	0	4	0
2575	4	0	0	0
2576	4	0	0	0
2577	4	0	0	0
2578	0	0	0	4
2579	4	0	0	0
2580	0	0	4	0
2581	0	0	4	0
2582	0	0	4	0
2583	0	4	0	0
2584	4	0	0	0
2585	4	0	0	0
2586	0	4	0	0
2587	4	0	0	0
2588	0	0	0	4
2589	4	0	0	0
2590	0	0	4	0
2591	2	0	0	1
2592	1	0	1	0
2593	0	2	0	0
2594	2	0	0	0
2595	2	0	0	0
2596	1	0	0	0
2845	0	0	1	0
2846	0	0	1	0
2847	0	0	1	0
2848	0	0	1	0
2849	0	0	1	0
2850	0	0	1	0
2851	0	1	0	0
2852	0	1	0	0
2853	1	0	0	0
2854	1	0	0	0
2855	1	0	0	0
2856	0	0	1	0
2857	0	1	0	0
2858	1	0	0	0
2859	0	0	0	1
2860	0	0	0	1
2861	1	0	0	0
2862	2	0	0	0
2863	0	2	0	0
2864	2	0	0	0
2865	0	0	2	0
2866	2	0	0	0
2867	0	2	0	0
2868	2	0	0	0
2869	0	0	0	2
2870	1	1	0	0
2871	0	0	2	0
2872	0	0	0	2
2873	2	0	0	0
2874	0	2	0	0
2875	0	3	0	0
2876	3	0	0	0
2877	0	3	0	0
2878	0	0	0	3
2879	3	0	0	0
2880	3	0	0	0
2881	0	3	0	0
2882	0	0	0	3
2883	0	0	3	0
2884	3	0	0	0
2885	4	0	0	0
2886	0	0	4	0
2887	4	0	0	0
2888	4	0	0	0
2889	0	0	4	0
2890	0	4	0	0
2891	4	0	0	0
2892	0	0	4	0
2893	4	0	0	0
2894	4	0	0	0
2895	0	0	0	4
2896	0	0	0	4
2897	4	0	0	0
2898	0	0	4	0
2899	4	0	0	0
2900	4	0	0	0
2901	0	0	0	4
2902	0	0	0	4
2903	0	0	4	0
2904	0	0	4	0
2905	0	4	0	0
2906	4	0	0	0
2907	0	0	4	0
2908	4	0	0	0
2909	0	0	4	0
2910	4	0	0	0
2911	4	0	0	0
2912	0	4	0	0
2913	4	0	0	0
2914	0	0	4	0
2915	2	0	2	0
2916	0	0	4	0
2917	4	0	0	0
2918	3	0	0	0
2919	3	0	0	0
2920	0	0	0	3
2921	0	0	0	3
2922	0	3	0	0
2923	0	0	0	3
2924	3	0	0	0
2925	3	0	0	0
2926	3	0	0	0
2927	3	0	0	0
2928	0	0	3	0
2929	3	0	0	0
2930	2	0	0	0
2931	0	3	0	0
2932	0	3	0	0
2933	3	0	0	0
2934	0	0	3	0
2935	0	0	0	2
2936	2	0	0	0
2937	0	2	0	0
2938	2	0	0	0
2939	0	0	2	0
2940	0	0	2	0
2941	0	0	2	0
2942	2	0	0	0
2943	0	0	2	0
2944	0	0	0	2
2945	2	0	0	0
2946	0	0	0	2
2947	2	0	0	0
2948	0	0	0	2
2949	0	0	0	2
2950	2	0	0	0
2951	0	0	0	2
2952	0	0	2	0
2953	2	0	0	0
2954	0	2	0	0
2955	0	2	0	0
2956	0	2	0	0
2957	1	0	0	0
2958	0	0	0	1
2959	0	1	0	0
2960	1	0	0	0
2961	1	0	0	0
2962	1	0	0	0
2963	0	0	0	0
2964	0	0	1	0
2965	1	0	0	0
2966	0	1	0	0
2967	0	0	0	1
2968	0	0	0	1
2969	0	0	1	0
2970	1	0	0	0
2971	0	0	0	1
2972	1	0	0	0
2973	0	0	1	0
2974	0	1	0	0
2975	0	0	0	1
2976	0	0	1	0
2977	1	0	0	0
2978	1	0	0	0
2979	1	0	0	0
2980	0	0	0	1
2981	1	0	0	0
2982	0	1	0	0
2983	1	0	0	0
2984	0	0	1	0
2985	1	0	0	0
2986	1	0	0	0
2987	1	0	0	0
2988	0	1	0	0
2989	1	0	0	0
2990	0	0	0	0
3051	1	0	0	0
3052	1	0	0	0
3053	0	0	1	0
3054	0	0	0	1
3055	3	0	0	0
3056	0	0	0	3
3057	0	0	3	0
3058	0	3	0	0
3059	3	0	0	0
3060	3	0	0	0
3061	3	0	0	0
3062	3	0	0	0
3063	3	0	0	0
3064	2	0	1	0
3065	0	0	3	0
3066	3	0	0	0
3067	0	0	3	0
3068	0	0	3	0
3069	3	0	0	0
3070	0	3	0	0
3071	0	0	0	3
3072	0	0	3	0
3073	0	4	0	0
3074	0	4	0	0
3075	0	4	0	0
3076	4	0	0	0
3077	0	4	0	0
3078	4	0	0	0
3079	0	4	0	0
3080	0	0	0	4
3081	3	0	0	0
3082	4	0	0	0
3083	0	0	0	4
3084	0	0	4	0
3085	4	0	0	0
3086	0	0	0	4
3087	0	0	4	0
3088	0	0	0	4
3089	4	0	0	0
3090	4	0	0	0
3091	4	0	0	0
3092	4	0	0	0
3093	0	4	0	0
3094	3	0	0	0
3095	1	0	3	0
3096	0	1	0	3
3097	0	0	0	4
3098	4	0	0	0
3099	3	0	1	0
3100	0	4	0	0
3101	4	0	0	0
3102	0	0	4	0
3103	3	1	0	0
3104	0	0	4	0
3105	0	0	4	0
3106	0	4	0	0
3107	4	0	0	0
3108	0	0	4	0
3109	0	0	0	4
3110	0	0	4	0
3111	0	4	0	0
3112	4	0	0	0
3113	2	1	1	0
3114	3	0	0	0
3115	4	0	0	0
3116	3	0	0	0
3117	4	0	0	0
3118	0	0	0	4
3119	4	0	0	0
3120	0	0	4	0
3121	0	4	0	0
3122	0	4	0	0
3123	2	1	0	0
3124	0	0	0	1
3125	0	0	1	0
3126	0	0	1	0
3127	1	0	0	0
3128	1	0	0	0
3129	1	0	0	0
3130	0	0	1	0
3131	0	0	0	1
3132	1	0	0	0
3133	0	0	0	1
3134	1	0	0	0
3135	0	0	1	0
3136	0	0	0	1
3137	1	0	0	0
3138	1	0	0	0
3139	0	0	0	1
3140	1	0	0	0
3141	0	0	0	1
3142	0	0	1	0
3143	0	0	1	0
3144	0	0	1	0
3171	0	0	0	0
3172	0	0	0	1
3173	0	1	0	0
3174	0	1	0	0
3175	1	0	0	0
3176	1	0	0	0
3177	1	0	0	0
3178	1	0	0	0
3179	0	0	1	0
3180	0	0	1	0
3181	1	0	0	0
3182	0	0	0	0
3183	1	0	0	0
3184	0	1	0	0
3185	1	0	0	0
3186	0	0	0	1
3187	0	0	1	0
3188	0	0	1	0
3189	0	0	1	0
3190	1	0	0	0
3191	0	0	0	0
3192	0	0	1	0
3193	0	0	0	1
3194	1	0	0	0
3195	0	0	0	1
3196	0	0	1	0
3197	0	0	1	0
3198	0	0	0	1
3199	0	0	1	0
3200	0	0	1	0
3201	1	0	0	0
3202	0	1	0	0
3203	1	0	0	0
3204	0	0	1	0
3205	1	0	0	0
3206	0	1	0	0
3207	0	0	0	1
3208	1	0	0	0
3209	0	0	0	1
3210	0	0	0	1
3211	0	0	1	0
3212	0	0	1	0
3213	0	1	0	0
3214	1	0	0	0
3215	1	0	0	0
3216	0	0	1	0
3217	0	1	0	0
3218	0	1	0	0
3219	1	0	0	0
3220	0	1	0	0
3221	0	1	0	0
3222	0	0	0	1
3223	0	0	1	0
3224	0	0	1	0
3225	1	0	0	0
3226	0	0	0	1
3227	0	0	0	1
3228	0	1	0	0
3229	0	1	0	0
3230	0	0	0	1
3231	0	0	1	0
3232	1	0	0	0
3233	0	0	1	0
3234	0	0	0	1
3235	0	0	1	0
3236	0	0	1	0
3237	0	0	1	0
3238	1	0	0	0
3239	0	0	1	0
3240	0	0	0	1
3241	0	0	0	1
3242	0	0	0	1
3243	0	0	1	0
3254	0	0	0	1
3255	0	1	0	0
3256	0	1	0	0
3257	0	1	0	0
3258	0	1	0	0
3259	0	0	0	1
3260	1	0	0	0
3261	0	0	1	0
3262	0	0	0	1
3263	1	0	0	0
3264	1	0	0	0
3265	1	0	0	0
3266	1	0	0	0
3267	0	0	0	1
3268	0	0	0	1
3269	0	0	1	0
3270	0	0	0	1
3271	0	0	1	0
3272	0	0	1	0
3273	0	0	0	1
3274	1	0	0	0
3275	0	1	0	0
3276	0	1	0	0
3277	1	0	0	0
3278	1	0	0	0
3279	0	2	0	0
3280	0	0	0	2
3281	0	0	2	0
3282	0	0	2	0
3283	2	0	0	0
3284	2	0	0	0
3285	2	0	0	0
3286	2	0	0	0
3287	1	0	1	0
3288	0	0	2	0
3289	2	0	0	0
3290	2	0	0	0
3291	0	2	0	0
3292	0	2	0	0
3293	0	2	0	0
3294	2	0	0	0
3295	0	0	0	2
3296	2	0	0	0
3297	0	0	2	0
3298	0	2	0	0
3299	2	0	0	0
3300	0	0	2	0
3301	0	0	2	0
3302	2	0	0	0
3303	0	0	2	0
3304	0	2	0	0
3305	2	0	0	0
3306	0	0	2	0
3307	2	0	0	0
3308	2	0	0	0
3309	4	0	0	0
3310	0	4	0	0
3311	0	1	0	3
3312	0	0	0	5
3313	0	0	0	5
3314	0	5	0	0
3315	0	0	0	5
3316	5	0	0	0
3317	0	0	0	5
3318	0	0	5	0
3319	0	0	0	5
3320	5	0	0	0
3321	0	0	5	0
3322	5	0	0	0
3323	0	0	0	5
3324	0	0	4	0
3325	0	0	4	0
3326	5	0	0	0
3327	0	0	5	0
3328	0	5	0	0
3329	4	0	0	0
3330	0	0	4	0
3331	0	3	0	0
3332	0	0	0	4
3333	4	0	0	0
3334	4	0	0	0
3335	0	0	0	3
3336	4	0	0	0
3337	0	0	4	0
3338	0	0	4	0
3339	0	0	4	0
3340	4	0	0	0
3341	4	0	0	0
3342	4	0	0	0
3343	0	4	0	0
3344	0	0	0	4
3345	4	0	0	0
3346	3	0	0	0
3347	4	0	0	0
3348	4	0	0	0
3349	0	0	0	4
3350	4	0	0	0
3351	0	0	4	0
3352	0	0	4	0
3353	4	0	0	0
3354	4	0	0	0
3355	4	0	0	0
3356	4	0	0	0
3357	0	0	4	0
3358	0	4	0	0
3359	4	0	0	0
3360	0	0	3	0
3361	0	0	4	0
3362	0	0	3	0
3363	0	0	0	3
3364	4	0	0	0
3365	0	0	0	3
3366	0	0	4	0
3367	0	0	0	4
3368	0	0	0	3
3369	4	0	0	0
3370	0	4	0	0
3371	0	0	0	4
3372	0	0	3	0
3373	4	0	0	0
3374	0	4	0	0
3375	4	0	0	0
3384	0	1	0	0
3385	2	0	0	0
3386	0	0	2	0
3387	2	0	0	0
3388	2	0	0	0
3389	2	0	0	0
3390	1	0	1	0
3391	0	0	0	3
3392	0	0	0	3
3393	0	0	3	0
3394	0	0	0	3
3395	0	1	0	2
3396	0	0	0	3
3397	0	3	0	0
3398	0	0	0	3
3399	0	3	0	0
3400	0	0	0	3
3401	3	0	0	0
3402	3	0	0	0
3403	0	3	0	0
3404	0	0	0	3
3405	0	0	3	0
3406	3	0	0	0
3407	3	0	0	0
3408	3	0	0	0
3409	0	3	0	0
3410	3	0	0	0
3411	3	0	0	0
3412	0	3	0	0
3413	3	0	0	0
3414	3	0	0	0
3415	3	0	0	0
3416	0	0	0	3
3417	0	3	0	0
3418	3	0	0	0
3419	0	0	3	0
3420	3	0	0	0
3421	2	0	0	0
3422	0	0	3	0
3423	0	0	3	0
3424	0	3	0	0
3425	0	0	0	3
3426	0	0	3	0
3427	3	0	0	0
3428	0	0	3	0
3429	0	0	0	3
3430	0	0	0	3
3431	3	0	0	0
3432	0	3	0	0
3433	3	0	0	0
3434	3	0	0	0
3435	0	0	3	0
3436	0	3	0	0
3437	3	0	0	0
3438	3	0	0	0
3439	0	0	0	3
3440	0	0	0	3
3441	0	3	0	0
3442	3	0	0	0
3443	0	0	3	0
3444	0	2	0	1
3445	0	0	0	3
3446	3	0	0	0
3447	0	0	3	0
3448	0	3	0	0
3449	0	0	0	2
3450	0	0	0	2
3451	0	0	0	2
3452	0	0	1	0
3453	0	1	0	0
3454	1	0	0	0
3482	1	0	0	0
3483	1	0	0	0
3484	0	1	0	0
3485	1	0	0	0
3486	0	0	1	0
3487	1	0	0	0
3488	0	1	0	0
3489	0	0	0	1
3490	0	1	0	0
3491	1	0	0	0
3492	0	1	0	0
3493	2	0	0	0
3494	0	0	2	0
3495	0	0	0	2
3496	2	0	0	0
3497	0	0	0	2
3498	0	0	2	0
3499	0	2	0	0
3500	2	0	0	0
3501	0	0	0	2
3502	0	0	0	2
3503	0	0	2	0
3504	0	0	3	0
3505	0	0	4	0
3506	4	0	0	0
3507	4	0	0	0
3508	0	0	0	4
3509	0	4	0	0
3510	4	0	0	0
3511	0	0	0	4
3512	0	0	0	4
3513	0	4	0	0
3514	4	0	0	0
3515	4	0	0	0
3516	0	0	4	0
3517	0	4	0	0
3518	4	0	0	0
3519	0	4	0	0
3520	4	0	0	0
3521	4	0	0	0
3522	0	4	0	0
3523	0	4	0	0
3524	4	0	0	0
3525	0	0	4	0
3526	4	0	0	0
3527	0	0	0	4
3528	4	0	0	0
3529	4	0	0	0
3530	0	0	4	0
3531	4	0	0	0
3532	0	0	3	0
3533	0	0	0	4
3534	0	0	4	0
3535	4	0	0	0
3536	4	0	0	0
3537	0	0	0	4
3538	0	4	0	0
3539	4	0	0	0
3540	0	0	4	0
3541	4	0	0	0
3542	4	0	0	0
3543	0	0	0	4
3544	0	0	0	4
3545	4	0	0	0
3546	0	0	4	0
3547	0	0	0	4
3548	0	0	0	4
3549	4	0	0	0
3550	4	0	0	0
3551	0	4	0	0
3552	0	4	0	0
3553	4	0	0	0
3554	4	0	0	0
3555	4	0	0	0
3556	0	0	0	4
3557	2	0	0	0
3558	3	0	0	0
3559	0	0	0	3
3560	3	0	0	0
3561	0	0	3	0
3562	3	0	0	0
3563	3	0	0	0
3564	0	3	0	0
3565	2	0	0	0
3566	2	0	0	0
3567	0	0	0	2
3568	0	0	0	2
3569	2	0	0	0
3570	2	0	0	0
3571	0	0	0	2
3572	2	0	0	0
3573	2	0	0	0
3574	2	0	0	0
3575	0	0	0	0
3576	1	0	0	0
3577	1	0	0	0
3578	0	0	1	0
3579	0	0	0	0
3586	0	0	0	0
3587	0	1	0	0
3588	0	0	0	1
3589	1	0	0	0
3590	0	1	0	0
3591	0	1	0	0
3592	0	0	0	1
3593	0	0	1	0
3594	0	0	0	1
3595	0	1	0	0
3596	1	0	0	0
3597	0	0	0	1
3598	0	0	1	0
3599	0	0	1	0
3600	0	0	1	0
3601	0	0	0	1
3602	1	0	0	0
3603	0	1	0	0
3604	0	1	0	0
3605	0	0	0	1
3606	0	0	1	0
3607	0	1	0	0
3608	1	0	0	0
3609	0	1	0	0
3610	1	0	0	0
3611	0	0	0	1
3612	1	0	0	0
3613	1	0	0	0
3614	1	0	0	0
3615	0	0	1	0
3616	0	0	1	0
3617	1	0	0	0
3618	1	0	0	0
3619	0	0	0	1
3620	0	0	0	1
3621	0	0	1	0
3622	0	0	1	0
3623	1	0	0	0
3624	0	0	1	0
3625	0	0	1	0
3626	1	0	0	0
3627	1	0	0	0
3628	1	0	0	0
3629	0	0	0	1
3630	0	0	1	0
3631	1	0	0	0
3632	1	0	0	0
3633	0	1	0	0
3634	1	0	0	0
3635	0	0	1	0
3636	0	0	1	0
3637	0	0	0	1
3638	1	0	0	0
3639	0	0	1	0
3640	1	0	0	0
3641	0	1	0	0
3642	1	0	0	0
3643	1	0	0	0
3644	1	0	0	0
3645	0	0	0	1
3646	0	0	0	1
3647	1	0	0	0
3648	0	0	1	0
3649	0	0	0	1
3650	1	0	0	0
3651	1	0	0	0
3652	0	0	1	0
3813	0	0	1	0
3814	0	0	1	0
3815	0	0	1	0
3816	0	0	1	0
3817	1	0	0	0
3818	1	0	0	0
3819	0	0	1	0
3820	0	1	0	0
3821	0	1	0	0
3822	1	0	0	0
3823	0	0	0	1
3824	1	0	0	0
3825	0	1	0	0
3826	1	0	0	0
3827	0	0	0	1
3828	0	0	1	0
3829	0	0	1	0
3830	1	0	0	0
3831	0	1	0	0
3832	1	0	0	0
3833	1	0	0	0
3834	0	0	1	0
3835	0	0	0	1
3836	1	0	0	0
3837	0	0	1	0
3838	1	0	0	0
3839	0	1	0	0
3840	0	0	0	1
3841	0	0	1	0
3842	0	0	0	1
3843	1	0	0	0
3844	0	0	1	0
3845	0	0	0	1
3846	0	1	0	0
3847	0	1	0	0
3848	1	0	0	0
3849	0	0	1	0
3850	0	0	1	0
3851	0	0	1	0
3852	1	0	0	0
3853	0	0	0	1
3854	0	0	0	1
3855	0	0	0	1
3856	0	0	1	0
3857	0	0	1	0
3858	0	1	0	0
3859	1	0	0	0
3860	1	0	0	0
3861	0	0	0	1
3862	0	0	0	1
3863	1	0	0	0
3864	0	0	1	0
3865	1	0	0	0
3866	0	0	0	1
3867	0	0	0	1
3868	0	0	1	0
3869	0	0	0	1
3870	1	0	0	0
3871	0	1	0	0
3872	1	0	0	0
3873	0	1	0	0
3874	1	0	0	0
3875	0	0	0	1
3876	0	0	0	1
3877	0	0	0	1
3878	1	0	0	0
3879	0	0	1	0
3880	1	0	0	0
3881	1	0	0	0
3882	0	0	1	0
3883	0	0	1	0
3950	1	0	0	0
3951	1	0	0	0
3952	0	1	0	0
3953	1	0	0	0
3954	0	0	1	0
3955	0	0	1	0
3956	1	0	0	0
3957	0	1	0	0
3958	1	0	0	0
3959	1	0	0	0
3960	0	0	1	0
3961	1	0	0	0
3962	1	0	0	0
3963	1	0	0	0
3964	0	1	0	0
3965	1	0	0	0
3966	0	0	1	0
3967	0	1	0	0
3968	1	0	0	0
3969	0	0	0	1
3970	1	0	0	0
3971	0	1	0	0
3972	0	0	0	1
3973	0	0	0	1
3974	0	0	0	1
3975	1	0	0	0
3976	0	0	0	1
3977	1	0	0	0
3978	0	1	0	0
3979	0	0	0	1
3980	1	0	0	0
3981	1	0	0	0
3982	1	0	0	0
3983	1	0	0	0
3984	0	0	0	1
3985	0	0	0	1
3986	1	0	0	0
3987	0	0	1	0
3988	0	1	0	0
3989	1	0	0	0
3990	0	0	1	0
3991	0	0	1	0
3992	0	0	0	1
3993	1	0	0	0
3994	0	0	1	0
3995	1	0	0	0
3996	0	0	0	1
3997	0	0	0	0
3998	0	0	1	0
3999	0	1	0	0
4000	0	1	0	0
4001	1	0	0	0
4002	0	0	1	0
4003	0	0	0	1
4004	0	2	0	0
4005	2	0	0	0
4006	2	0	0	0
4007	2	0	0	0
4008	0	0	2	0
4009	0	0	0	2
4010	2	0	0	0
4011	2	0	0	0
4012	0	0	0	2
4013	2	0	0	0
4014	0	2	0	0
4015	2	0	0	0
4016	0	0	0	2
4017	2	0	0	0
4018	0	2	0	0
4019	2	0	0	0
4020	0	0	2	0
4021	2	0	0	0
4022	0	2	0	0
4023	1	0	0	0
4024	1	0	0	0
4025	0	0	0	1
4026	0	0	1	0
4027	0	0	1	0
4028	0	1	0	0
4029	1	0	0	0
4030	0	0	1	0
4031	0	0	0	1
4032	1	0	0	0
4033	1	0	0	0
4034	0	0	0	1
4035	0	0	0	1
4036	0	0	0	1
4037	0	1	0	0
4038	1	0	0	0
4039	0	1	0	0
4040	0	1	0	0
4041	1	0	0	0
4042	0	0	1	0
4043	0	0	0	1
4044	0	0	1	0
4045	0	1	0	0
4046	0	0	0	1
4047	0	0	1	0
4048	0	1	0	0
4049	1	0	0	0
4050	0	0	1	0
4051	0	0	0	1
4052	0	0	0	1
4053	1	0	0	0
4054	1	0	0	0
4055	0	0	1	0
4056	0	0	1	0
4057	0	1	0	0
4058	1	0	0	0
4059	0	0	1	0
4060	0	1	0	0
4061	0	1	0	0
4062	0	0	0	1
4063	0	0	1	0
4064	0	0	0	1
4065	0	0	0	1
4066	0	0	1	0
4067	0	0	1	0
4068	0	0	0	2
4069	0	0	2	0
4070	0	0	2	0
4071	0	0	2	0
4072	0	2	0	0
4073	2	0	0	0
4074	0	0	2	0
4075	0	0	2	0
4076	0	0	0	1
4077	1	0	0	0
4078	0	0	0	1
4079	0	1	0	0
4080	0	1	0	0
4081	1	0	0	0
4082	1	0	0	0
4083	0	1	0	0
4084	1	0	0	0
4085	0	0	1	0
4086	0	0	1	0
4087	1	0	0	0
4088	1	0	0	0
4089	0	0	0	1
4090	0	0	0	2
4091	0	0	0	4
4092	0	0	4	0
4093	0	0	4	0
4094	0	0	4	0
4095	4	0	0	0
4096	0	0	0	4
4097	0	0	0	4
4098	0	4	0	0
4099	0	4	0	0
4100	0	4	0	0
4101	0	0	0	4
4102	4	0	0	0
4103	0	4	0	0
4104	4	0	0	0
4105	4	0	0	0
4106	0	0	0	4
4107	0	4	0	0
4108	0	4	0	0
4109	0	4	0	0
4110	0	4	0	0
4111	4	0	0	0
4112	4	0	0	0
4113	4	0	0	0
4114	0	0	4	0
4115	0	0	0	4
4116	0	4	0	0
4117	4	0	0	0
4118	0	0	4	0
4119	0	0	4	0
4120	0	0	4	0
4121	4	0	0	0
4122	0	0	4	0
4123	0	0	0	4
4124	4	0	0	0
4125	0	0	4	0
4126	0	0	0	4
4127	4	0	0	0
4128	0	0	4	0
4129	4	0	0	0
4130	4	0	0	0
4131	0	0	0	4
4132	0	4	0	0
4133	0	4	0	0
4134	4	0	0	0
4135	0	0	0	4
4136	0	0	4	0
4137	4	0	0	0
4138	4	0	0	0
4139	0	0	0	4
4140	4	0	0	0
4141	4	0	0	0
4142	4	0	0	0
4143	0	0	4	0
4144	4	0	0	0
4145	4	0	0	0
4146	0	0	0	4
4147	0	0	0	4
4148	3	0	1	0
4149	4	0	0	0
4150	4	0	0	0
4151	0	0	4	0
4152	4	0	0	0
4153	4	0	0	0
4154	4	0	0	0
4155	4	0	0	0
4156	0	0	0	4
4157	0	4	0	0
4158	4	0	0	0
4159	0	0	0	4
4160	4	0	0	0
4161	0	0	3	1
4162	0	0	3	0
4163	0	0	2	0
4164	0	2	0	0
4165	2	0	0	0
4241	0	0	1	0
4242	0	0	1	0
4243	0	0	1	0
4244	0	0	1	0
4245	1	0	0	0
4246	0	0	0	1
4247	0	0	0	1
4248	0	0	1	0
4249	0	0	1	0
4250	0	0	1	0
4251	0	0	1	0
4252	0	0	1	0
4253	0	0	1	0
4254	0	0	0	1
4255	1	0	0	0
4256	0	1	0	0
4257	1	0	0	0
4258	0	0	1	0
4259	0	0	0	1
4260	0	0	1	0
4261	0	1	0	0
4262	1	0	0	0
4263	0	0	1	0
4264	0	0	1	0
4265	0	0	1	0
4266	0	0	1	0
4267	1	0	0	0
4268	1	0	0	0
4269	1	0	0	0
4270	0	0	1	0
4271	1	0	0	0
4272	0	1	0	0
4273	0	0	0	1
4274	1	0	0	0
4275	1	0	0	0
4276	0	0	0	1
4277	1	0	0	0
4278	0	0	1	0
4279	1	0	0	0
4280	0	1	0	0
4281	1	0	0	0
4282	0	0	0	1
4283	1	0	0	0
4284	1	0	0	0
4285	0	0	0	1
4286	1	0	0	0
4287	0	0	0	1
4288	0	1	0	0
4289	2	0	0	0
4290	2	0	0	0
4291	0	2	0	0
4292	2	0	0	0
4293	0	0	2	0
4294	2	0	0	0
4295	0	1	0	1
4296	2	0	0	0
4297	0	0	0	2
4298	2	0	0	0
4299	0	2	0	0
4300	2	0	0	0
4301	2	0	0	0
4302	2	0	0	0
4303	0	2	0	0
4304	0	0	0	2
4305	2	0	0	0
4306	2	0	0	0
4307	2	0	0	0
4308	0	0	2	0
4309	3	0	0	0
4310	3	0	0	0
4311	0	0	0	2
4312	0	0	0	2
4313	2	0	0	0
4314	0	2	0	0
4315	2	0	0	0
4316	2	0	0	0
4317	2	0	0	0
4318	2	0	0	0
4319	2	0	0	0
4320	0	2	0	0
4321	2	0	0	0
4322	2	0	0	0
4323	2	0	0	0
4324	0	0	0	2
4325	0	0	0	2
4326	2	0	0	0
4327	0	0	0	2
4328	2	0	0	0
4329	2	0	0	0
4330	2	0	0	0
4331	2	0	0	0
4332	2	0	0	0
4333	0	0	0	2
4334	0	0	0	2
4335	0	2	0	0
4336	2	0	0	0
4337	2	0	0	0
4338	2	0	0	0
4339	2	0	0	0
4340	0	0	0	2
4341	0	0	0	2
4342	0	0	0	2
4343	0	0	0	2
4344	0	2	0	0
4345	0	0	2	0
4346	0	0	2	0
4347	0	0	2	0
4348	0	0	0	2
4349	0	0	0	2
4350	0	0	0	2
4351	2	0	0	0
4352	0	0	0	2
4353	0	0	0	2
4354	2	0	0	0
4355	0	2	0	0
4356	2	0	0	0
4357	0	0	2	0
4358	2	0	0	0
4359	0	0	2	0
4360	2	0	0	0
4361	0	2	0	0
4362	2	0	0	0
4363	0	0	2	0
4364	0	2	0	0
4365	2	0	0	0
4366	0	0	2	0
4367	1	0	0	0
4368	0	0	1	0
4369	1	0	0	0
4370	0	1	0	0
4371	0	1	0	0
4372	0	1	0	0
4373	0	0	0	1
4374	1	0	0	0
4375	0	0	0	1
4376	0	0	0	1
4377	0	0	0	1
4378	0	0	1	0
4379	0	0	1	0
4380	1	0	0	0
4381	1	0	0	0
4383	0	0	1	0
4384	0	0	1	0
4385	1	0	0	0
4386	0	1	0	0
4387	0	2	0	0
4388	2	0	0	0
4389	0	0	2	0
4390	0	2	0	0
4391	0	2	0	0
4392	2	0	0	0
4393	2	0	0	0
4394	2	0	0	0
4395	0	2	0	0
4396	0	0	0	2
4397	2	0	0	0
4398	0	2	0	0
4399	0	0	0	2
4400	0	2	0	0
4401	0	0	0	2
4402	0	0	2	0
4403	0	0	2	0
4404	2	0	0	0
4405	2	0	0	0
4406	2	0	0	0
4407	0	0	2	0
4408	0	0	2	0
4409	0	0	0	2
4410	0	0	2	0
4411	2	0	0	0
4412	2	0	0	0
4413	0	0	2	0
4414	0	0	2	0
4415	0	0	2	0
4416	0	0	2	0
4417	0	2	0	0
4418	2	0	0	0
4419	0	0	2	0
4420	0	0	0	2
4421	2	0	0	0
4422	0	0	2	0
4423	0	0	0	2
4424	2	0	0	0
4425	2	0	0	0
4426	0	0	0	2
4427	2	0	0	0
4428	0	2	0	0
4429	2	0	0	0
4430	2	0	0	0
4431	0	0	2	0
4432	2	0	0	0
4433	0	0	0	2
4434	2	0	0	0
4435	2	0	0	0
4436	0	2	0	0
4437	2	0	0	0
4438	0	0	2	0
4439	0	0	0	2
4440	0	0	2	0
4441	2	0	0	0
4442	0	2	0	0
4443	2	0	0	0
4444	0	0	0	2
4445	2	0	0	0
4446	2	0	0	0
4447	2	0	0	0
4448	0	0	2	0
4449	0	0	2	0
4450	0	0	0	2
4451	2	0	0	0
4452	0	0	2	0
4453	0	1	0	1
4454	2	0	0	0
4455	0	2	0	0
4456	0	2	0	0
4457	2	0	0	0
4458	1	0	0	0
4459	0	0	1	0
4460	0	0	1	0
4461	1	0	0	0
4462	0	0	1	0
4463	0	0	1	0
4464	1	0	0	0
4465	1	0	0	0
4466	0	0	1	0
4467	0	0	1	0
4468	0	0	0	1
4469	1	0	0	0
4470	1	0	0	0
4471	1	0	0	0
4472	1	0	0	0
4473	1	0	0	0
4474	0	0	0	1
4475	0	1	0	0
4476	1	0	0	0
4477	0	0	0	1
4478	0	0	0	1
4479	1	0	0	0
4480	1	0	0	0
4481	0	0	1	0
4482	0	0	1	0
4483	1	0	0	0
4484	0	1	0	0
4485	0	0	0	1
4486	2	0	0	0
4487	0	0	0	2
4488	0	0	2	0
4489	0	0	2	0
4490	2	0	0	0
4491	2	0	0	0
4492	2	0	0	0
4493	2	0	0	0
4494	0	2	0	0
4495	2	0	0	0
4496	0	0	2	0
4497	2	0	0	0
4498	0	0	0	2
4499	0	0	2	0
4500	0	0	2	0
4501	0	2	0	0
4502	2	0	0	0
4503	0	0	2	0
4504	0	0	2	0
4505	0	0	1	1
4506	0	0	2	0
4507	0	2	0	0
4508	0	0	0	2
4509	0	0	2	0
4510	2	0	0	0
4511	0	0	0	2
4512	0	0	0	2
4513	0	0	2	0
4514	0	0	0	2
4515	0	0	2	0
4516	0	0	0	2
4517	0	0	2	0
4518	0	0	2	0
4519	0	2	0	0
4520	2	0	0	0
4521	0	0	2	0
4522	0	0	2	0
4523	0	0	0	1
4524	1	0	0	0
4525	0	0	1	0
4526	1	0	0	0
4527	0	1	0	0
4528	1	0	0	0
4529	0	0	1	0
4530	0	0	1	0
4531	1	0	0	0
4532	0	0	0	1
4533	0	0	1	0
4534	1	0	0	0
4535	1	0	0	0
4536	0	0	1	0
4537	1	0	0	0
4538	0	0	0	1
4539	0	1	0	0
4540	1	0	0	0
4541	0	0	1	0
4542	1	0	0	0
4543	1	0	0	0
4544	0	1	0	0
4545	1	0	0	0
4546	0	0	0	1
4547	0	0	1	0
4548	0	0	1	0
4549	1	0	0	0
4550	1	0	0	0
4551	0	0	0	1
4552	1	0	0	0
4553	0	0	1	0
4554	0	0	0	1
4555	0	0	0	1
4556	0	0	0	1
4557	1	0	0	0
4565	1	0	0	0
4566	0	1	0	0
4567	0	1	0	0
4568	1	0	0	0
4569	0	0	0	1
4570	1	0	0	0
4571	0	0	0	1
4572	0	0	1	0
4573	0	0	0	1
4574	1	0	0	0
4575	0	1	0	0
4576	1	0	0	0
4577	0	0	0	1
4578	0	0	0	1
4579	0	0	0	1
4580	0	1	0	0
4581	1	0	0	0
4582	1	0	0	0
4583	0	0	1	0
4584	0	0	1	0
4585	1	0	0	0
4586	1	0	0	0
4587	1	0	0	0
4588	0	0	1	0
4589	0	1	0	0
4590	0	0	0	1
4591	1	0	0	0
4592	0	0	1	0
4593	0	0	1	1
4594	1	0	1	0
4595	0	0	2	0
4596	2	0	0	0
4597	0	0	0	2
4598	0	0	2	0
4599	0	0	2	0
4600	0	0	0	2
4601	0	0	1	1
4602	0	0	0	2
4603	0	0	0	2
4604	2	0	0	0
4605	0	2	0	0
4606	2	0	0	0
4607	0	0	2	0
4608	2	0	0	0
4609	0	2	0	0
4610	2	0	0	0
4611	0	0	0	2
4612	0	2	0	0
4613	2	0	0	0
4614	0	1	0	1
4615	0	0	0	2
4616	2	0	0	0
4617	0	0	0	2
4618	0	0	2	0
4619	2	0	0	0
4620	2	0	0	0
4621	2	0	0	0
4622	1	0	1	0
4623	0	2	0	0
4624	2	0	0	0
4625	0	0	2	0
4626	2	0	0	0
4627	0	2	0	0
4628	3	0	0	0
4629	0	0	0	3
4630	0	3	0	0
4631	0	3	0	0
4632	3	0	0	0
4633	3	0	0	0
4634	3	0	0	0
4635	3	0	0	0
4636	0	0	3	0
4637	0	0	0	3
4638	3	0	0	0
4639	3	0	0	0
4640	0	0	2	0
4641	0	0	0	2
4642	0	0	0	2
4643	0	2	0	0
4644	2	0	0	0
4645	0	0	2	0
4646	2	0	0	0
4647	2	0	0	0
4648	0	0	2	0
4649	0	0	0	2
4650	1	0	1	0
4651	0	2	0	0
4652	2	0	0	0
4653	0	1	0	1
4654	2	0	0	0
4655	0	0	0	2
4656	1	1	0	0
4657	0	2	0	0
4658	0	2	0	0
4659	2	0	0	0
4660	0	0	0	2
4661	0	0	0	2
4662	2	0	0	0
4663	0	0	2	0
4664	0	0	2	0
4665	0	0	2	0
4666	0	0	2	0
4667	1	0	0	0
4668	0	0	0	1
4669	0	0	1	0
4670	0	1	0	0
4671	0	0	0	1
4672	1	0	0	0
4673	1	0	0	0
4674	1	0	0	0
4675	0	0	0	1
4676	0	0	0	1
4677	1	0	0	0
4678	0	0	1	0
4679	0	0	0	0
4680	1	0	0	0
4681	1	0	0	0
4682	0	0	0	1
4683	1	0	0	0
4684	1	0	0	0
4685	1	0	0	0
4686	1	0	0	0
4687	1	0	0	0
4688	0	1	0	0
4689	1	0	0	0
4690	0	0	0	1
4691	1	0	0	0
4692	0	0	0	1
4693	0	0	0	1
4694	0	0	1	0
4695	0	0	0	0
4696	0	0	1	0
4697	0	0	0	0
4780	0	0	1	0
4781	1	0	0	0
4782	0	1	0	0
4783	0	1	0	0
4784	0	1	0	0
4785	0	0	0	1
4786	0	0	1	0
4787	0	0	1	0
4788	0	1	0	0
4789	0	1	0	0
4790	0	0	0	1
4791	0	0	1	0
4792	0	0	1	0
4793	0	1	0	0
4794	1	0	0	0
4795	0	0	1	0
4796	1	0	0	0
4797	0	1	0	0
4798	0	1	0	0
4799	1	0	0	0
4800	1	0	0	0
4801	0	1	0	0
4802	0	0	0	1
4803	1	0	0	0
4804	1	0	0	0
4805	0	0	0	1
4806	0	0	0	1
4807	0	1	0	0
4808	1	0	0	0
4809	0	0	0	1
4810	1	0	0	0
4811	0	0	0	1
4812	0	0	1	0
4813	0	1	0	0
4814	1	0	0	0
4815	0	0	0	1
4816	0	0	0	1
4817	1	0	0	0
4818	0	0	0	1
4819	0	0	0	1
4820	0	0	0	1
4821	0	0	0	1
4822	0	0	1	0
4823	1	0	0	0
4824	0	0	0	1
4825	0	0	0	1
4826	0	0	1	0
4827	0	0	0	1
4828	0	0	0	1
4829	0	0	0	1
4830	0	0	0	1
4831	0	0	1	0
4832	0	1	0	0
4833	1	0	0	0
4834	0	0	1	0
4835	1	0	0	0
4836	0	1	0	0
4837	0	0	0	1
4838	0	1	0	0
4839	0	0	0	1
4840	0	0	1	0
4841	0	1	0	0
4842	0	1	0	0
4843	1	0	0	0
4844	0	0	0	1
4845	1	0	0	0
4846	1	0	0	0
4847	0	0	1	0
4848	1	0	0	0
4849	1	0	0	0
4850	1	0	0	0
4851	1	0	0	0
4906	1	0	0	0
4907	1	0	0	0
4908	0	0	1	0
4909	0	0	1	0
4910	0	0	0	1
4911	1	0	0	0
4912	0	0	1	0
4913	0	0	1	0
4914	0	0	0	0
4915	0	0	0	1
4916	0	1	0	0
4917	0	0	0	1
4918	0	1	0	0
4919	0	0	0	1
4920	1	0	0	0
4921	0	1	0	0
4922	1	0	0	0
4923	1	0	0	0
4924	0	0	0	1
4925	1	0	0	0
4926	0	1	0	0
4927	0	0	0	1
4928	0	0	0	1
4929	1	0	0	0
4930	0	0	1	0
4931	0	1	0	0
4932	1	0	0	0
4933	0	0	0	1
4934	0	0	0	1
4935	0	0	1	0
4936	1	0	0	0
4937	0	1	0	0
4938	1	0	0	0
4939	0	0	1	0
4940	0	1	0	0
4941	1	0	0	0
4942	0	0	0	1
4943	0	0	0	1
4944	0	0	1	0
4945	1	0	0	0
4946	0	0	0	1
4947	1	0	0	0
4948	1	0	0	0
4949	0	1	0	0
4950	1	0	0	0
4951	0	1	0	0
4952	0	1	0	0
4953	1	0	0	0
4954	1	0	0	0
4955	1	0	0	0
4956	1	0	0	0
4957	1	0	0	0
4958	1	0	0	0
4959	0	0	1	0
4960	1	0	0	0
4961	0	0	1	0
4962	2	0	0	0
4963	1	0	0	0
4964	2	0	0	0
4965	0	0	2	0
4966	0	2	0	0
4967	0	2	0	0
4968	2	0	0	0
4969	0	2	0	0
4970	0	2	0	0
4971	0	2	0	0
4972	0	2	0	0
4973	0	0	0	2
4974	0	0	2	0
4975	0	2	0	0
4976	0	2	0	0
4977	0	0	0	1
4978	1	0	0	0
4979	0	0	1	0
4980	0	0	0	1
4981	0	0	1	0
4982	0	0	0	1
4983	0	0	0	1
4984	1	0	0	0
4985	0	0	1	0
4986	0	0	1	0
4987	1	0	0	0
4988	1	0	0	0
4989	1	0	0	0
4990	0	0	0	1
4991	0	0	0	1
4992	1	0	0	0
4993	0	0	1	0
4994	0	0	0	1
4995	1	0	0	0
4996	0	0	1	0
4997	1	0	0	0
4998	0	0	2	0
4999	0	0	2	0
5000	2	0	0	0
5001	0	0	0	1
5002	2	0	0	0
5003	0	0	2	0
5004	2	0	0	0
5005	0	0	0	2
5006	0	0	2	0
5007	0	0	2	0
5008	2	0	0	0
5009	2	0	0	0
5010	0	2	0	0
5011	1	0	0	0
5012	2	0	0	0
5013	0	2	0	0
5014	0	2	0	0
5015	0	1	0	0
5016	0	2	0	0
5017	0	2	0	0
5018	2	0	0	0
5019	0	0	1	0
5020	2	0	0	0
5021	2	0	0	0
5022	0	0	2	0
5023	2	0	0	0
5024	0	2	0	0
5025	0	2	0	0
5026	2	0	0	0
5027	0	0	2	0
5028	0	0	2	0
5029	0	0	1	0
5030	2	0	0	0
5031	0	2	0	0
5032	0	2	0	0
5033	0	0	1	0
5034	0	2	0	0
5035	1	0	0	0
5036	0	0	1	0
5037	1	0	0	0
5038	0	0	1	0
5039	0	0	1	0
5040	0	0	0	0
5041	1	0	0	0
5042	0	0	0	0
5043	0	1	0	0
5044	0	0	0	0
5045	1	0	0	0
5046	0	0	0	1
5047	1	0	0	0
5048	0	1	0	0
5049	1	0	0	0
5050	1	0	0	0
5051	0	0	0	1
5052	0	0	1	0
5053	1	0	0	0
5054	0	0	1	0
5055	0	0	0	1
5056	0	0	1	0
5057	0	0	1	0
5058	1	0	0	0
5059	0	1	0	0
5060	1	0	0	0
5061	0	1	0	0
5062	0	0	0	1
5063	1	0	0	0
5064	0	0	1	0
5065	0	0	0	0
5066	0	0	1	0
5067	0	1	0	0
5068	0	0	0	0
5069	0	0	0	1
5213	0	0	0	1
5214	0	1	0	0
5215	1	0	0	0
5216	0	0	0	1
5217	0	0	0	1
5218	0	0	0	1
5219	0	1	0	0
5220	1	0	0	0
5221	0	0	1	0
5222	1	0	0	0
5223	1	0	0	0
5224	0	0	0	1
5225	0	1	0	0
5226	0	0	1	0
5227	0	0	1	0
5228	0	0	1	0
5229	0	0	0	1
5230	0	0	1	0
5231	0	1	0	0
5232	0	1	0	0
5233	1	0	0	0
5234	0	0	1	0
5235	0	1	0	0
5236	1	0	0	0
5237	0	0	0	1
5238	1	0	0	0
5239	0	0	1	0
5240	0	1	0	0
5241	1	0	0	0
5242	0	0	1	0
5243	0	0	1	0
5244	1	0	0	0
5245	0	0	0	1
5246	1	0	0	0
5247	0	0	1	0
5248	0	0	1	0
5249	0	1	0	0
5250	1	0	0	0
5251	0	0	0	1
5252	0	1	0	0
5253	0	0	0	1
5254	0	0	1	0
5255	0	0	1	0
5256	1	0	0	0
5257	0	0	1	0
5258	1	0	0	0
5259	0	1	0	0
5260	1	0	0	0
5261	0	0	1	0
5262	1	0	0	0
5263	0	0	1	0
5264	0	0	1	0
5265	1	0	0	0
5266	0	0	1	0
5267	1	0	0	0
5268	0	0	1	0
5269	0	1	0	0
5270	1	0	0	0
5271	1	0	0	0
5272	0	0	1	0
5273	1	0	0	0
5274	1	0	0	0
5275	1	0	0	0
5276	0	0	0	1
5277	0	0	1	0
5278	0	0	1	0
5279	1	0	0	0
5280	0	0	1	0
5281	0	1	0	0
5282	0	1	0	0
5283	1	0	0	0
5284	0	0	1	0
5285	0	0	0	0
5286	0	0	0	0
5287	0	0	1	0
5288	1	0	0	0
5289	0	0	0	0
5290	0	0	0	0
5291	0	0	0	0
5292	0	0	0	1
5293	1	0	0	0
5294	1	0	0	0
5295	0	0	0	0
5296	0	1	0	0
5297	0	0	0	0
5298	1	0	0	0
5299	0	0	0	0
5300	1	0	0	0
5301	0	0	0	0
5302	0	0	0	0
5303	0	0	0	0
5304	0	1	0	0
5305	0	0	0	1
5306	0	0	0	0
5307	0	0	1	0
5308	1	0	0	0
5309	1	0	0	0
5310	0	1	0	0
5311	0	1	0	0
5312	1	0	0	0
5313	0	0	0	1
5314	0	1	0	0
5315	0	1	0	0
5316	1	0	0	0
5317	0	0	0	0
5318	0	0	0	0
5319	1	0	0	0
5320	1	0	0	0
5321	0	0	1	0
5322	1	0	0	0
5323	0	1	0	0
5324	0	0	0	0
5325	0	0	1	0
5326	0	0	0	0
5327	0	1	0	0
5328	0	0	0	0
5329	1	0	0	0
5330	1	0	0	0
5331	1	0	0	0
5332	1	0	0	0
5333	0	0	0	0
5334	0	0	0	0
5335	0	0	1	0
5336	0	0	0	0
5337	0	0	0	1
5338	0	0	0	0
5339	0	0	1	0
5340	0	0	0	1
5341	1	0	0	0
5342	1	0	0	0
5343	0	0	0	1
5344	1	0	0	0
5345	0	0	0	0
5346	0	1	0	0
5347	0	0	0	1
5348	0	0	2	0
5349	0	0	0	2
5350	0	0	0	1
5351	1	0	0	1
5352	0	0	0	1
5353	0	0	0	2
5354	0	0	1	0
5355	0	0	0	2
5356	2	0	0	0
5357	2	0	0	0
5358	2	0	0	0
5359	1	0	0	0
5360	1	0	0	0
5361	1	0	0	0
5362	0	0	0	2
5363	0	0	2	0
5364	0	0	0	2
5365	2	0	0	0
5366	0	0	2	0
5367	0	2	0	0
5368	0	0	0	2
5369	2	0	0	0
5370	0	2	0	0
5371	0	2	0	0
5372	2	0	0	0
5373	0	0	0	1
5374	0	0	0	2
5375	0	0	2	0
5376	0	0	0	2
5377	0	2	0	0
5378	0	0	0	2
5379	2	0	0	0
5380	0	0	2	0
5381	0	0	0	2
5382	0	0	0	1
5383	0	0	0	2
5384	0	0	2	0
5385	0	2	0	0
5386	0	0	0	2
5387	0	0	0	2
5388	0	0	0	2
5389	0	2	0	0
5390	2	0	0	0
5391	0	0	2	0
5392	2	0	0	0
5393	0	1	1	0
5394	2	0	0	0
5395	2	0	0	0
5396	2	0	0	0
5397	2	0	0	0
5398	0	0	2	0
5399	0	0	2	0
5400	0	2	0	0
5401	0	0	0	2
5402	0	0	0	2
5403	2	0	0	0
5404	0	0	2	0
5405	0	0	2	0
5406	0	2	0	0
5407	2	0	0	0
5408	0	0	0	2
5409	0	0	0	2
5410	0	0	0	2
5411	0	2	0	0
5412	0	2	0	0
5413	0	0	0	2
5414	2	0	0	0
5415	0	0	0	2
5416	0	0	2	0
5417	0	0	2	0
5418	0	2	0	0
5419	2	0	0	0
5420	0	0	2	0
5421	0	0	2	0
5422	1	0	0	0
5423	1	0	0	0
5424	0	0	1	0
5425	0	0	1	0
5426	1	0	0	0
5427	0	0	1	0
5428	0	1	0	0
5429	0	0	1	0
5526	1	0	0	0
5527	0	0	1	0
5528	1	0	0	0
5529	0	0	0	1
5530	0	0	0	1
5531	1	0	0	0
5532	0	0	0	1
5533	1	0	0	0
5534	0	0	1	0
5535	1	0	0	0
5536	0	1	0	0
5537	0	0	0	0
5538	1	0	0	0
5539	0	0	1	0
5540	0	0	1	0
5541	1	0	0	0
5542	0	0	1	0
5543	0	0	0	1
5544	1	0	0	0
5545	0	0	1	0
5546	0	0	1	0
5547	1	0	0	0
5548	0	0	1	0
5549	0	1	0	0
5550	1	0	0	0
5551	0	0	0	1
5552	0	0	0	1
5553	0	0	1	0
5554	1	0	0	0
5555	0	0	0	1
5556	1	0	0	0
5557	0	0	1	0
5558	0	0	0	1
5559	1	0	0	0
5560	0	0	0	0
5561	0	1	0	0
5562	1	0	0	0
5563	0	1	0	0
5564	0	0	0	1
5565	1	0	0	0
5566	1	0	0	0
5567	0	0	0	1
5568	0	1	0	0
5569	0	0	0	1
5570	0	0	0	1
5571	1	0	0	0
5572	1	0	0	0
5573	0	1	0	0
5574	1	0	0	0
5575	1	0	0	0
5576	0	0	0	1
5577	1	0	0	0
5578	0	0	1	0
5579	0	0	0	1
5580	0	0	0	1
5581	0	0	1	0
5582	0	0	0	1
5583	0	0	1	0
5584	0	0	0	2
5585	0	0	2	0
5586	0	0	2	0
5587	2	0	0	0
5588	0	0	0	2
5589	0	2	0	0
5590	3	0	0	0
5591	0	0	0	3
5592	2	0	0	0
5593	0	0	3	0
5594	0	2	0	0
5595	2	0	0	0
5596	0	0	0	3
5597	2	0	0	0
5598	0	0	0	2
5599	0	1	0	0
5600	0	0	0	2
5601	2	0	0	0
5602	0	0	2	0
5603	1	0	0	0
5604	1	0	0	0
5605	0	0	0	2
5606	1	0	0	0
5607	0	0	0	1
5608	2	0	0	0
5609	0	0	1	0
5610	0	0	2	0
5611	1	0	0	0
5612	1	0	0	0
5613	2	0	0	0
5614	0	2	0	0
5615	0	0	0	1
5616	0	0	1	0
5617	0	0	0	2
5618	0	0	0	2
5619	1	0	0	0
5620	1	0	0	0
5621	0	0	2	0
5622	2	0	0	0
5623	0	1	0	0
5624	1	0	0	0
5625	2	0	0	0
5626	2	0	0	0
5627	0	0	1	0
5628	0	0	2	0
5629	1	0	0	0
5630	0	0	2	0
5631	2	0	0	0
5632	1	0	0	1
5633	0	0	0	2
5634	1	0	0	0
5635	0	0	2	0
5636	2	0	0	0
5637	0	0	0	2
5638	0	0	0	2
5639	0	0	0	2
5640	0	0	0	2
5641	0	0	0	2
5642	0	0	0	2
5643	2	0	0	0
5644	1	0	0	0
5645	0	0	0	2
5646	0	0	0	2
5647	0	2	0	0
5648	2	0	0	0
5649	1	0	0	0
5650	2	0	0	0
5651	0	0	2	0
5652	2	0	0	0
5653	2	0	0	0
5654	0	0	0	1
5655	0	0	0	2
5656	2	0	0	0
5657	0	0	2	0
5658	0	0	2	0
5659	0	0	1	0
5660	1	0	0	0
5661	2	0	0	0
5662	2	0	0	0
5663	0	0	2	0
5664	2	0	0	0
5665	0	0	2	0
5666	0	2	0	0
5667	2	0	0	0
5668	0	0	2	0
5669	2	0	0	0
5670	2	0	0	0
5671	0	0	2	0
5672	2	0	0	0
5673	0	2	0	0
5674	2	0	0	0
5675	0	0	2	0
5676	0	0	0	2
5677	0	0	2	0
5678	0	0	2	0
5679	0	2	0	0
5680	2	0	0	0
5681	2	0	0	0
5682	0	0	0	2
5683	0	0	1	0
5684	1	0	0	0
5685	0	0	1	0
5686	1	0	0	0
5687	0	0	1	0
5688	0	0	0	1
5689	0	0	1	0
5690	1	0	0	0
5691	0	0	1	0
5692	0	0	1	0
5693	0	0	1	0
5694	0	0	1	0
5695	0	0	1	0
5696	1	0	0	0
5697	0	0	0	1
5698	1	0	0	0
5699	0	1	0	0
5700	0	0	0	1
5701	0	0	1	0
5702	1	0	0	0
5703	0	0	1	0
5704	0	0	1	0
5705	1	0	0	0
5706	1	0	0	0
5707	0	0	0	1
5708	0	0	0	1
5709	0	0	1	0
5710	0	0	0	1
5711	0	1	0	0
5712	1	0	0	0
5713	1	0	0	0
5714	0	1	0	0
5715	1	0	0	0
5716	1	0	0	0
5717	0	0	0	1
5718	0	0	1	0
5719	0	0	1	0
5720	0	0	0	1
5721	0	0	1	0
5722	0	0	1	0
5723	1	0	0	0
5724	0	0	0	1
5725	1	0	0	0
5726	0	0	0	1
5727	0	0	1	0
5728	0	0	1	0
5729	0	0	1	0
5730	0	0	1	0
5789	0	0	1	0
5790	0	0	0	1
5791	0	0	0	0
5792	0	0	0	1
5793	1	0	0	0
5794	0	0	0	1
5795	0	0	0	1
5796	1	0	0	0
5797	0	0	0	1
5798	0	0	1	0
5799	0	0	1	0
5800	0	0	1	0
5801	0	0	1	0
5802	0	0	0	1
5803	1	0	0	0
5804	0	1	0	0
5805	0	1	0	0
5806	0	0	0	1
5807	0	0	1	0
5808	0	0	0	1
5809	0	0	1	0
5810	0	0	0	1
5811	0	0	1	0
5812	0	0	1	0
5813	1	0	0	0
5814	1	0	0	0
5815	1	0	0	0
5816	0	0	0	0
5817	1	0	0	0
5818	1	0	0	0
5819	0	0	1	0
5820	0	1	0	0
5821	0	0	0	1
5822	1	0	0	0
5823	1	0	0	0
5824	1	0	0	0
5825	1	0	0	0
5826	0	1	0	0
5827	0	1	0	0
5828	1	0	0	0
5829	0	1	0	0
5830	0	0	0	1
5831	0	1	0	0
5832	0	0	0	1
5833	1	0	0	0
5834	0	0	0	1
5835	0	0	0	1
5836	0	1	0	0
5837	0	0	0	1
5838	0	0	1	0
5839	0	0	0	1
5840	0	0	1	0
5841	0	1	0	0
5842	1	0	0	0
5843	0	0	0	1
5844	0	1	0	0
5845	1	0	0	0
5846	0	0	1	0
5847	1	0	0	0
5848	0	0	0	1
5849	0	0	1	0
5850	0	1	0	0
5851	0	0	0	1
5852	1	0	0	0
5853	1	0	0	0
5854	1	0	0	0
5855	0	0	1	0
5856	0	1	0	0
5857	1	0	0	0
5906	1	0	0	0
5907	0	1	0	0
5908	1	0	0	0
5909	0	0	1	0
5910	1	0	0	0
5911	0	1	0	0
5912	0	1	0	0
5913	0	1	0	0
5914	0	1	0	0
5915	1	0	0	0
5916	1	0	0	0
5917	0	0	0	0
5918	0	1	0	0
5919	0	1	0	0
5920	1	0	0	0
5921	0	1	0	0
5922	1	0	0	0
5923	1	0	0	0
5924	0	0	1	0
5925	1	0	0	0
5926	1	0	0	0
5927	1	0	0	0
5928	0	0	0	1
5929	0	0	1	0
5930	0	0	1	0
5931	0	0	0	1
5932	0	0	0	1
5933	0	0	0	1
5934	0	0	0	1
5935	0	0	1	0
5936	0	0	1	0
5937	0	0	1	0
5938	1	0	0	0
5939	1	0	0	0
5940	1	0	0	0
5941	0	0	0	1
5942	0	0	1	0
5943	0	0	0	1
5944	1	0	0	0
5945	1	0	0	0
5946	0	1	0	0
5947	1	0	0	0
5948	0	0	1	0
5949	1	0	0	0
5950	1	0	0	0
5951	1	0	0	0
5952	1	0	0	0
5953	0	0	0	1
5954	0	0	0	1
5955	0	0	0	1
5956	0	0	0	1
5957	1	0	0	0
5958	1	0	0	0
5959	0	0	0	1
5960	1	0	0	0
5961	0	0	0	1
5962	0	0	1	0
5963	0	0	0	1
5964	0	0	1	0
5965	0	0	1	0
5966	1	0	0	0
5967	1	0	0	0
5968	1	0	0	0
5969	1	0	0	0
5970	1	0	0	0
5971	0	0	0	1
5972	0	0	1	0
5973	1	0	0	0
5974	0	1	0	0
5975	1	0	0	0
5976	0	0	0	1
5977	0	0	1	0
5978	0	0	1	0
6029	0	1	0	0
6030	0	1	0	0
6031	1	0	0	0
6032	0	0	0	1
6033	0	0	1	0
6034	0	0	0	1
6035	0	0	1	0
6036	0	0	0	1
6037	1	0	0	0
6038	1	0	0	0
6039	1	0	0	0
6040	0	0	1	0
6041	0	1	0	0
6042	0	0	0	1
6043	0	0	1	0
6044	1	0	0	0
6045	0	1	0	0
6046	0	1	0	0
6047	0	1	0	0
6048	0	1	0	0
6049	1	0	0	0
6050	0	1	0	0
6051	0	0	0	1
6052	0	1	0	0
6053	0	0	0	1
6054	0	0	1	0
6055	0	0	0	1
6056	0	0	1	0
6057	0	0	0	1
6058	0	1	0	0
6059	1	0	0	0
6060	0	1	0	0
6061	0	0	0	1
6062	0	0	0	1
6063	0	0	0	1
6064	1	0	0	0
6065	1	0	0	0
6066	1	0	0	0
6067	0	0	1	0
6068	0	0	0	1
6069	0	0	1	0
6070	0	0	0	1
6071	1	0	0	0
6072	0	1	0	0
6073	1	0	0	0
6074	1	0	0	0
6075	1	0	0	0
6076	0	0	0	1
6117	0	0	0	1
6118	0	0	1	0
6119	1	0	0	0
6120	1	0	0	0
6121	0	0	1	0
6122	1	0	0	0
6123	1	0	0	0
6124	1	0	0	0
6125	0	0	0	1
6126	1	0	0	0
6127	1	0	0	0
6128	1	0	0	0
6129	1	0	0	0
6130	1	0	0	0
6131	1	0	0	0
6132	0	0	0	1
6133	0	0	0	1
6134	0	0	1	0
6135	0	1	0	0
6136	0	0	0	1
6137	0	1	0	0
6138	0	0	0	1
6139	0	0	0	1
6140	0	0	0	1
6141	0	1	0	0
6142	1	0	0	0
6143	1	0	0	0
6144	0	0	0	1
6145	1	0	0	0
6146	0	1	0	0
6147	1	0	0	0
6148	1	0	0	0
6149	0	1	0	0
6150	0	1	0	0
6151	1	0	0	0
6152	0	1	0	0
6153	1	0	0	0
6154	0	0	1	0
6155	1	0	0	0
6156	1	0	0	0
6157	0	0	0	1
6158	0	0	0	1
6159	1	0	0	0
6160	1	0	0	0
6161	0	0	1	0
6162	1	0	0	0
6163	0	0	1	0
6164	1	0	0	0
6165	0	0	0	1
6166	1	0	0	0
6167	1	0	0	0
6168	0	0	1	0
6169	1	0	0	0
6170	1	0	0	0
6171	1	0	0	0
6172	0	1	0	0
6173	1	0	0	0
6174	0	0	1	0
6175	0	1	0	0
6176	1	0	0	0
6177	1	0	0	0
6178	0	0	1	0
6179	0	0	0	1
6180	0	0	1	0
6181	0	0	0	1
6182	1	0	0	0
6183	0	0	0	1
6184	0	0	1	0
6185	0	2	0	0
6186	2	0	0	0
6187	0	2	0	0
6188	0	0	0	1
6189	0	0	0	1
6190	0	0	0	1
6191	0	0	0	1
6192	0	0	0	1
6193	0	0	0	1
6194	1	0	0	0
6195	0	0	0	1
6196	1	0	0	0
6197	1	0	0	0
6198	1	0	0	0
6199	0	0	0	1
6200	0	1	0	0
6201	0	0	0	1
6202	0	0	1	0
6203	1	0	0	0
6204	0	0	0	1
6205	0	0	1	0
6206	0	0	0	0
6207	1	0	0	0
6208	1	0	0	0
6209	0	0	0	1
6210	1	0	0	0
6211	0	0	0	0
6212	0	1	0	0
6213	1	0	0	0
6214	0	1	0	0
6215	0	0	0	1
6216	0	0	0	1
6217	1	0	0	0
6218	1	0	0	0
6219	0	0	0	1
6220	0	0	0	0
6221	1	0	0	0
6222	0	0	1	0
6223	1	0	0	0
6224	1	0	0	0
6225	0	0	0	1
6226	1	0	0	0
6227	1	0	0	0
6228	1	0	0	0
6229	1	0	0	0
6230	0	1	0	0
6231	0	0	0	0
6232	0	0	0	1
6233	0	1	0	0
6234	0	0	0	1
6235	1	0	0	0
6236	0	0	1	0
6237	0	0	0	1
6238	0	0	1	0
6239	1	0	0	0
6240	0	1	0	0
6241	0	0	0	1
6242	1	0	0	0
6243	0	0	0	1
6244	1	0	0	0
6245	0	0	0	1
6246	1	0	0	0
6247	0	1	0	0
6248	0	0	0	1
6249	1	0	0	0
6250	1	0	0	0
6251	0	0	0	1
6252	1	0	0	0
6253	1	0	0	0
6254	1	0	0	0
6255	0	0	0	1
6256	0	0	0	1
6379	0	0	1	0
6380	0	0	1	0
6381	1	0	0	0
6382	0	1	0	0
6383	0	1	0	0
6384	1	0	0	0
6385	0	0	0	1
6386	0	0	1	0
6387	0	0	0	1
6388	1	0	0	0
6389	1	0	0	0
6390	1	0	0	0
6391	2	0	0	0
6392	2	0	0	0
6393	0	0	0	2
6394	0	0	3	0
6395	0	0	0	3
6396	0	3	0	0
6397	3	0	0	0
6398	0	0	3	0
6399	0	3	0	0
6400	3	0	0	0
6401	0	3	0	0
6402	3	0	0	0
6403	0	0	3	0
6404	0	0	0	3
6405	3	0	0	0
6406	0	3	0	0
6407	3	0	0	0
6408	3	0	0	0
6409	0	0	0	3
6410	0	0	3	0
6411	0	0	0	3
6412	3	0	0	0
6413	0	3	0	0
6414	3	0	0	0
6415	0	3	0	0
6416	3	0	0	0
6417	0	0	0	3
6418	0	0	3	0
6419	0	0	2	0
6420	3	0	0	0
6421	3	0	0	0
6422	0	0	0	3
6423	0	0	0	3
6424	3	0	0	0
6425	3	0	0	0
6426	1	0	1	0
6427	0	3	0	0
6428	0	3	0	0
6429	3	0	0	0
6430	0	0	3	0
6431	0	0	0	3
6432	0	0	2	0
6433	0	0	3	0
6434	0	0	0	3
6435	3	0	0	0
6436	0	0	0	3
6437	0	3	0	0
6438	3	0	0	0
6439	3	0	0	0
6440	0	3	0	0
6441	0	2	0	1
6442	0	3	0	0
6443	3	0	0	0
6444	3	0	0	0
6445	0	3	0	0
6446	0	0	0	3
6447	3	0	0	0
6448	0	1	0	0
6449	0	0	0	2
6450	0	0	2	0
6451	0	0	0	2
6452	0	0	0	2
6453	2	0	0	0
6454	2	0	0	0
6455	2	0	0	0
6456	0	0	0	2
6457	0	0	2	0
6458	0	0	1	0
6459	0	0	0	2
6460	2	0	0	0
6461	0	0	1	0
6462	0	1	0	0
6463	0	1	0	0
6494	1	0	0	0
6495	1	0	0	0
6496	1	0	0	0
6497	1	0	0	0
6498	0	0	0	1
6499	0	1	0	0
6500	0	0	0	1
6501	1	0	0	0
6502	1	0	0	0
6503	0	1	0	0
6504	0	0	1	0
6505	1	0	0	0
6506	1	0	0	0
6507	0	1	0	0
6508	1	0	0	0
6509	1	0	0	0
6510	0	0	0	1
6511	0	0	1	0
6512	0	1	0	0
6513	0	1	0	0
6514	1	0	0	0
6515	1	0	0	0
6516	1	0	0	0
6517	1	0	0	0
6518	0	1	0	0
6519	1	0	0	0
6520	1	0	0	0
6521	0	0	0	1
6522	1	0	0	0
6523	1	0	0	0
6524	0	0	0	1
6525	1	0	0	0
6526	0	0	1	0
6527	0	0	0	1
6528	1	0	0	0
6529	0	1	0	0
6530	1	0	0	0
6531	0	0	0	1
6532	0	1	0	0
6533	0	0	0	1
6534	0	0	0	1
6535	1	0	0	0
6536	1	0	0	0
6537	0	0	0	1
6538	0	0	1	0
6539	1	0	0	0
6540	1	0	0	0
6541	0	0	0	1
6542	0	1	0	0
6543	0	0	0	1
6544	0	0	1	0
6545	0	0	0	1
6546	1	0	0	0
6547	0	0	1	0
6548	1	0	0	0
6549	1	0	0	0
6550	1	0	0	0
6551	0	0	0	1
6552	0	0	0	1
6553	0	0	1	0
6554	0	0	0	1
6555	0	0	1	0
6556	0	0	0	1
6557	0	0	1	0
6558	0	0	0	1
6559	1	0	0	0
6560	0	1	0	0
6561	1	0	0	0
6562	1	0	0	0
6563	0	0	1	0
6564	1	0	0	0
6565	0	1	0	0
6566	0	1	0	0
6567	0	1	0	0
6568	1	0	0	0
6730	1	0	0	0
6731	1	0	0	0
6732	0	0	0	1
6733	1	0	0	0
6734	0	1	0	0
6735	1	0	0	0
6736	1	0	0	0
6737	0	1	0	0
6738	1	0	0	0
6739	1	0	0	0
6740	0	0	0	1
6741	1	0	0	0
6742	1	0	0	0
6743	1	0	0	0
6744	1	0	0	0
6745	0	0	0	1
6746	0	0	0	1
6747	0	0	0	1
6748	0	1	0	0
6749	1	0	0	0
6750	1	0	0	0
6751	0	1	0	0
6752	0	1	0	0
6753	1	0	0	0
6754	0	0	0	1
6755	0	1	0	0
6756	0	1	0	0
6757	0	0	0	1
6758	0	1	0	0
6759	1	0	0	0
6760	0	0	1	0
6761	0	0	1	0
6762	1	0	0	0
6763	0	0	1	0
6764	0	0	1	0
6765	0	0	2	0
6766	0	0	2	0
6767	2	0	0	0
6768	0	0	0	2
6769	0	2	0	0
6770	0	0	0	2
6771	2	0	0	0
6772	0	0	2	0
6773	2	0	0	0
6774	2	0	0	0
6775	0	0	2	0
6776	0	0	0	2
6777	0	0	0	2
6778	2	0	0	0
6779	0	1	0	0
6780	1	0	0	0
6781	1	0	0	0
6782	0	2	0	0
6783	2	0	0	0
6784	0	2	0	0
6785	2	0	0	0
6786	0	0	0	2
6787	2	0	0	0
6788	0	0	2	0
6789	0	0	0	2
6790	0	0	0	2
6791	0	0	0	2
6792	0	0	0	2
6793	2	0	0	0
6794	3	0	0	0
6795	0	0	0	3
6796	0	0	0	2
6797	0	0	3	0
6798	0	1	0	2
6799	3	0	0	0
6800	0	0	3	0
6801	3	0	0	0
6802	0	0	3	0
6803	0	0	3	0
6804	3	0	0	0
6805	0	0	3	0
6806	3	0	0	0
6807	3	0	0	0
6808	0	0	0	3
6809	0	0	0	3
6810	0	0	0	3
6811	0	0	0	3
6812	0	0	0	3
6813	0	3	0	0
6814	0	0	0	3
6815	3	0	0	0
6816	0	0	0	3
6817	0	0	0	3
6818	0	0	3	0
6819	0	3	0	0
6820	2	0	1	0
6821	3	0	0	0
6822	0	0	0	3
6823	3	0	0	0
6824	0	3	0	0
6825	3	0	0	0
6826	1	0	0	0
6827	0	1	0	0
6828	1	0	0	0
6829	0	0	1	0
6830	0	0	1	0
6831	1	0	0	0
6832	0	1	0	0
6833	0	0	0	1
6834	0	0	1	0
6835	0	0	0	1
6836	0	0	0	1
6837	0	1	0	0
6838	1	0	0	0
6839	1	0	0	0
6840	0	0	0	1
6883	1	0	0	0
6884	0	0	0	1
6885	0	2	0	0
6886	2	0	0	0
6887	0	2	0	0
6888	2	0	0	0
6889	0	2	0	0
6890	0	0	0	2
6891	0	2	0	0
6892	0	2	0	0
6893	0	2	0	0
6894	2	0	0	0
6895	0	0	0	3
6896	0	0	3	0
6897	0	3	0	0
6898	3	0	0	0
6899	3	0	0	0
6900	3	0	0	0
6901	3	0	0	0
6902	0	0	0	3
6903	3	0	0	0
6904	3	0	0	0
6905	3	0	0	0
6906	0	0	3	0
6907	0	3	0	0
6908	3	0	0	0
6909	3	0	0	0
6910	3	0	0	0
6911	0	0	0	3
6912	0	0	0	3
6913	3	0	0	0
6914	0	0	0	3
6915	3	0	0	0
6916	3	0	0	0
6917	3	0	0	0
6918	0	3	0	0
6919	3	0	0	0
6920	0	0	0	3
6921	0	0	3	0
6922	0	0	0	3
6923	0	0	3	0
6924	0	0	3	0
6925	0	3	0	0
6926	3	0	0	0
6927	0	0	3	0
6928	0	0	2	0
6929	0	0	2	0
6930	0	0	2	0
6931	0	0	2	0
6932	0	0	0	2
6933	2	0	0	0
6934	0	0	2	0
6935	0	0	2	0
6936	2	0	0	0
6937	0	2	0	0
6938	0	0	2	0
6939	2	0	0	0
6940	0	0	2	0
6941	0	2	0	0
6942	2	0	0	0
6943	2	0	0	0
6944	0	0	0	2
6945	0	0	2	0
6946	0	0	0	2
6947	2	0	0	0
6948	0	0	0	2
6949	0	0	2	0
6950	0	3	0	0
6951	0	3	0	0
6952	0	3	0	0
6953	0	4	0	0
6954	0	0	0	4
6955	0	4	0	0
6956	0	4	0	0
6957	0	3	0	0
6958	4	0	0	0
6959	0	0	0	5
6960	0	0	0	5
6961	0	0	5	0
6962	0	5	0	0
6963	5	0	0	0
6964	0	0	5	0
6965	0	0	5	0
6966	5	0	0	0
6967	5	0	0	0
6968	5	0	0	0
6969	0	5	0	0
6970	5	0	0	0
6971	0	0	0	5
6972	5	0	0	0
6973	5	0	0	0
6974	4	1	0	0
6975	5	0	0	0
6976	0	0	0	5
6977	0	0	5	0
6978	0	5	0	0
6979	5	0	0	0
6980	5	0	0	0
6981	0	0	0	5
6982	0	0	0	6
6983	0	5	0	0
6984	6	0	0	0
6985	6	0	0	0
6986	6	0	0	0
6987	0	0	0	4
6988	6	0	0	0
6989	0	0	0	6
6990	0	6	0	0
6991	6	0	0	0
6992	0	6	0	0
6993	4	0	0	0
6994	0	0	6	0
6995	0	0	6	0
6996	6	0	0	0
6997	0	6	0	0
6998	0	0	0	4
6999	6	0	0	0
7000	0	0	0	6
7001	0	0	0	6
7002	6	0	0	0
7003	0	0	0	6
7004	0	0	0	6
7005	0	0	6	0
7006	0	0	6	0
7007	0	0	0	6
7008	6	0	0	0
7009	0	6	0	0
7010	0	0	6	0
7011	0	0	0	6
7012	0	0	6	0
7013	5	0	0	0
7014	0	0	0	6
7015	1	0	5	0
7016	0	0	6	0
7017	6	0	0	0
7018	0	0	6	0
7019	0	0	6	0
7020	5	0	0	0
7021	4	0	0	0
7022	4	0	0	0
7038	1	0	0	0
7039	0	0	2	0
7040	2	0	0	0
7041	0	0	2	0
7042	2	0	0	0
7043	0	0	0	2
7044	2	0	0	0
7045	0	0	0	2
7046	0	0	0	2
7047	0	2	0	0
7048	2	0	0	0
7049	0	0	2	0
7050	2	0	0	0
7051	0	2	0	0
7052	0	2	0	0
7053	0	0	0	2
7054	0	0	2	0
7055	0	0	2	0
7056	2	0	0	0
7057	0	0	2	0
7058	0	0	2	0
7059	2	0	0	0
7060	0	0	2	0
7061	0	0	2	0
7062	2	0	0	0
7063	2	0	0	0
7064	2	0	0	0
7065	0	0	0	2
7066	2	0	0	0
7067	0	0	0	2
7068	0	0	2	0
7069	2	0	0	0
7070	2	0	0	0
7071	0	0	2	0
7072	0	0	2	0
7073	2	0	0	0
7074	0	0	0	2
7075	2	0	0	0
7076	2	0	0	0
7077	0	0	0	2
7078	0	0	0	2
7079	0	0	2	0
7080	0	0	2	0
7081	2	0	0	0
7082	0	0	2	0
7083	2	0	0	0
7084	2	0	0	0
7085	0	0	2	0
7086	0	0	0	2
7087	0	0	2	0
7088	2	0	0	0
7089	2	0	0	0
7090	0	0	0	2
7091	0	0	0	2
7092	2	0	0	0
7093	0	0	0	2
7094	2	0	0	0
7095	0	2	0	0
7096	2	0	0	0
7097	2	0	0	0
7098	2	0	0	0
7099	0	0	0	2
7100	2	0	0	0
7101	0	0	0	2
7102	2	0	0	0
7103	2	0	0	0
7104	2	0	0	0
7105	0	0	2	0
7106	0	0	0	2
7107	0	0	3	0
7108	0	0	3	0
7109	0	0	0	3
7110	3	0	0	0
7111	0	0	3	0
7112	3	0	0	0
7113	3	0	0	0
7114	3	0	0	0
7115	0	0	0	3
7116	0	0	0	3
7117	3	0	0	0
7118	3	0	0	0
7119	3	0	0	0
7120	0	3	0	0
7121	0	3	0	0
7122	3	0	0	0
7123	0	0	0	3
7124	0	0	0	3
7125	0	0	3	0
7126	0	0	3	0
7127	0	0	3	0
7128	3	0	0	0
7129	2	0	0	0
7130	0	0	0	2
7131	3	0	0	0
7132	0	0	3	0
7133	0	3	0	0
7134	3	0	0	0
7135	0	3	0	0
7136	0	3	0	0
7137	0	3	0	0
7138	3	0	0	0
7139	0	3	0	0
7140	0	3	0	0
7141	0	0	3	0
7142	3	0	0	0
7143	0	0	3	0
7144	0	0	3	0
7145	0	3	0	0
7146	2	0	0	0
7147	2	0	0	0
7148	2	0	0	0
7149	2	0	0	0
7150	2	0	0	0
7151	0	0	2	0
7152	0	0	2	0
7153	2	0	0	0
7154	0	0	2	0
7155	2	0	0	0
7156	0	0	2	0
7157	0	0	0	2
7158	0	0	2	0
7159	0	0	2	0
7160	0	0	0	2
7161	0	0	2	0
7162	0	0	1	0
7163	2	0	0	0
7164	0	0	2	0
7165	2	0	0	0
7166	1	0	1	0
7167	2	0	0	0
7168	0	1	1	0
7169	1	0	0	0
7170	1	0	0	0
7171	1	0	0	0
7172	1	0	0	0
7173	1	0	0	0
7174	1	0	0	0
7175	0	0	1	0
7176	1	0	0	0
7177	0	0	1	0
7178	0	1	0	0
7179	1	0	0	0
7189	0	0	1	0
7190	0	0	1	0
7191	1	0	0	0
7192	0	0	1	0
7193	0	0	0	1
7194	0	0	0	1
7195	0	0	1	0
7196	0	0	0	1
7197	0	0	1	0
7198	0	0	0	1
7199	0	0	0	1
7200	0	1	0	0
7201	0	1	0	0
7202	0	0	0	1
7203	0	0	0	1
7204	0	0	1	0
7205	0	0	1	0
7206	0	0	1	0
7207	0	0	0	1
7208	0	0	0	2
7209	0	2	0	0
7210	0	0	0	2
7211	0	0	0	2
7212	0	0	2	0
7213	0	0	2	0
7214	0	0	2	0
7215	2	0	0	0
7216	0	0	2	0
7217	0	0	0	2
7218	2	0	0	0
7219	0	0	2	0
7220	0	2	0	0
7221	2	0	0	0
7222	0	0	2	0
7223	0	0	2	0
7224	2	0	0	0
7225	2	0	0	0
7226	0	0	2	0
7227	0	2	0	0
7228	2	0	0	0
7229	0	2	0	0
7230	0	0	0	2
7231	2	0	0	0
7232	0	0	0	2
7233	0	0	2	0
7234	0	0	2	0
7235	0	0	2	0
7236	0	2	0	0
7237	0	0	2	0
7238	0	2	0	0
7239	0	0	2	0
7240	0	0	2	0
7241	0	2	0	0
7242	0	0	2	0
7243	0	0	0	2
7244	0	2	0	0
7245	2	0	0	0
7246	2	0	0	0
7247	0	0	0	2
7248	0	0	2	0
7249	2	0	0	0
7250	0	2	0	0
7251	0	0	2	0
7252	0	2	0	0
7253	0	0	0	2
7254	0	0	2	0
7255	2	0	0	0
7256	0	1	0	0
7257	0	0	1	0
7258	0	0	1	0
7259	0	0	0	1
7260	1	0	0	0
7261	0	1	0	0
7262	1	0	0	0
7263	0	0	1	0
7264	1	0	0	0
7265	0	1	0	0
7266	0	1	0	0
7267	1	0	0	0
7268	0	0	1	0
7269	1	0	0	0
7270	0	1	0	0
7271	1	0	0	0
7272	0	0	1	0
7273	0	1	0	0
7274	0	0	0	1
7275	0	0	1	0
7276	0	0	0	1
7277	0	0	0	1
7278	0	0	1	0
7279	0	0	0	1
7428	0	0	0	1
7429	0	0	0	1
7430	0	0	1	0
7431	0	0	1	0
7432	0	0	1	0
7433	0	0	1	0
7434	0	1	0	0
7435	0	0	0	1
7436	0	0	1	0
7437	0	1	0	0
7438	0	0	0	1
7439	0	1	0	0
7440	0	0	0	1
7441	0	0	1	0
7442	0	0	1	0
7443	1	0	0	0
7444	1	0	0	0
7445	1	0	0	0
7446	1	0	0	0
7447	0	1	0	0
7448	1	0	0	0
7449	0	1	0	0
7450	1	0	0	0
7451	0	0	0	1
7452	0	1	0	0
7453	0	0	0	1
7454	0	0	1	0
7455	0	1	0	0
7456	1	0	0	0
7457	0	1	0	0
7458	0	1	0	0
7459	1	0	0	0
7460	0	1	0	0
7461	0	0	0	1
7462	1	0	0	0
7463	1	0	0	0
7464	0	0	0	1
7465	0	0	1	0
7466	0	0	0	1
7467	0	0	1	0
7468	0	1	0	0
7469	0	1	0	0
7470	0	0	0	1
7471	0	0	0	1
7472	0	0	1	0
7473	0	0	1	0
7474	1	0	0	0
7475	1	0	0	0
7476	0	1	0	0
7477	0	0	0	1
7478	0	1	0	0
7479	0	1	0	0
7480	1	0	0	0
7481	0	0	1	0
7482	0	0	0	1
7483	0	0	0	1
7484	0	0	1	0
7485	0	0	1	0
7486	1	0	0	0
7487	0	0	1	0
7488	0	0	0	1
7489	1	0	0	0
7490	0	0	0	0
7491	0	0	0	1
7492	1	0	0	0
7493	1	0	0	0
7494	1	0	0	0
7503	1	0	0	0
7504	0	0	1	0
7505	1	0	0	0
7506	0	0	1	0
7507	1	0	0	0
7508	0	0	0	1
7509	0	0	0	1
7510	0	0	0	1
7511	0	0	1	0
7512	0	0	2	0
7513	1	0	1	0
7514	2	0	0	0
7515	0	0	0	1
7516	2	0	0	0
7517	2	0	0	0
7518	0	2	0	0
7519	2	0	0	0
7520	0	0	0	1
7521	0	0	2	0
7522	1	0	0	0
7523	0	2	0	0
7524	0	2	0	0
7525	0	0	0	2
7526	0	0	4	0
7527	0	0	5	0
7528	5	0	0	0
7529	0	0	0	5
7530	0	0	5	0
7531	0	5	0	0
7532	5	0	0	0
7533	0	0	5	0
7534	0	0	1	3
7535	0	0	5	0
7536	0	0	5	0
7537	0	0	5	0
7538	4	0	0	0
7539	0	0	0	4
7540	4	0	0	0
7541	0	0	5	0
7542	0	0	5	0
7543	0	0	5	0
7544	5	0	0	0
7545	5	0	0	0
7546	5	0	0	0
7547	0	0	0	5
7548	0	0	0	4
7549	5	0	0	0
7550	0	0	5	0
7551	0	0	0	5
7552	5	0	0	0
7553	5	0	0	0
7554	0	0	0	5
7555	0	0	0	5
7556	5	0	0	0
7557	0	0	0	5
7558	5	0	0	0
7559	0	5	0	0
7560	5	0	0	0
7561	0	0	0	5
7562	6	0	0	0
7563	0	6	0	0
7564	6	0	0	0
7565	0	6	0	0
7566	6	0	0	0
7567	6	0	0	0
7568	0	0	0	5
7569	6	0	0	0
7570	0	0	0	6
7571	6	0	0	0
7572	0	6	0	0
7573	6	0	0	0
7574	2	0	4	0
7575	0	6	0	0
7576	0	0	0	5
7577	0	0	0	6
7578	0	0	6	0
7579	0	6	0	0
7580	0	0	0	6
7581	0	0	0	6
7582	0	0	6	0
7583	5	0	0	0
7584	5	0	0	0
7585	3	0	2	0
7586	5	0	0	0
7587	5	0	0	0
7588	0	0	0	5
7589	0	5	0	0
7590	0	0	5	0
7591	0	5	0	0
7592	5	0	0	0
7593	4	0	1	0
7594	5	0	0	0
7595	5	0	0	0
7596	0	5	0	0
7597	0	5	0	0
7598	5	0	0	0
7599	0	0	3	0
7600	0	3	0	0
7601	2	0	0	0
7602	0	0	2	0
7603	0	0	2	0
7604	2	0	0	0
7605	2	0	0	0
7606	0	2	0	0
7607	2	0	0	0
7608	1	0	1	0
7609	2	0	0	0
7610	2	0	0	0
7611	0	0	0	2
7612	0	0	2	0
7613	2	0	0	0
7614	2	0	0	0
7615	2	0	0	0
7616	2	0	0	0
7617	0	0	2	0
7618	0	0	2	0
7619	2	0	0	0
7620	1	0	0	1
7621	0	0	0	1
7622	0	0	0	2
7623	2	0	0	0
7624	0	0	0	2
7625	0	0	0	2
7626	2	0	0	0
7627	0	0	2	0
7628	0	2	0	0
7629	2	0	0	0
7630	0	1	0	0
7631	0	0	0	1
7632	0	0	1	0
7633	0	0	1	0
7634	1	0	0	0
7635	0	1	0	0
7636	1	0	0	0
7749	0	1	0	0
7750	0	0	0	1
7751	0	1	0	0
7752	0	0	0	1
7753	1	0	0	0
7754	0	0	0	0
7755	1	0	0	0
7756	0	0	1	0
7757	0	0	0	1
7758	1	0	0	0
7759	0	0	0	0
7760	1	0	0	0
7761	1	0	0	0
7762	1	0	0	0
7763	0	0	1	0
7764	1	0	0	0
7765	0	0	1	0
7766	0	0	0	1
7767	0	0	0	1
7768	1	0	0	0
7769	0	0	1	0
7770	0	0	1	0
7771	0	1	0	0
7772	1	0	0	0
7773	0	0	1	0
7774	0	0	1	0
7775	0	0	1	0
7776	1	0	0	0
7777	0	0	0	1
7778	1	0	0	0
7779	0	1	0	0
7780	0	0	0	1
7781	0	1	0	0
7782	1	0	0	0
7783	0	1	0	0
7784	0	1	0	0
7785	0	0	0	1
7786	0	0	0	1
7787	0	0	0	1
7788	0	0	1	0
7789	0	0	0	1
7790	0	1	0	0
7791	0	0	2	0
7792	0	0	0	2
7793	0	0	0	2
7794	0	0	0	2
7795	0	2	0	0
7796	2	0	0	0
7797	0	0	2	0
7798	3	0	0	0
7799	0	3	0	0
7800	0	3	0	0
7801	0	3	0	0
7802	0	0	0	3
7803	0	0	0	2
7804	3	0	0	0
7805	0	1	0	1
7806	0	3	0	0
7807	0	2	0	0
7808	0	3	0	0
7809	3	0	0	0
7810	3	0	0	0
7811	3	0	0	0
7812	0	2	0	0
7813	0	3	0	0
7814	0	3	0	0
7815	0	0	2	0
7816	3	0	0	0
7817	0	0	3	0
7818	0	0	3	0
7819	0	0	3	0
7820	1	0	2	0
7821	3	0	0	0
7822	0	2	0	0
7823	0	2	0	1
7824	0	2	0	0
7825	0	0	3	0
7826	3	0	0	0
7827	0	3	0	0
7828	3	0	0	0
7829	0	0	3	0
7830	0	0	3	0
7831	0	2	0	0
7832	0	2	0	1
7833	0	2	0	0
7834	0	0	3	0
7835	0	0	3	0
7836	3	0	0	0
7837	1	0	2	0
7838	2	0	1	0
7839	2	0	0	0
7840	2	0	0	0
7841	0	0	0	2
7842	0	2	0	0
7843	0	0	3	0
7844	3	0	0	0
7845	3	0	0	0
7846	0	0	2	0
7847	2	0	0	0
7848	2	0	0	0
7849	0	0	2	0
7850	0	0	2	0
7851	2	0	0	0
7852	0	0	2	0
7853	0	0	2	0
7854	0	0	0	2
7855	0	0	2	0
7856	0	0	2	0
7857	2	0	0	0
7858	0	0	2	0
7859	2	0	0	0
7860	0	0	2	0
7861	0	2	0	0
7862	1	0	0	0
7863	0	0	0	0
7864	0	0	1	0
7865	1	0	0	0
7866	0	0	0	0
7867	1	0	0	0
7868	0	0	1	0
7869	1	0	0	0
7870	0	0	1	0
7871	1	0	0	0
7872	0	1	0	0
8054	0	0	1	0
8055	1	0	0	0
8056	1	0	0	0
8057	0	0	1	0
8058	0	1	0	0
8059	0	1	0	0
8060	0	0	0	1
8061	0	0	0	1
8062	0	0	1	0
8063	0	0	0	1
8064	0	0	1	0
8065	0	1	0	0
8066	1	0	0	0
8067	0	0	1	0
8068	0	0	0	1
8069	1	0	0	0
8070	0	0	0	1
8071	0	0	0	1
8072	0	0	1	0
8073	0	0	1	0
8074	0	0	1	0
8075	0	0	1	0
8076	0	0	0	1
8077	0	1	0	0
8078	0	0	0	1
8079	0	0	1	0
8080	0	0	1	0
8081	1	0	0	0
8082	1	0	0	0
8083	0	2	0	0
8084	0	0	0	2
8085	2	0	0	0
8086	2	0	0	0
8087	2	0	0	0
8088	0	0	2	0
8089	2	0	0	0
8090	2	0	0	0
8091	1	0	1	0
8092	2	0	0	0
8093	0	0	2	0
8094	0	0	0	2
8095	0	0	3	0
8096	0	3	0	0
8097	0	0	0	3
8098	3	0	0	0
8099	0	0	0	3
8100	0	0	0	3
8101	3	0	0	0
8102	2	0	1	0
8103	0	0	0	3
8104	0	3	0	0
8105	0	0	0	3
8106	0	0	3	0
8107	1	2	0	0
8108	0	0	0	3
8109	0	0	0	3
8110	0	0	3	0
8111	3	0	0	0
8112	0	0	0	3
8113	3	0	0	0
8114	0	3	0	0
8115	0	3	0	0
8116	0	0	0	3
8117	0	3	0	0
8118	4	0	0	0
8119	0	0	4	0
8120	0	4	0	0
8121	4	0	0	0
8122	4	0	0	0
8123	0	0	0	4
8124	4	0	0	0
8125	0	0	4	0
8126	0	0	0	3
8127	3	0	0	0
8128	0	0	3	0
8129	0	0	0	3
8130	0	0	3	0
8131	0	0	3	0
8132	0	3	0	0
8133	0	0	0	3
8134	1	0	2	0
8135	3	0	0	0
8136	3	0	0	0
8137	0	0	3	0
8138	0	0	3	0
8139	0	0	0	3
8140	3	0	0	0
8141	0	3	0	0
8142	3	0	0	0
8143	0	0	3	0
8144	3	0	0	0
8145	0	0	0	3
8146	3	0	0	0
8147	0	0	3	0
8148	2	0	1	0
8149	3	0	0	0
8150	0	0	0	3
8151	0	0	0	3
8152	2	0	0	0
8153	0	0	0	2
8154	0	0	0	2
8155	0	0	2	0
8156	2	0	0	0
8157	2	0	0	0
8158	0	0	2	0
8159	0	0	0	2
8160	2	0	0	0
8161	1	0	1	0
8162	0	0	0	2
8163	2	0	0	0
8164	0	2	0	0
8165	0	0	0	1
8166	1	0	0	0
8167	0	0	1	0
8168	0	1	0	0
8169	1	0	0	0
8170	1	0	0	0
8171	0	0	0	1
8172	0	0	0	1
8173	0	0	0	1
8174	0	0	1	0
8175	0	1	0	0
8176	1	0	0	0
8177	0	0	1	0
8178	1	0	0	0
8179	0	0	1	0
8180	0	1	0	0
8181	0	0	0	1
8182	1	0	0	0
8183	0	0	0	1
8184	0	1	0	0
8185	0	1	0	0
8186	0	0	1	0
8187	0	1	0	0
8188	1	0	0	0
8189	1	0	0	0
8190	0	1	0	0
8191	1	0	0	0
8192	0	0	0	1
8193	1	0	0	0
8194	0	1	0	0
8195	0	1	0	0
8196	0	0	0	1
8197	1	0	0	0
8198	0	1	0	0
8199	3	0	0	0
8200	3	0	0	0
8201	0	0	3	0
8202	2	0	0	0
8203	3	0	0	0
8204	0	0	0	3
8205	3	0	0	0
8206	3	0	0	0
8207	0	0	3	0
8208	2	0	0	0
8209	0	3	0	0
8210	3	0	0	0
8211	0	0	3	0
8212	0	0	3	0
8213	0	0	3	0
8214	0	3	0	0
8215	0	0	0	3
8216	0	0	0	3
8217	2	0	0	0
8218	0	0	3	0
8219	3	0	0	0
8220	3	0	0	0
8221	0	0	3	0
8222	0	1	0	2
8223	3	0	0	0
8224	0	0	3	0
8225	0	3	0	0
8226	0	0	0	3
8227	0	1	0	2
8228	0	0	0	3
8229	0	0	3	0
8230	0	3	0	0
8231	0	0	0	3
8232	2	0	0	0
8233	0	0	0	3
8234	3	0	0	0
8235	3	0	0	0
8236	2	0	0	0
8237	2	0	0	0
8238	0	0	0	3
8239	0	0	3	0
8240	0	0	3	0
8241	0	0	3	0
8242	0	0	3	0
8243	1	0	2	0
8244	0	0	3	0
8245	0	2	0	0
8246	5	0	0	0
8247	4	0	0	0
8248	0	0	4	0
8249	0	0	0	4
8250	0	0	4	0
8251	0	0	2	2
8252	0	0	0	4
8253	0	4	0	0
8254	4	0	0	0
8255	4	0	0	0
8256	4	0	0	0
8257	4	0	0	0
8258	3	0	1	0
8259	0	0	4	0
8260	0	4	0	0
8261	4	0	0	0
8262	0	0	4	0
8263	0	4	0	0
8264	4	0	0	0
8265	0	0	0	4
8266	4	0	0	0
8267	0	0	4	0
8268	0	0	0	4
8269	0	0	0	4
8270	0	0	4	0
8271	0	0	4	0
8272	4	0	0	0
8273	0	0	0	4
8274	0	0	4	0
8275	0	0	4	0
8276	0	4	0	0
8277	0	4	0	0
8278	0	0	0	4
8279	0	0	4	0
8280	0	4	0	0
8281	0	0	0	4
8282	0	0	4	0
8283	0	0	0	4
8284	4	0	0	0
8285	4	0	0	0
8286	0	0	4	0
8287	4	0	0	0
8288	0	0	4	0
8289	4	0	0	0
8290	0	4	0	0
8291	5	0	0	0
8292	0	0	5	0
8293	5	0	0	0
8294	0	0	0	5
8295	0	0	0	5
8296	5	0	0	0
8297	5	0	0	0
8298	0	0	6	0
8299	5	0	0	0
8300	3	2	0	0
8301	0	0	6	0
8302	5	0	0	0
8303	0	0	6	0
8304	0	6	0	0
8305	0	0	0	6
8306	2	4	0	0
8307	3	0	2	0
8308	0	0	6	0
8309	0	6	0	0
8310	0	5	0	0
8311	6	0	0	0
8312	0	0	6	0
8313	0	6	0	0
8314	5	0	0	1
8315	0	0	6	0
8316	0	6	0	0
8317	5	0	0	0
8318	0	0	6	0
8319	4	0	0	0
8320	0	0	4	0
8321	0	0	2	0
8322	0	0	2	0
8323	2	0	0	0
8324	0	0	2	0
8325	0	0	0	2
8326	2	0	0	0
8327	0	0	2	0
8328	0	0	2	0
8329	1	0	0	0
8330	0	0	2	0
8331	0	2	0	0
8332	2	0	0	0
8333	0	0	2	0
8334	0	2	0	0
8335	0	0	2	0
8336	0	0	0	1
8337	0	2	0	0
8338	0	0	0	2
8339	0	2	0	0
8340	1	0	0	0
8341	2	0	0	0
8342	0	0	2	0
8343	1	0	0	0
8344	0	2	0	0
8345	0	0	0	1
8346	0	0	0	2
8347	2	0	0	0
8348	0	0	2	0
8349	2	0	0	0
8350	0	0	0	2
8351	1	0	0	0
8352	0	0	2	0
8353	2	0	0	0
8354	0	2	0	0
8355	2	0	0	0
8356	0	0	0	2
8357	0	0	2	0
8358	0	0	2	0
8359	2	0	0	0
8360	0	0	2	0
8361	0	2	0	0
8362	0	0	0	0
8363	0	1	0	0
8383	0	1	0	0
8384	1	0	0	0
8385	0	1	0	0
8386	0	1	0	0
8387	1	0	0	0
8388	1	0	0	0
8389	0	0	0	1
8390	1	0	0	0
8391	1	0	0	0
8392	0	0	0	1
8393	0	0	1	0
8394	1	0	0	0
8395	1	0	0	0
8396	0	0	1	0
8397	0	1	0	0
8398	0	0	0	1
8399	0	0	0	1
8400	0	0	1	0
8401	0	0	0	1
8402	0	0	1	0
8403	0	1	0	0
8404	0	1	0	0
8405	0	0	0	1
8406	0	0	1	0
8407	0	0	1	0
8408	0	1	0	0
8409	0	0	0	1
8410	1	0	0	0
8411	0	0	1	0
8412	1	0	0	0
8413	1	0	0	0
8414	0	0	1	0
8415	0	1	0	0
8416	1	0	0	0
8417	0	1	0	0
8418	1	0	0	0
8419	1	0	0	0
8420	0	0	1	0
8421	1	0	0	0
8422	1	0	0	0
8423	0	0	1	0
8424	1	0	0	0
8425	1	0	0	0
8426	0	0	1	0
8427	0	1	0	0
8428	1	0	0	0
8429	0	0	1	0
8430	1	0	0	0
8431	1	0	0	0
8432	0	0	1	0
8433	1	0	0	0
8434	0	0	1	0
8435	0	0	1	0
8436	0	0	0	1
8437	0	0	1	0
8438	0	0	1	0
8439	0	0	1	0
8440	0	1	0	0
8441	0	0	0	1
8442	0	0	0	1
8443	0	0	0	1
8444	0	1	0	0
8445	0	1	0	0
8446	1	0	0	0
8447	0	0	1	0
8448	0	0	0	1
8449	0	1	0	0
8450	1	0	0	0
8451	0	0	1	0
8452	1	0	0	0
8453	0	1	0	0
8454	0	1	0	0
8485	0	0	1	0
8486	0	0	1	0
8487	0	0	1	0
8488	1	0	0	0
8489	0	0	1	0
8490	0	1	0	0
8491	1	0	0	0
8492	0	0	1	0
8493	0	0	0	1
8494	0	0	0	1
8495	0	0	1	0
8496	1	0	0	0
8497	0	0	0	1
8498	0	1	0	0
8499	0	0	0	1
8500	0	1	0	0
8501	1	0	0	0
8502	0	0	1	0
8503	0	1	0	0
8504	0	0	0	1
8505	0	0	0	1
8506	0	1	0	0
8507	0	0	0	1
8508	0	0	0	1
8509	0	0	0	1
8510	0	0	0	1
8511	0	0	0	1
8512	1	0	0	0
8513	1	0	0	0
8514	1	0	0	0
8515	2	0	0	0
8516	0	0	1	0
8517	2	0	0	0
8518	2	0	0	0
8519	2	0	0	0
8520	2	0	0	0
8521	0	0	2	0
8522	0	0	2	0
8523	0	0	2	0
8524	0	0	2	0
8525	0	0	2	0
8526	0	0	2	0
8527	2	0	0	0
8528	0	2	0	0
8529	0	0	0	2
8530	0	0	2	0
8531	0	0	2	0
8532	2	0	0	0
8533	2	0	0	0
8534	0	0	2	0
8535	0	0	2	0
8536	0	0	2	0
8537	0	0	0	2
8538	0	0	0	2
8539	2	0	0	0
8540	2	0	0	0
8541	0	0	0	2
8542	0	0	0	2
8543	0	0	0	2
8544	2	0	0	0
8545	0	2	0	0
8546	0	0	0	2
8547	0	2	0	0
8548	0	0	0	2
8549	2	0	0	0
8550	2	0	0	0
8551	0	0	2	0
8552	2	0	0	0
8553	2	0	0	0
8554	2	0	0	0
8555	1	0	0	0
8556	0	0	2	0
8557	0	0	2	0
8558	0	2	0	0
8559	2	0	0	0
8560	1	0	0	0
8561	0	0	1	0
8562	1	0	0	0
8563	1	0	0	0
8564	1	0	0	0
8565	0	0	0	1
8566	0	1	0	0
8567	0	1	0	0
8568	0	0	0	1
8569	0	0	0	1
8570	0	0	1	0
8571	1	0	0	0
8572	0	0	0	1
8573	0	0	0	1
8574	0	0	0	1
8575	0	0	1	0
8576	0	0	0	1
8577	0	0	1	0
8578	0	0	0	0
8579	0	0	1	0
8580	0	0	0	1
8581	0	1	0	0
8582	0	0	0	1
8583	1	0	0	0
8584	0	0	0	1
8682	0	0	0	1
8683	0	0	0	1
8684	0	0	1	0
8685	1	0	0	0
8686	0	1	0	0
8687	0	1	0	0
8688	0	1	0	0
8689	1	0	0	0
8690	1	0	0	0
8691	0	0	1	0
8692	0	0	1	0
8693	0	0	1	0
8694	1	0	0	0
8695	1	0	0	0
8696	0	0	1	0
8697	0	0	0	1
8698	1	0	0	0
8699	0	0	1	0
8700	1	0	0	0
8701	1	0	0	0
8702	0	0	1	0
8703	1	0	0	0
8704	0	0	1	0
8705	1	0	0	0
8706	0	1	0	0
8707	0	1	0	0
8708	1	0	0	0
8709	1	0	0	0
8710	0	1	0	0
8711	0	0	1	0
8712	1	0	0	0
8713	1	0	0	0
8714	0	0	1	0
8715	0	0	1	0
8716	1	0	0	0
8717	0	0	1	0
8718	1	0	0	0
8719	1	0	0	0
8720	1	0	0	0
8721	1	0	0	0
8722	0	1	0	0
8723	1	0	0	0
8724	1	0	0	0
8725	0	1	0	0
8726	0	0	0	1
8727	0	0	1	0
8728	0	0	0	1
8729	0	1	0	0
8730	0	0	0	1
8731	0	0	1	0
8732	0	1	0	0
8733	0	0	0	1
8734	1	0	0	0
8735	0	1	0	0
8736	1	0	0	0
8737	0	1	0	0
8738	0	1	0	0
8739	0	1	0	0
8740	0	0	0	1
8741	1	0	0	0
8742	0	0	0	1
8743	0	0	0	0
8744	1	0	0	0
8745	0	0	1	0
8746	0	1	0	0
8747	0	1	0	0
