	A	C	G	T
772	0	0	0	0
773	0	0	0	0
774	20	0	0	0
775	0	0	0	20
776	0	20	0	0
777	20	0	0	0
778	0	0	20	0
779	20	0	0	0
780	20	0	0	0
781	0	0	20	0
782	0	0	20	0
783	20	0	0	0
784	0	0	20	0
785	0	20	0	0
786	0	20	0	0
787	20	0	0	0
788	0	20	0	0
789	0	20	0	0
790	0	20	0	0
791	0	20	0	0
792	20	0	0	0
793	0	20	0	0
794	20	0	0	0
3349	0	0	0	1
3350	1	0	0	0
3351	0	0	1	0
3352	0	0	1	0
3353	1	0	0	0
3354	1	0	0	0
3355	1	0	0	0
3356	1	0	0	0
3357	0	0	1	0
3358	0	1	0	0
3359	1	0	0	0
3360	0	0	1	0
3361	0	0	1	0
3362	0	0	1	0
3363	0	0	0	1
3364	1	0	0	0
3365	0	0	0	1
3366	0	0	1	0
3367	0	0	0	1
3368	0	0	0	1
3369	1	0	0	0
3370	0	1	0	0
3371	0	0	0	1
3372	0	0	1	0
3373	1	0	0	0
3374	0	1	0	0
3375	1	0	0	0
3376	0	0	1	0
3377	1	0	0	0
3378	0	0	1	0
3379	0	0	1	0
3380	1	0	0	0
3381	0	0	0	0
3382	0	0	1	0
3383	0	0	1	0
3384	0	1	0	0
3385	1	0	0	0
3386	0	0	1	0
3387	1	0	0	0
3388	1	0	0	0
3389	1	0	0	0
3390	0	0	1	0
3391	0	0	0	1
3392	0	0	0	1
3393	1	0	0	0
3394	0	0	0	1
3395	0	0	0	1
3396	1	0	0	0
3397	0	1	0	0
3398	0	0	0	1
3399	0	1	0	0
3400	0	0	0	1
3401	1	0	0	0
3402	1	0	0	0
3403	0	1	0	0
3404	0	0	0	1
3405	0	0	1	0
3406	1	0	0	0
3407	1	0	0	0
3408	1	0	0	0
3409	0	1	0	0
3410	1	0	0	0
3411	1	0	0	0
3412	0	1	0	0
3413	1	0	0	0
3414	1	0	0	0
3415	1	0	0	0
3416	0	0	0	1
3417	0	1	0	0
3418	1	0	0	0
3419	0	0	1	0
3420	1	0	0	0
3421	1	0	0	0
3422	0	0	1	0
3423	1	0	0	0
3424	0	1	0	0
3425	0	0	0	1
3426	0	0	1	0
3427	1	0	0	0
3428	1	0	0	0
3429	0	0	0	1
3430	0	0	0	1
3431	1	0	0	0
3432	0	1	0	0
3433	1	0	0	0
3434	1	0	0	0
3435	0	0	1	0
3436	0	1	0	0
3437	1	0	0	0
3438	1	0	0	0
3439	0	0	0	1
3440	0	0	0	1
3441	0	1	0	0
3442	1	0	0	0
3443	0	0	1	0
3444	0	0	0	1
3445	0	0	0	1
3446	0	0	1	0
3447	0	0	1	0
3448	0	1	0	0
3449	0	0	0	1
3450	0	0	0	1
3451	0	0	0	1
3452	1	0	0	0
3453	0	1	0	0
3454	1	0	0	0
3455	1	0	0	0
3456	0	0	1	0
3457	1	0	0	0
3458	0	0	0	1
3459	0	0	0	1
3460	0	1	0	0
3461	1	0	0	0
3462	0	0	1	0
3463	0	0	1	0
3464	1	0	0	0
3465	0	0	0	1
3669	0	0	1	0
3670	0	0	0	1
3671	0	0	1	0
3672	0	1	0	0
3673	0	0	0	1
3674	0	0	1	0
3675	0	0	0	1
3676	0	0	0	1
3677	0	0	0	1
3678	0	1	0	0
3679	0	0	0	1
3680	1	0	0	0
3681	0	0	1	0
3682	1	0	0	0
3683	0	0	0	1
3684	0	0	1	0
3685	0	0	1	0
3686	1	0	0	0
3687	1	0	0	0
3688	0	0	0	1
3689	1	0	0	0
3690	0	0	1	0
3691	1	0	0	0
3692	0	0	0	1
3693	1	0	0	0
3694	1	0	0	0
3695	0	0	1	0
3696	0	0	1	0
3697	0	1	0	0
3698	0	0	0	1
3699	0	1	0	0
3700	1	0	0	0
3701	1	0	0	0
3702	0	0	1	0
3703	1	0	0	0
3704	1	0	0	0
3705	0	0	1	0
3706	1	0	0	0
3707	0	0	1	0
3708	0	1	0	0
3709	1	0	0	0
3710	0	0	0	1
3711	0	0	1	0
3712	1	0	0	0
3713	1	0	0	0
3714	1	0	0	0
3715	1	0	0	0
3716	0	0	1	0
3717	0	0	0	1
3718	1	0	0	0
3719	0	0	0	1
3720	0	1	0	0
3721	1	0	0	0
3722	0	1	0	0
3723	1	0	0	0
3724	1	0	0	0
3725	0	1	0	0
3726	1	0	0	0
3727	1	0	0	0
3728	0	0	0	1
3729	0	0	0	1
3730	0	0	1	0
3731	0	0	1	0
3732	1	0	0	0
3733	1	0	0	0
3734	1	0	0	0
3735	0	0	1	0
3736	0	1	0	0
3737	1	0	0	0
3738	1	0	0	0
3739	0	0	0	1
3740	0	0	1	0
3915	1	0	0	0
3916	0	0	1	0
3917	0	0	0	1
3918	0	0	1	0
3919	0	0	1	0
3920	1	0	0	0
3921	0	0	0	1
3922	1	0	0	0
3923	0	1	0	0
3924	1	0	0	0
3925	0	0	0	1
3926	1	0	0	0
3927	0	0	1	0
3928	1	0	0	0
3929	1	0	0	0
3930	0	0	1	0
3931	0	1	0	0
3932	1	0	0	0
3933	0	0	1	0
3934	1	0	0	0
3935	0	0	1	0
3936	0	0	1	0
3937	0	0	0	1
3938	0	0	0	1
3939	1	0	0	0
3940	0	0	0	1
3941	0	1	0	0
3942	0	1	0	0
3943	0	1	0	0
3944	1	0	0	0
3945	0	0	1	0
3946	0	1	0	0
3947	1	0	0	0
3948	0	0	1	0
3949	1	0	0	0
3950	1	0	0	0
3951	1	0	0	0
3952	0	1	0	0
3953	1	0	0	0
3954	0	0	1	0
3955	0	0	1	0
3956	1	0	0	0
3957	0	1	0	0
3958	1	0	0	0
3959	1	0	0	0
3960	0	0	1	0
3961	1	0	0	0
3962	1	0	0	0
3963	1	0	0	0
3964	0	1	0	0
3965	1	0	0	0
3966	0	0	1	0
3967	0	1	0	0
3968	1	0	0	0
3969	0	0	0	1
3970	1	0	0	0
3971	0	1	0	0
3972	0	0	0	1
3973	1	0	0	0
3974	0	0	0	1
3975	1	0	0	0
3976	0	0	0	1
3977	1	0	0	0
3978	0	1	0	0
3979	0	0	0	1
3980	1	0	0	0
3981	1	0	0	0
3982	1	0	0	0
3983	1	0	0	0
3984	0	0	0	1
3985	0	0	0	1
3986	1	0	0	0
3987	0	0	1	0
3988	0	1	0	0
3989	1	0	0	0
3990	0	0	1	0
4084	1	0	0	0
4085	0	0	1	0
4086	0	0	1	0
4087	1	0	0	0
4088	1	0	0	0
4089	0	0	0	1
4090	0	0	0	1
4091	0	0	0	1
4092	0	0	1	0
4093	0	0	1	0
4094	1	0	0	0
4095	1	0	0	0
4096	0	0	0	1
4097	0	0	0	2
4098	0	2	0	0
4099	0	2	0	0
4100	0	2	0	0
4101	0	0	0	2
4102	2	0	0	0
4103	0	2	0	0
4104	2	0	0	0
4105	2	0	0	0
4106	0	0	0	2
4107	0	2	0	0
4108	0	2	0	0
4109	0	2	0	0
4110	0	2	0	0
4111	2	0	0	0
4112	2	0	0	0
4113	2	0	0	0
4114	0	0	2	0
4115	0	0	0	2
4116	0	2	0	0
4117	2	0	0	0
4118	0	0	2	0
4119	0	0	2	0
4120	0	0	2	0
4121	2	0	0	0
4122	0	0	2	0
4123	0	0	0	2
4124	2	0	0	0
4125	0	0	2	0
4126	0	0	0	2
4127	2	0	0	0
4128	0	0	2	0
4129	2	0	0	0
4130	2	0	0	0
4131	0	0	0	2
4132	0	2	0	0
4133	0	2	0	0
4134	2	0	0	0
4135	0	0	0	2
4136	0	0	2	0
4137	2	0	0	0
4138	2	0	0	0
4139	0	0	0	2
4140	2	0	0	0
4141	2	0	0	0
4142	2	0	0	0
4143	0	0	2	0
4144	2	0	0	0
4145	2	0	0	0
4146	0	0	0	2
4147	0	0	0	2
4148	2	0	0	0
4149	2	0	0	0
4150	2	0	0	0
4151	0	0	2	0
4152	2	0	0	0
4153	2	0	0	0
4154	2	0	0	0
4155	2	0	0	0
4156	0	0	0	2
4157	0	1	0	1
4158	2	0	0	0
4159	0	0	0	2
4160	2	0	0	0
4161	1	0	1	0
4162	0	0	2	0
4163	0	0	2	0
4164	0	2	0	0
4165	1	0	0	0
8175	0	0	0	1
8176	1	0	0	0
8177	0	0	1	0
8178	1	0	0	0
8179	0	0	1	0
8180	0	1	0	0
8181	0	0	0	1
8182	1	0	0	0
8183	0	0	0	1
8184	0	1	0	0
8185	0	1	0	0
8186	0	0	0	1
8187	0	0	0	1
8188	1	0	0	0
8189	1	0	0	0
8190	0	0	0	1
8191	1	0	0	0
8192	0	0	0	1
8193	1	0	0	0
8194	0	1	0	0
8195	0	1	0	0
8196	0	0	0	1
8197	1	0	0	0
8198	0	0	1	0
8199	1	0	0	0
8200	1	0	0	0
8201	0	0	1	0
8202	1	0	0	0
8203	0	0	1	0
8204	0	0	0	1
8205	1	0	0	0
8206	1	0	0	0
8207	0	0	1	0
8208	1	0	0	0
8209	0	1	0	0
8210	1	0	0	0
8211	0	0	1	0
8212	0	0	1	0
8213	0	0	1	0
8214	1	0	0	0
8215	0	0	0	1
8216	0	0	0	1
8217	0	0	0	1
8218	0	0	1	0
8219	1	0	0	0
8220	1	0	0	0
8221	0	0	1	0
8222	0	1	0	0
8223	1	0	0	0
8224	0	0	1	0
8225	0	1	0	0
8226	0	0	0	1
8227	0	0	0	1
8228	0	0	0	1
8229	0	0	1	0
8230	0	1	0	0
8231	1	0	0	0
8232	1	0	0	0
8233	0	0	0	1
8234	1	0	0	0
8235	1	0	0	0
8236	1	0	0	0
8237	1	0	0	0
8238	0	0	0	1
8239	0	0	1	0
8240	0	0	1	0
8241	0	0	1	0
8242	0	0	1	0
8243	0	0	1	0
8244	0	0	1	0
8245	0	1	0	0
8246	1	0	0	0
8247	1	0	0	0
8273	0	0	0	1
8274	0	0	1	0
8275	0	0	1	0
8276	0	1	0	0
8277	0	1	0	0
8278	0	0	0	1
8279	0	0	1	0
8280	0	1	0	0
8281	0	0	0	1
8282	0	0	1	0
8283	0	0	0	1
8284	1	0	0	0
8285	1	0	0	0
8286	0	0	1	0
8287	1	0	0	0
8288	0	0	1	0
8289	1	0	0	0
8290	1	0	0	0
8291	1	0	0	0
8292	0	0	1	0
8293	1	0	0	0
8294	1	0	0	0
8295	0	0	0	1
8296	1	0	0	0
8297	1	0	0	0
8298	0	0	1	0
8299	1	0	0	0
8300	1	0	0	0
8301	0	0	1	0
8302	1	0	0	0
8303	1	0	0	0
8304	0	1	0	0
8305	0	0	0	1
8306	1	0	0	0
8307	0	0	1	0
8308	0	0	1	0
8309	0	1	0	0
8310	0	1	0	0
8311	1	0	0	0
8312	0	0	1	0
8313	0	1	0	0
8314	1	0	0	0
8315	0	0	1	0
8316	0	1	0	0
8317	1	0	0	0
8318	0	0	1	0
8319	1	0	0	0
8320	0	0	1	0
8321	0	0	1	0
8322	0	0	1	0
8323	1	0	0	0
