	A	C	G	T
153	0	1	0	0
154	0	0	0	1
155	0	1	0	0
156	0	0	1	0
157	1	0	0	0
158	0	1	0	0
159	0	0	1	0
160	0	1	0	0
161	1	0	0	0
162	0	0	1	0
163	0	0	1	0
164	1	0	0	0
165	0	1	0	0
166	0	0	0	1
167	0	1	0	0
168	0	0	1	0
169	0	0	1	0
170	0	1	0	0
171	0	0	0	1
172	0	0	0	1
173	0	0	1	0
174	0	0	0	0
175	0	0	0	1
176	0	0	1	0
177	1	0	0	0
178	1	0	0	0
179	0	0	1	0
180	0	0	0	1
181	0	0	1	0
182	0	1	0	0
183	1	0	0	0
184	0	1	0	0
185	1	0	0	0
186	0	1	0	0
187	0	0	1	0
188	0	0	1	0
189	0	1	0	0
190	1	0	0	0
191	1	0	0	0
192	0	0	1	0
193	1	0	0	0
194	0	0	1	0
195	0	0	1	0
196	0	1	0	0
197	0	0	1	0
198	1	0	0	0
199	0	0	1	0
200	1	0	0	0
201	0	0	1	0
202	0	1	0	0
203	0	0	1	0
204	0	0	1	0
205	0	1	0	0
206	0	0	1	0
207	0	0	1	0
208	0	1	0	0
209	0	0	0	1
210	0	0	1	0
211	0	0	1	0
212	0	0	0	1
213	0	0	1	0
214	1	0	0	0
215	0	0	1	0
216	0	0	0	1
217	1	0	0	0
218	0	1	0	0
219	0	0	1	0
220	0	1	0	0
221	0	1	0	0
222	1	0	0	0
223	1	0	0	0
256	0	0	1	0
257	1	0	0	0
258	0	0	1	0
259	1	0	0	0
260	0	0	0	1
261	0	0	1	0
262	0	0	1	0
263	0	0	1	0
264	0	0	0	1
265	0	0	1	0
266	0	1	0	0
267	0	0	1	0
268	1	0	0	0
269	0	0	1	0
270	1	0	0	0
271	0	0	1	0
272	0	1	0	0
273	0	0	1	0
274	0	0	0	1
275	0	1	0	0
276	1	0	0	0
277	1	0	0	0
278	0	0	0	1
279	1	0	0	0
280	0	0	0	1
281	0	0	0	1
282	1	0	0	0
283	0	0	0	0
284	0	0	1	0
285	1	0	0	0
286	0	0	1	0
287	0	0	1	0
288	0	0	1	0
289	0	0	1	0
290	1	0	0	0
291	1	0	0	0
292	1	0	0	0
293	1	0	0	0
294	1	0	0	0
295	0	0	0	2
296	0	0	0	2
297	2	0	0	0
298	0	0	2	0
299	2	0	0	0
300	0	0	0	2
301	2	0	0	0
302	0	0	2	0
303	2	0	0	0
304	0	0	0	2
305	0	0	2	0
306	0	0	2	0
307	0	0	1	0
308	2	0	0	0
309	2	0	0	0
310	2	0	0	0
311	0	0	1	0
312	2	0	0	0
313	2	0	0	0
314	0	0	0	2
315	0	0	0	2
316	1	1	0	0
317	0	0	2	0
318	0	1	1	0
319	0	0	0	3
320	0	0	0	3
321	3	0	0	0
322	3	0	0	0
323	0	0	3	0
324	0	0	3	0
325	0	3	0	0
326	0	3	0	0
327	2	0	0	0
328	0	0	3	0
329	0	0	1	0
330	0	0	2	0
331	0	0	2	0
332	0	0	1	0
333	1	0	1	0
334	2	0	0	0
335	1	0	1	0
336	0	0	1	0
337	2	0	0	0
338	2	0	0	0
339	1	0	0	0
340	0	1	0	0
341	0	0	2	0
342	0	1	0	0
343	0	0	0	2
344	2	0	0	0
345	0	0	0	2
346	2	0	0	0
347	1	0	1	0
348	0	0	1	0
349	0	0	0	1
350	0	0	0	2
351	2	0	0	0
352	2	0	0	0
353	2	0	0	0
354	2	0	0	0
355	0	2	0	0
356	2	0	0	0
357	0	1	0	1
358	2	0	0	0
359	0	0	0	2
360	2	0	0	0
361	0	0	2	0
362	0	0	0	2
363	2	0	0	0
364	0	0	0	2
365	0	0	2	0
366	0	0	1	0
367	0	0	2	0
368	0	2	0	0
369	2	0	0	0
370	1	0	0	0
371	0	0	1	0
372	0	1	0	0
373	1	0	0	0
374	0	0	1	0
375	0	0	1	0
376	0	0	1	0
377	1	0	0	0
378	0	0	1	0
379	0	2	0	0
380	0	0	0	2
381	0	0	2	0
382	0	0	2	0
383	2	0	0	0
384	2	0	0	0
385	2	0	0	0
386	0	0	2	0
387	2	0	0	0
388	0	0	0	2
389	0	0	0	1
390	0	0	0	1
391	0	0	0	0
392	0	1	0	0
393	1	0	0	0
394	0	0	0	0
395	0	0	0	1
396	0	0	0	1
397	1	0	0	0
398	0	0	0	0
399	0	0	0	0
400	0	1	0	0
401	0	1	0	0
402	0	0	0	1
403	0	0	1	0
404	0	0	0	0
405	0	1	0	0
406	0	1	0	0
407	0	0	0	1
408	0	0	0	1
409	0	0	0	1
410	0	0	0	1
411	1	0	0	0
412	0	0	1	0
413	1	0	0	0
414	1	0	0	0
415	1	0	0	0
416	0	1	0	0
417	1	0	0	0
418	0	0	0	1
419	0	1	0	0
420	1	0	0	0
421	0	0	1	0
422	1	0	0	0
423	1	0	0	0
424	0	0	1	0
425	0	0	1	0
426	0	0	0	0
427	0	0	0	1
428	0	0	2	0
429	0	0	0	2
430	2	0	0	0
431	2	0	0	0
432	2	0	0	0
433	0	2	0	0
434	2	0	0	0
435	2	0	0	0
436	2	0	0	0
437	0	0	0	2
438	2	0	0	0
439	2	0	0	0
440	0	0	0	2
441	0	0	2	0
442	2	0	0	0
443	2	0	0	0
444	0	0	0	2
445	0	4	0	0
446	4	0	0	0
447	0	0	4	0
448	0	4	0	0
449	0	0	0	4
450	4	0	0	0
451	0	3	0	0
452	3	0	0	0
453	3	0	0	0
454	0	3	0	0
455	0	3	0	0
456	3	0	0	0
457	0	0	3	0
458	0	3	0	0
459	0	0	0	3
460	0	2	0	1
461	0	0	0	3
462	0	2	0	1
463	0	4	0	0
464	4	0	0	0
465	0	0	4	0
466	4	0	0	0
467	0	4	0	0
468	4	0	0	0
469	0	0	4	0
470	0	0	4	0
471	4	0	0	0
472	4	0	0	0
473	0	4	0	0
474	4	0	0	0
475	0	0	4	0
476	4	0	0	0
477	0	0	4	0
478	0	0	4	0
479	4	0	0	0
480	4	0	0	0
481	3	1	0	0
482	0	0	0	4
483	0	0	0	4
484	3	0	0	0
485	4	0	0	0
486	4	0	0	0
487	0	0	0	4
488	0	4	0	0
489	3	0	0	0
490	0	0	0	4
491	0	0	0	4
492	0	0	3	0
493	0	0	0	4
494	0	0	0	4
495	0	5	0	0
496	5	0	0	0
497	5	0	0	0
498	0	5	0	0
499	5	0	0	0
500	0	5	0	0
501	4	0	0	0
502	0	0	4	0
503	0	0	0	5
504	5	0	0	0
505	0	0	6	0
506	0	6	0	0
507	6	0	0	0
508	5	0	0	0
509	0	6	0	0
510	0	0	0	6
511	0	6	0	0
512	0	0	0	6
513	0	6	0	0
514	0	0	0	5
515	6	0	0	0
516	0	0	0	6
517	0	0	0	5
518	0	0	6	0
519	0	0	0	6
520	0	0	6	0
521	0	0	0	7
522	7	0	0	0
523	0	7	0	0
524	7	0	0	0
525	0	0	0	7
526	3	2	2	0
527	6	0	0	0
528	7	0	0	0
529	7	0	0	0
530	7	0	0	0
531	2	0	5	0
532	6	0	0	0
533	0	0	0	7
534	7	0	0	0
535	0	0	7	0
536	7	0	0	0
537	0	0	0	6
538	3	0	4	0
539	0	0	0	6
540	6	0	0	0
541	0	7	0	0
542	0	0	7	0
543	6	0	0	0
544	0	0	7	0
545	7	0	0	0
546	0	6	0	0
547	6	0	0	0
548	0	5	0	0
549	0	5	0	0
550	5	0	0	0
551	4	0	0	0
552	0	0	5	0
553	0	0	5	0
554	5	0	0	0
555	5	0	0	0
556	0	0	5	0
557	0	5	0	0
558	0	5	0	0
559	0	0	0	4
560	0	0	0	4
561	5	0	0	0
562	0	0	4	0
563	5	0	0	0
564	0	5	0	0
565	5	0	0	0
566	3	0	0	0
567	0	0	3	0
568	2	0	0	0
569	0	0	0	2
570	1	0	0	0
571	0	0	2	0
572	2	0	0	0
573	0	0	2	0
574	0	0	2	0
575	2	0	0	0
576	2	0	0	0
577	0	0	2	0
578	2	0	0	0
579	1	0	0	0
580	0	1	0	0
581	1	0	0	0
582	1	0	0	0
583	0	1	0	0
584	1	0	0	0
585	1	0	0	0
586	1	0	0	0
587	1	0	0	0
588	1	0	0	0
589	1	0	0	0
597	1	0	0	0
598	1	0	0	0
599	1	0	0	0
600	1	0	0	0
601	1	0	0	0
602	0	1	0	0
603	1	0	0	0
604	0	1	0	0
605	1	0	0	0
606	0	0	1	0
607	0	0	0	0
608	1	0	0	0
609	0	0	1	0
610	0	0	1	0
611	0	1	0	0
612	1	0	0	0
613	1	0	0	0
614	1	0	0	0
615	0	0	0	1
616	0	0	1	0
617	0	1	0	0
618	0	0	1	0
619	0	0	1	0
620	0	0	0	0
621	0	0	0	1
622	0	0	1	0
623	1	0	0	0
624	0	1	0	0
625	0	0	1	0
626	0	0	1	0
627	1	0	0	0
628	1	0	0	0
629	1	0	0	0
630	1	0	0	0
631	0	0	1	0
632	0	0	0	1
633	0	1	0	0
634	1	0	0	0
635	0	0	1	0
636	0	0	0	1
637	0	1	0	0
638	0	0	0	0
639	1	0	0	0
640	1	0	0	0
641	1	0	0	0
642	0	0	0	1
643	0	0	0	1
644	1	0	0	0
645	0	0	0	1
646	0	1	0	0
647	0	1	0	0
648	0	0	0	1
649	1	0	0	0
650	0	0	0	1
651	1	0	0	0
652	0	0	1	0
653	0	0	0	0
654	0	0	1	0
655	0	1	0	0
656	1	0	0	0
657	0	0	1	0
658	1	0	0	0
659	1	0	0	0
660	0	0	0	1
661	0	1	0	0
662	0	0	0	1
663	0	0	0	1
664	0	1	0	0
665	1	0	0	0
666	1	0	0	0
667	0	0	1	0
668	0	0	1	0
669	0	0	1	0
670	0	1	0	0
708	0	0	0	1
709	0	0	1	0
710	0	1	0	0
711	1	0	0	0
712	0	0	0	1
713	0	0	1	0
714	0	0	0	0
715	0	0	1	0
716	0	0	0	1
717	1	0	0	0
718	1	0	0	0
719	1	0	0	0
720	1	0	0	0
721	0	0	1	0
722	0	0	0	1
723	1	0	0	0
724	0	0	1	0
725	0	0	0	1
726	1	0	0	0
727	0	0	1	0
728	1	0	0	0
729	0	0	1	0
730	0	0	1	0
731	1	0	0	0
732	0	0	1	0
733	1	0	0	0
734	1	0	0	0
735	0	0	0	0
736	1	0	0	0
737	1	0	0	0
738	0	0	0	1
739	0	0	0	0
740	0	0	0	1
741	0	1	0	0
742	1	0	0	0
743	0	0	1	0
744	0	1	0	0
745	0	1	0	0
746	0	1	0	0
747	1	0	0	0
748	0	0	1	0
749	1	0	0	0
750	0	0	1	0
751	0	0	1	0
752	0	0	0	1
753	1	0	0	0
754	1	0	0	0
755	0	0	0	1
756	1	0	0	0
757	0	0	0	0
758	0	1	0	0
759	0	1	0	0
760	1	0	0	0
761	0	0	0	1
762	0	0	1	0
763	0	0	0	1
764	0	0	0	1
765	0	0	0	1
766	1	0	0	0
767	0	1	0	0
768	1	0	0	0
769	0	0	0	0
770	0	1	0	0
771	1	0	0	0
772	0	0	0	1
773	0	0	0	1
774	1	0	0	0
775	0	0	0	1
776	0	1	0	0
777	1	0	0	0
778	0	0	0	0
779	1	0	0	0
862	1	0	0	0
863	0	0	0	1
864	0	1	0	0
865	1	0	0	0
866	1	0	0	0
867	0	0	0	1
868	0	0	1	0
869	1	0	0	0
870	1	0	0	0
871	0	0	1	0
872	1	0	0	0
873	0	0	2	0
874	0	0	2	0
875	0	2	0	0
876	0	0	0	2
877	0	0	2	0
878	0	2	0	0
879	2	0	0	0
880	0	0	2	0
881	2	0	0	0
882	2	0	0	0
883	0	0	0	2
884	0	0	2	0
885	0	0	2	0
886	0	0	2	0
887	2	0	0	0
888	0	0	0	2
889	2	0	0	0
890	0	0	2	0
891	1	0	1	0
892	0	0	0	2
893	0	0	0	2
894	2	0	0	0
895	0	2	0	0
896	2	0	0	0
897	0	0	0	1
898	0	2	0	0
899	0	2	0	0
900	2	0	0	0
901	0	0	2	0
902	0	0	0	2
903	1	0	1	0
904	0	2	0	0
905	2	0	0	0
906	0	0	0	2
907	0	0	3	0
908	0	3	0	0
909	2	0	1	0
910	0	0	3	0
911	0	0	3	0
912	0	0	3	0
913	0	3	0	0
914	0	3	0	0
915	0	0	0	3
916	3	0	0	0
917	1	0	0	2
918	0	0	0	3
919	0	0	3	0
920	0	3	0	0
921	3	0	0	0
922	0	3	0	0
923	0	3	0	0
924	3	0	0	0
925	0	0	3	0
926	0	0	3	0
927	0	3	0	0
928	0	3	0	0
929	3	0	0	0
930	2	0	0	0
931	1	1	0	0
932	0	0	0	2
933	0	0	2	0
934	2	0	0	0
935	0	0	2	0
936	2	0	0	0
937	0	0	2	0
938	2	0	0	0
939	1	0	0	0
940	0	1	0	0
941	0	2	0	0
942	1	0	0	0
943	2	0	0	0
944	0	0	1	0
945	0	0	1	0
946	0	0	1	0
947	0	0	1	0
948	1	0	0	0
949	0	0	0	0
950	0	0	1	0
951	0	0	0	1
952	0	0	1	0
953	1	0	0	0
954	0	0	0	1
955	1	0	0	0
956	0	0	0	1
957	1	0	0	0
958	0	0	1	0
959	0	1	0	0
960	1	0	0	0
961	0	0	1	0
962	0	0	1	0
963	0	0	1	0
964	1	0	0	0
965	0	1	0	0
966	0	0	0	1
967	0	0	0	0
968	0	1	0	0
969	0	0	0	1
970	0	0	0	0
971	0	0	1	0
972	0	0	0	1
973	1	0	0	0
974	0	0	0	0
975	0	1	0	0
976	0	1	0	0
977	0	0	0	1
978	0	0	0	1
979	0	1	0	0
980	1	0	0	0
981	0	0	1	0
982	0	0	1	0
983	1	0	0	0
984	1	0	0	0
985	0	1	0	0
986	1	0	0	0
987	1	0	0	0
1018	0	1	0	0
1019	0	1	0	0
1020	1	0	0	0
1021	0	0	1	0
1022	0	0	0	1
1023	0	0	1	0
1024	0	0	1	0
1025	0	0	1	0
1026	1	0	0	0
1027	0	0	1	0
1028	1	0	0	0
1029	1	0	0	0
1030	1	0	0	0
1031	0	0	0	1
1032	0	0	0	1
1033	0	0	0	1
1034	1	0	0	0
1035	0	0	0	1
1036	1	0	0	0
1037	1	0	0	0
1038	0	0	0	0
1039	1	0	0	0
1040	0	0	1	0
1041	1	0	0	0
1042	0	0	0	1
1043	0	0	1	0
1044	0	0	1	0
1045	1	0	0	0
1046	0	0	0	1
1047	1	0	0	0
1048	0	0	1	0
1049	0	0	0	1
1050	0	0	0	1
1051	0	1	0	0
1052	0	0	0	1
1053	1	0	0	0
1054	0	0	1	0
1055	0	0	1	0
1056	0	0	1	0
1057	0	0	0	1
1058	0	0	0	1
1059	1	0	0	0
1060	1	0	0	0
1061	1	0	0	0
1062	0	0	0	1
1063	1	0	0	0
1064	1	0	0	0
1065	1	0	0	0
1066	1	0	0	0
1067	0	0	0	1
1068	1	0	0	0
1069	0	0	1	0
1070	0	0	0	1
1071	0	0	1	0
1072	1	0	0	0
1073	0	0	1	0
1074	1	0	0	0
1075	1	0	0	0
1076	0	0	0	1
1077	0	0	1	0
1078	0	0	0	1
1079	1	0	0	0
1080	0	0	0	1
1081	1	0	0	0
1082	0	0	1	0
1083	0	1	0	0
1084	0	1	0	0
1085	0	1	0	0
1086	0	0	0	1
1087	0	0	1	0
1088	0	0	0	1
1089	0	1	0	0
1102	1	0	0	0
1103	0	0	0	1
1104	1	0	0	0
1105	1	0	0	0
1106	0	0	1	0
1107	1	0	0	0
1108	0	1	0	0
1109	1	0	0	0
1110	1	0	0	0
1111	0	0	1	0
1112	0	0	1	0
1113	0	0	1	0
1114	0	1	0	0
1115	0	1	0	0
1116	1	0	0	0
1117	1	0	0	0
1118	1	0	0	0
1119	0	0	1	0
1120	0	0	1	0
1121	1	0	0	0
1122	1	0	0	0
1123	0	1	0	0
1124	0	1	0	0
1125	0	1	0	0
1126	0	0	0	1
1127	0	0	0	1
1128	0	0	0	1
1129	1	0	0	0
1130	0	0	1	0
1131	1	0	0	0
1132	0	0	1	0
1133	1	0	0	0
1134	0	1	0	0
1135	0	0	0	1
1136	1	0	0	0
1137	0	0	0	1
1138	0	0	1	0
1139	0	0	0	1
1140	1	0	0	0
1141	0	0	1	0
1142	1	0	0	0
1143	0	0	0	1
1144	0	1	0	0
1145	0	0	1	0
1146	0	0	1	0
1147	0	0	0	1
1148	0	0	0	1
1149	0	1	0	0
1150	0	0	0	1
1151	0	0	0	1
1152	0	0	0	1
1153	1	0	0	0
1154	1	0	0	0
1155	1	0	0	0
1156	1	0	0	0
1157	0	1	0	0
1158	0	0	0	1
1159	0	0	0	1
1160	0	0	0	1
1161	1	0	0	0
1162	1	0	0	0
1163	0	0	1	0
1164	1	0	0	0
1165	0	0	1	0
1166	0	1	0	0
1167	0	0	0	1
1168	0	0	1	0
1169	1	0	0	0
1170	1	0	0	0
1171	0	1	0	0
1172	1	0	0	0
1173	1	0	0	0
1211	0	0	0	1
1212	0	0	1	0
1213	0	0	0	1
1214	0	0	0	1
1215	0	0	1	0
1216	0	0	1	0
1217	0	0	0	1
1218	0	1	0	0
1219	0	1	0	0
1220	1	0	0	0
1221	1	0	0	0
1222	1	0	0	0
1223	1	0	0	0
1224	0	0	0	1
1225	0	0	1	0
1226	0	1	0	0
1227	0	0	1	0
1228	1	0	0	0
1229	1	0	0	0
1230	0	2	0	0
1231	0	2	0	0
1232	0	2	0	0
1233	2	0	0	0
1234	0	0	2	0
1235	2	0	0	0
1236	0	0	0	2
1237	0	0	0	2
1238	0	0	2	0
1239	0	0	0	2
1240	2	0	0	0
1241	2	0	0	0
1242	0	0	2	0
1243	2	0	0	0
1244	0	2	0	0
1245	0	2	0	0
1246	2	0	0	0
1247	0	0	0	2
1248	0	0	0	2
1249	0	0	0	2
1250	0	0	0	2
1251	2	0	0	0
1252	2	0	0	0
1253	0	0	2	0
1254	2	0	0	0
1255	0	0	2	0
1256	0	2	0	0
1257	2	0	0	0
1258	0	0	0	2
1259	0	0	0	2
1260	2	0	0	0
1261	0	0	3	0
1262	0	0	3	0
1263	3	0	0	0
1264	0	3	0	0
1265	0	3	0	0
1266	3	0	0	0
1267	0	0	3	0
1268	0	0	3	0
1269	0	0	3	0
1270	0	0	3	0
1271	0	3	0	0
1272	0	0	0	3
1273	0	0	0	3
1274	0	3	0	0
1275	3	0	0	0
1276	0	0	0	3
1277	0	0	0	3
1278	3	0	0	0
1279	0	0	3	0
1280	3	0	0	0
1281	3	0	0	0
1282	0	0	3	0
1283	3	0	0	0
1284	3	0	0	0
1285	3	0	0	0
1286	0	0	0	3
1287	0	0	3	0
1288	3	0	0	0
1289	0	0	0	3
1290	0	0	3	0
1291	3	0	0	0
1292	0	3	0	0
1293	3	0	0	0
1294	0	0	3	0
1295	0	3	0	0
1296	3	0	0	0
1297	0	0	0	3
1298	0	0	3	0
1299	0	0	0	2
1300	0	2	0	0
1301	2	0	0	0
1302	0	0	2	0
1303	0	0	2	0
1304	0	0	2	0
1305	2	0	0	0
1306	0	0	2	0
1307	0	0	0	2
1308	0	0	2	0
1309	0	0	3	0
1310	0	0	3	0
1311	3	0	0	0
1312	0	0	3	0
1313	0	0	3	0
1314	3	0	0	0
1315	0	3	0	0
1316	0	3	0	0
1317	0	1	0	2
1318	1	0	2	0
1319	0	0	4	0
1320	0	4	0	0
1321	0	4	0	0
1322	4	0	0	0
1323	0	4	0	0
1324	4	0	0	0
1325	4	0	0	0
1326	4	0	0	0
1327	0	0	4	0
1328	0	4	0	0
1329	4	0	0	0
1330	4	0	0	0
1331	0	0	3	0
1332	3	0	0	0
1333	0	0	2	0
1334	0	0	0	2
1335	0	0	2	0
1336	0	0	0	2
1337	0	0	0	2
1338	0	0	2	0
1339	0	0	2	0
1340	0	2	0	0
1341	0	0	0	2
1342	0	0	2	0
1343	2	0	0	0
1344	0	0	3	0
1345	0	0	3	0
1346	0	3	0	0
1347	3	0	0	0
1348	3	0	0	0
1349	0	0	0	3
1350	0	0	3	0
1351	3	0	0	0
1352	0	0	3	0
1353	0	3	0	0
1354	0	3	0	0
1355	3	0	0	0
1356	3	0	0	0
1357	2	0	1	0
1358	0	3	0	0
1359	3	0	0	0
1360	3	0	0	0
1361	3	0	0	0
1362	0	2	0	0
1363	2	0	0	0
1364	1	0	1	0
1365	0	0	0	2
1366	1	0	1	0
1367	0	0	0	2
1368	2	0	0	0
1369	2	0	0	0
1370	1	0	1	0
1371	1	1	0	0
1372	2	0	0	0
1373	0	0	0	2
1374	2	0	0	0
1375	2	0	0	0
1376	0	0	0	2
1377	0	0	2	0
1378	2	0	0	0
1379	0	0	0	2
1380	0	0	2	0
1381	0	2	0	0
1382	2	0	0	0
1383	0	0	2	0
1384	1	0	0	0
1385	1	0	0	0
1386	1	0	0	0
1387	1	0	0	0
1388	0	0	1	0
1389	0	1	0	0
1390	1	0	0	0
1391	1	0	0	0
1392	0	0	0	1
1393	0	0	0	1
1394	0	0	0	1
1395	0	0	0	1
1396	1	0	0	0
1397	1	0	0	0
1398	1	0	0	0
1399	0	0	1	0
1400	0	0	1	0
1401	0	1	0	0
1402	0	1	0	0
1403	0	1	0	0
1404	0	0	0	1
1405	1	0	0	0
1406	0	0	1	0
1407	1	0	0	0
1408	1	0	0	0
1409	0	0	1	0
1410	1	0	0	0
1411	1	0	0	0
1412	0	0	0	1
1413	0	0	0	0
1422	0	0	0	1
1423	0	0	0	1
1424	0	0	0	1
1425	0	0	0	1
1426	1	0	0	0
1427	1	0	0	0
1428	0	1	0	0
1429	0	0	0	1
1430	0	0	1	0
1431	0	0	0	1
1432	0	0	1	0
1433	0	0	1	0
1434	0	1	0	0
1435	1	0	0	0
1436	1	0	0	0
1437	0	0	1	0
1438	0	0	1	0
1439	1	0	0	0
1440	1	0	0	0
1441	0	0	1	0
1442	0	0	1	0
1443	0	0	1	0
1444	0	1	0	0
1445	1	0	0	0
1446	0	1	0	0
1447	0	1	0	0
1448	0	0	0	1
1449	1	0	0	0
1450	0	0	1	0
1451	0	1	0	0
1452	0	1	0	0
1453	1	0	0	0
1454	0	0	1	0
1455	1	0	0	0
1456	1	0	0	0
1457	1	0	0	0
1458	0	0	0	1
1459	0	0	0	1
1460	0	0	1	0
1461	0	1	0	0
1462	2	0	0	0
1463	0	0	2	0
1464	1	0	1	0
1465	0	0	2	0
1466	0	1	0	0
1467	0	2	0	0
1468	0	2	0	0
1469	0	2	0	0
1470	0	0	0	2
1471	2	0	0	0
1472	0	0	2	0
1473	0	0	2	0
1474	2	0	0	0
1475	2	0	0	0
1476	2	0	0	0
1477	2	0	0	0
1478	0	0	2	0
1479	0	0	2	0
1480	0	0	2	0
1481	0	0	2	0
1482	0	2	0	0
1483	0	0	0	2
1484	0	0	2	0
1485	0	0	0	2
1486	0	0	0	2
1487	0	0	2	0
1488	0	0	2	0
1489	2	0	0	0
1490	2	0	0	0
1491	2	0	0	0
1492	0	0	0	2
1493	0	0	2	0
1494	0	0	0	1
1495	0	0	1	0
1496	0	0	1	0
1497	1	0	0	0
1498	1	0	0	0
1499	1	0	0	0
1500	0	0	1	0
1501	0	0	1	0
1502	1	0	0	0
1503	1	0	0	0
1504	0	0	1	0
1505	0	0	1	0
1506	1	0	0	0
1507	0	1	0	0
1508	1	0	0	0
1509	0	1	0	0
1510	0	1	0	0
1511	1	0	0	0
1512	1	0	0	0
1513	1	0	0	0
1514	0	0	0	1
1515	0	0	1	0
1516	1	0	0	0
1517	1	0	0	0
1518	1	0	0	0
1519	0	0	1	0
1520	1	0	0	0
1521	0	1	0	0
1522	0	0	0	1
1523	0	0	1	0
1524	0	0	0	1
1549	0	0	2	0
1550	0	0	2	0
1551	0	0	2	0
1552	2	0	0	0
1553	1	0	0	0
1554	2	0	0	0
1555	1	0	0	0
1556	0	0	0	2
1557	0	0	0	2
1558	0	0	0	2
1559	0	0	2	0
1560	0	0	2	0
1561	0	2	0	0
1562	0	2	0	0
1563	0	0	0	2
1564	0	0	0	2
1565	0	2	0	0
1566	0	2	0	0
1567	0	2	0	0
1568	2	0	0	0
1569	0	2	0	0
1570	2	0	0	0
1571	2	0	0	0
1572	0	0	2	0
1573	0	0	2	0
1574	0	0	2	0
1575	0	0	2	0
1576	2	0	0	0
1577	0	0	2	0
1578	0	0	2	0
1579	0	2	0	0
1580	0	2	0	0
1581	2	0	0	0
1582	0	0	2	0
1583	0	0	2	0
1584	1	0	1	0
1585	2	0	0	0
1586	1	0	0	0
1587	0	0	0	2
1588	0	0	0	2
1589	0	0	0	2
1590	0	2	0	0
1591	0	2	0	0
1592	0	0	0	2
1593	0	0	0	2
1594	0	2	0	0
1595	2	0	0	0
1596	0	0	2	0
1597	2	0	0	0
1598	2	0	0	0
1599	0	2	0	0
1600	2	0	0	0
1601	0	0	2	0
1602	1	0	0	0
1603	0	2	0	0
1604	0	2	0	0
1605	2	0	0	0
1606	0	0	2	0
1607	2	0	0	0
1608	0	0	2	0
1609	0	2	0	0
1610	0	2	0	0
1611	2	0	0	0
1612	2	0	0	0
1613	0	2	0	0
1614	2	0	0	0
1615	0	0	2	0
1616	0	2	0	0
1617	0	2	0	0
1618	0	1	0	0
1619	0	1	0	0
1620	1	0	0	0
1621	0	1	0	0
1622	0	1	0	0
1623	1	0	0	0
1624	0	0	1	0
1625	0	1	0	0
1626	1	0	0	0
1627	0	0	1	0
1666	0	2	0	0
1667	2	0	0	0
1668	0	0	2	0
1669	0	0	2	0
1670	2	0	0	0
1671	0	0	2	0
1672	0	2	0	0
1673	0	2	0	0
1674	0	0	2	0
1675	1	1	0	0
1676	2	0	0	0
1677	1	0	1	0
1678	0	0	2	0
1679	2	0	0	0
1680	0	2	0	0
1681	2	0	0	0
1682	0	0	2	0
1683	0	0	2	0
1684	0	0	2	0
1685	2	0	0	0
1686	2	0	0	0
1687	0	2	0	0
1688	0	2	0	0
1689	0	3	0	0
1690	0	0	0	3
1691	0	0	0	3
1692	3	0	0	0
1693	3	0	0	0
1694	0	2	0	1
1695	0	0	0	3
1696	0	0	0	3
1697	0	3	0	0
1698	0	3	0	0
1699	0	3	0	0
1700	0	0	0	3
1701	0	3	0	0
1702	3	0	0	0
1703	3	0	0	0
1704	3	0	0	0
1705	0	0	0	3
1706	0	5	0	0
1707	5	0	0	0
1708	0	5	0	0
1709	0	0	0	5
1710	0	5	0	0
1711	0	0	0	5
1712	0	0	0	5
1713	0	0	0	5
1714	0	0	5	0
1715	0	0	5	0
1716	0	5	0	0
1717	5	0	0	0
1718	4	0	1	0
1719	0	5	0	0
1720	0	0	5	0
1721	5	0	0	0
1722	0	5	0	0
1723	0	5	0	0
1724	0	5	0	0
1725	0	1	0	4
1726	0	0	0	5
1727	4	0	0	1
1728	0	0	5	0
1729	0	0	0	5
1730	0	4	0	0
1731	4	0	0	0
1732	0	4	0	0
1733	4	0	0	0
1734	4	0	0	0
1735	0	0	0	4
1736	4	0	0	0
1737	4	0	0	0
1738	4	0	0	0
1739	4	0	0	0
1740	0	0	4	0
1741	0	0	0	4
1742	4	0	0	0
1743	0	0	5	0
1744	0	0	5	0
1745	0	0	5	0
1746	0	0	5	0
1747	0	0	5	0
1748	0	5	0	0
1749	0	5	0	0
1750	5	0	0	0
1751	0	0	5	0
1752	5	0	0	0
1753	0	4	0	1
1754	5	0	0	0
1755	5	0	0	0
1756	5	0	0	0
1757	0	0	5	0
1758	0	0	5	0
1759	5	0	0	0
1760	0	0	5	0
1761	0	0	5	0
1762	0	5	0	0
1763	0	0	0	5
1764	0	5	0	0
1765	0	0	0	5
1766	0	5	0	0
1767	0	0	0	5
1768	0	0	0	5
1769	5	0	0	0
1770	0	0	5	0
1771	5	0	0	0
1772	0	1	0	4
1773	5	0	0	0
1774	0	5	0	0
1775	4	0	1	0
1776	1	0	4	0
1777	0	0	5	0
1778	5	0	0	0
1779	0	0	4	0
1780	0	4	0	0
1781	1	0	0	0
1782	0	0	1	0
1783	1	0	0	0
1784	0	0	0	1
1785	0	0	1	0
1786	1	0	0	0
1787	0	0	0	1
1788	1	0	0	0
1789	0	1	0	0
1790	1	0	0	0
1791	0	0	1	0
1792	0	0	0	1
1793	1	0	0	0
1794	0	0	0	1
1795	0	0	0	1
1796	1	0	0	0
1797	0	0	1	0
1798	1	0	0	0
1799	1	0	0	0
1800	0	0	1	0
1801	1	0	0	0
1802	1	0	0	0
1803	1	0	0	0
1804	0	0	0	1
1805	1	0	0	0
1806	1	0	0	0
1807	1	0	0	0
1808	0	0	0	1
1809	0	0	0	1
1810	0	0	0	1
1811	0	0	1	0
1812	1	0	0	0
1813	0	1	0	0
1814	1	0	0	0
1815	0	0	1	0
1816	0	0	1	0
1817	1	0	0	0
1940	0	0	0	0
1941	0	0	1	0
1942	0	0	0	1
1943	0	1	0	0
1944	1	0	0	0
1945	1	0	0	0
1946	0	0	0	1
1947	1	0	0	0
1948	0	0	0	1
1949	1	0	0	0
1950	1	0	0	0
1951	0	0	0	1
1952	0	0	0	1
1953	0	0	1	0
1954	0	0	1	0
1955	1	0	0	0
1956	1	0	0	0
1957	0	0	1	0
1958	1	0	0	0
1959	1	0	0	0
1960	1	0	0	0
1961	0	0	0	1
1962	1	0	0	0
1963	0	0	0	1
1964	0	0	2	0
1965	0	0	0	2
1966	0	0	0	2
1967	0	0	2	0
1968	2	0	0	0
1969	0	2	0	0
1970	0	0	0	2
1971	0	2	0	0
1972	2	0	0	0
1973	0	0	2	0
1974	0	2	0	0
1975	0	0	0	2
1976	0	0	0	2
1977	0	0	2	0
1978	0	0	2	0
1979	1	0	1	0
1980	0	0	0	2
1981	0	0	2	0
1982	0	2	0	0
1983	2	0	0	0
1984	0	2	0	0
1985	2	0	0	0
1986	0	2	0	0
1987	0	0	0	2
1988	2	0	0	0
1989	2	0	0	0
1990	2	0	0	0
1991	0	0	0	2
1992	0	0	0	2
1993	0	0	0	2
1994	0	0	0	2
1995	0	2	0	0
1996	0	2	0	0
1997	2	0	0	0
1998	2	0	0	0
1999	0	0	0	2
2000	0	1	0	1
2001	2	0	0	0
2002	0	0	2	0
2003	0	0	0	2
2004	0	2	0	0
2005	0	2	0	0
2006	0	1	0	1
2007	2	0	0	0
2008	0	0	0	2
2009	0	0	0	2
2010	0	0	2	0
2011	2	0	0	0
2012	2	0	0	0
2013	1	0	0	0
2014	0	1	0	0
2015	0	0	0	1
2016	0	0	1	0
2017	0	0	0	1
2018	1	0	0	0
2019	0	1	0	0
2020	0	1	0	0
2021	1	0	0	0
2022	0	0	1	0
2023	0	0	0	1
2024	1	0	0	0
2025	1	0	0	0
2026	1	0	0	0
2027	1	0	0	0
2028	0	1	0	0
2029	0	0	0	1
2030	1	0	0	0
2031	0	0	0	0
2032	1	0	0	0
2033	0	0	1	0
2051	1	0	0	0
2052	1	0	0	0
2053	1	0	0	0
2054	0	0	1	0
2055	0	0	1	0
2056	0	0	0	1
2057	0	0	0	1
2058	1	0	0	0
2059	1	0	0	0
2060	1	0	0	0
2061	0	1	0	0
2062	1	0	0	0
2063	1	0	0	0
2064	0	0	0	1
2065	0	0	1	0
2066	0	0	1	0
2067	0	1	0	0
2068	0	1	0	0
2069	1	0	0	0
2070	0	0	0	1
2071	0	0	0	1
2072	0	0	1	0
2073	1	0	0	0
2074	0	1	0	0
2075	1	0	0	0
2076	0	0	1	0
2077	1	0	0	0
2078	1	0	0	0
2079	0	0	1	0
2080	1	0	0	0
2081	0	0	1	0
2082	1	0	0	0
2083	1	0	0	0
2084	1	0	0	0
2085	1	0	0	0
2086	0	0	0	1
2087	1	0	0	0
2088	1	0	0	0
2089	1	0	0	0
2090	1	0	0	0
2091	0	0	1	0
2092	0	1	0	0
2093	1	0	0	0
2094	0	0	0	1
2095	0	0	0	1
2096	1	0	0	0
2097	1	0	0	0
2098	0	1	0	0
2099	1	0	0	0
2100	0	0	1	0
2101	1	0	0	0
2102	1	0	0	0
2103	1	0	0	0
2104	0	0	0	1
2105	1	0	0	0
2106	0	0	0	1
2107	0	0	1	0
2108	0	0	0	1
2109	0	0	1	0
2110	0	1	0	0
2111	0	0	0	1
2112	0	0	1	0
2113	1	0	0	0
2114	1	0	0	0
2115	1	0	0	0
2116	0	0	0	1
2117	0	0	1	0
2118	0	0	1	0
2119	1	0	0	0
2120	1	0	0	0
2121	1	0	0	0
2122	1	0	0	0
2123	0	0	1	0
2124	0	0	1	0
2125	1	0	0	0
2145	0	0	1	0
2146	0	0	1	0
2147	0	0	1	0
2148	0	1	0	0
2149	0	1	0	0
2150	0	0	0	1
2151	0	0	1	0
2152	1	0	0	0
2153	1	0	0	0
2154	1	0	0	0
2155	1	0	0	0
2156	0	0	0	1
2157	0	1	0	0
2158	0	1	0	0
2159	1	0	0	0
2160	0	0	0	1
2161	1	0	0	0
2162	0	0	0	1
2163	1	0	0	0
2164	1	0	0	0
2165	0	1	0	0
2166	1	0	0	0
2167	0	1	0	0
2168	0	0	0	1
2169	0	1	0	0
2170	0	1	0	0
2171	1	0	0	0
2172	1	0	0	0
2173	0	0	0	1
2174	1	0	0	0
2175	0	0	0	1
2176	0	0	0	1
2177	0	0	0	0
2178	0	0	1	0
2179	0	1	0	0
2180	0	0	0	1
2181	1	0	0	0
2182	0	0	0	1
2183	0	0	0	0
2184	1	0	0	0
2185	1	0	0	0
2186	1	0	0	0
2187	1	0	0	0
2188	1	0	0	0
2189	0	0	1	0
2190	1	0	0	0
2191	1	0	0	0
2192	0	0	1	0
2193	0	0	1	0
2194	1	0	0	0
2195	0	1	0	0
2196	1	0	0	0
2197	0	0	1	0
2198	0	0	0	1
2199	1	0	0	0
2200	0	1	0	0
2201	0	0	0	1
2202	1	0	0	0
2203	1	0	0	0
2204	1	0	0	0
2205	0	0	0	0
2206	0	0	1	0
2207	0	0	1	0
2208	1	0	0	0
2209	0	0	1	0
2210	1	0	0	0
2211	1	0	0	0
2212	1	0	0	0
2213	1	0	0	0
2214	0	0	0	1
2215	0	0	0	1
2216	1	0	0	0
2310	0	0	1	0
2311	0	0	0	1
2312	0	0	1	0
2313	1	0	0	0
2314	0	1	0	0
2315	1	0	0	0
2316	0	0	1	0
2317	0	0	0	2
2318	2	0	0	0
2319	0	1	0	1
2320	0	0	0	2
2321	1	0	1	0
2322	0	0	2	0
2323	2	0	0	0
2324	0	0	0	2
2325	0	0	2	0
2326	0	0	0	2
2327	0	0	2	0
2328	0	0	2	0
2329	0	0	2	0
2330	0	0	2	0
2331	0	0	2	0
2332	2	0	0	0
2333	0	0	0	2
2334	0	0	2	0
2335	0	2	0	0
2336	2	0	0	0
2337	0	0	0	2
2338	2	0	0	0
2339	0	0	0	2
2340	0	0	0	2
2341	0	0	0	2
2342	0	0	0	2
2343	0	0	0	2
2344	0	2	0	0
2345	1	0	1	0
2346	0	0	2	0
2347	0	0	0	2
2348	0	1	0	1
2349	0	2	0	0
2350	0	2	0	0
2351	0	0	0	2
2352	0	0	0	2
2353	0	0	0	2
2354	1	0	1	0
2355	0	0	2	0
2356	2	0	0	0
2357	0	0	0	2
2358	0	0	2	0
2359	2	0	0	0
2360	2	0	0	0
2361	1	0	1	0
2362	0	0	2	0
2363	0	2	0	0
2364	0	0	0	2
2365	0	0	0	2
2366	0	2	0	0
2367	2	0	0	0
2368	0	0	2	0
2369	0	0	2	0
2370	2	0	0	0
2371	2	0	0	0
2372	2	0	0	0
2373	0	0	0	2
2374	2	0	0	0
2375	0	0	0	2
2376	2	0	0	0
2377	0	2	0	0
2378	0	0	0	2
2379	0	0	2	0
2380	0	3	0	0
2381	3	0	0	0
2382	0	0	0	2
2383	0	0	0	2
2384	0	2	0	0
2385	2	0	0	0
2386	0	2	0	0
2387	0	2	0	0
2388	2	0	0	0
2389	0	0	0	2
2390	2	0	0	0
2391	0	1	0	0
2392	0	1	0	0
2393	0	0	0	1
2394	1	0	0	0
2395	0	0	1	0
2396	0	0	0	1
2397	1	0	0	0
2398	0	0	0	1
2399	1	0	0	0
2400	1	0	0	0
2401	1	0	0	0
2402	0	1	0	0
2403	1	0	0	0
2404	1	0	0	0
2405	0	0	0	1
2406	0	0	1	0
2407	1	0	0	0
2408	1	0	0	0
2409	1	0	0	0
2410	0	1	0	0
2411	1	0	0	0
2412	0	1	0	0
2413	0	1	0	0
2414	1	0	0	0
2415	0	0	1	0
2416	0	0	1	0
2417	0	0	1	0
2418	1	0	0	0
2419	0	0	0	1
2420	0	0	0	1
2421	1	0	0	0
2422	0	0	1	0
2423	1	0	0	0
2424	0	0	0	1
2425	1	0	0	0
2426	0	0	0	1
2427	0	1	0	0
2428	1	0	0	0
2429	1	0	0	0
2430	0	0	0	1
2431	1	0	0	0
2432	0	0	0	1
2433	1	0	0	0
2434	1	0	0	0
2435	0	0	0	1
2436	0	0	1	0
2437	0	0	0	1
2438	0	0	1	0
2439	0	1	0	0
2440	0	0	0	1
2441	0	0	0	1
2442	0	1	0	0
2443	0	1	0	0
2444	1	0	0	0
2445	0	1	0	0
2446	1	0	0	0
2447	0	0	1	0
2448	0	0	1	0
2449	0	0	1	0
2450	1	0	0	0
2451	0	0	0	1
2474	0	1	0	0
2475	0	1	0	0
2476	1	0	0	0
2477	0	0	1	0
2478	1	0	0	0
2479	0	0	1	0
2480	0	0	0	1
2481	1	0	0	0
2482	0	0	1	0
2483	0	1	0	0
2484	1	0	0	0
2485	0	0	0	1
2486	0	0	1	0
2487	1	0	0	0
2488	0	1	0	0
2489	1	0	0	0
2490	1	0	0	0
2491	1	0	0	0
2492	1	0	0	0
2493	1	0	0	0
2494	0	0	0	1
2495	0	1	0	0
2496	0	0	0	1
2497	0	0	0	1
2498	1	0	0	0
2499	0	0	0	0
2500	1	0	0	0
2501	0	0	1	0
2502	0	1	0	0
2503	0	1	0	0
2504	0	1	0	0
2505	0	0	0	1
2506	0	0	0	1
2507	0	1	0	0
2508	1	0	0	0
2509	0	0	1	0
2510	0	0	1	0
2511	1	0	0	0
2512	0	1	0	0
2513	1	0	0	0
2514	0	1	0	0
2515	1	0	0	0
2516	1	0	0	0
2517	1	0	0	0
2518	1	0	0	0
2519	0	0	0	1
2520	0	1	0	0
2521	0	1	0	0
2522	2	0	0	0
2523	0	0	2	0
2524	2	0	0	0
2525	1	2	0	0
2526	4	0	0	0
2527	0	0	0	4
2528	4	0	0	0
2529	0	0	4	0
2530	0	0	0	4
2531	0	1	0	3
2532	4	0	0	0
2533	0	0	0	4
2534	0	4	0	0
2535	0	0	0	4
2536	4	0	0	0
2537	0	0	0	4
2538	0	4	0	0
2539	4	0	0	0
2540	4	0	0	0
2541	0	0	0	4
2542	4	0	0	0
2543	0	0	0	4
2544	4	0	0	0
2545	0	0	0	4
2546	0	0	3	0
2547	0	0	4	0
2548	4	0	0	0
2549	0	0	0	4
2550	0	0	4	0
2551	4	0	0	0
2552	0	4	0	0
2553	0	0	0	4
2554	0	0	0	4
2555	0	0	4	0
2556	0	0	0	4
2557	4	0	0	0
2558	0	0	0	4
2559	0	0	5	0
2560	0	0	0	5
2561	5	0	0	0
2562	0	0	5	0
2563	0	0	5	0
2564	5	0	0	0
2565	0	0	0	5
2566	0	5	0	0
2567	1	0	0	4
2568	0	0	5	0
2569	5	0	0	0
2570	0	5	0	0
2571	0	0	0	5
2572	0	0	0	5
2573	5	0	0	0
2574	0	0	5	0
2575	6	0	0	0
2576	4	0	0	0
2577	6	0	0	0
2578	0	0	0	6
2579	6	0	0	0
2580	0	0	6	0
2581	0	0	5	0
2582	0	0	6	0
2583	0	6	0	0
2584	6	0	0	0
2585	6	0	0	0
2586	0	6	0	0
2587	6	0	0	0
2588	0	0	0	6
2589	5	0	0	0
2590	0	1	5	0
2591	6	0	0	0
2592	0	0	6	0
2593	0	6	0	0
2594	6	0	0	0
2595	3	1	0	0
2596	4	0	0	0
2597	3	0	0	0
2598	3	0	0	0
2599	0	0	0	3
2600	2	0	0	0
2601	0	0	2	0
2602	2	0	0	0
2603	0	0	2	0
2604	0	0	2	0
2605	2	0	0	0
2606	0	0	1	0
2607	0	0	0	2
2608	0	0	0	2
2609	2	0	0	0
2610	2	0	0	0
2611	0	0	2	0
2612	2	0	0	0
2613	0	0	2	0
2614	2	0	0	0
2615	2	0	0	0
2616	0	2	0	0
2617	2	0	0	0
2618	0	0	0	2
2619	0	2	0	0
2620	0	0	0	2
2621	2	0	0	0
2622	0	0	0	2
2623	0	0	0	3
2624	3	0	0	0
2625	3	0	0	0
2626	2	0	1	0
2627	0	0	3	0
2628	0	0	0	3
2629	0	0	3	0
2630	0	0	3	0
2631	0	0	2	0
2632	0	0	2	0
2633	2	0	0	0
2634	0	0	0	2
2635	0	0	0	2
2636	0	0	0	2
2637	2	0	0	0
2638	0	2	0	0
2639	0	1	0	1
2640	2	0	0	0
2641	0	2	0	0
2642	2	0	0	0
2643	0	2	0	0
2644	0	2	0	0
2645	2	0	0	0
2646	0	0	2	0
2647	2	0	0	0
2648	0	2	0	0
2649	2	0	0	0
2650	1	0	0	0
2651	1	0	0	0
2652	2	0	0	0
2653	2	0	0	0
2654	2	0	0	0
2655	0	2	0	0
2656	2	0	0	0
2657	0	0	0	2
2658	0	2	0	0
2659	2	0	0	0
2660	0	0	2	0
2661	2	0	0	0
2662	2	0	0	0
2663	1	0	0	0
2664	0	0	2	0
2665	2	0	0	0
2666	2	0	0	0
2667	0	2	0	0
2668	0	2	0	0
2669	0	2	0	0
2670	0	2	0	0
2671	0	2	0	0
2672	2	0	0	0
2673	0	0	0	2
2674	0	0	0	2
2675	0	0	0	2
2676	0	2	0	0
2677	0	0	0	2
2678	2	0	0	0
2679	0	0	0	2
2680	0	0	2	0
2681	0	0	2	0
2682	2	0	0	0
2683	0	0	0	2
2684	0	0	2	0
2685	0	0	3	0
2686	0	0	3	0
2687	0	0	3	0
2688	0	0	0	3
2689	3	0	0	0
2690	0	0	0	3
2691	0	0	3	0
2692	3	0	0	0
2693	3	0	0	0
2694	0	3	0	0
2695	0	0	0	3
2696	0	3	0	0
2697	0	3	0	0
2698	3	0	0	0
2699	0	0	0	3
2700	0	3	0	0
2701	0	3	0	0
2702	0	0	0	3
2703	0	0	3	0
2704	3	0	0	0
2705	0	3	0	0
2706	3	0	0	0
2707	3	0	0	0
2708	3	0	0	0
2709	0	0	0	3
2710	0	0	3	0
2711	0	0	3	0
2712	3	0	0	0
2713	0	3	0	0
2714	3	0	0	0
2715	0	0	3	0
2716	0	0	0	2
2717	3	0	0	0
2718	0	3	0	0
2719	3	0	0	0
2720	0	0	3	0
2721	0	3	0	0
2722	0	3	0	0
2723	0	0	0	2
2724	2	0	0	0
2725	0	0	0	2
2726	1	0	0	0
2727	0	1	0	0
2728	1	0	0	0
2729	0	0	1	0
2730	0	1	0	0
2731	0	0	0	1
2732	0	0	1	0
2733	0	1	0	0
2734	0	1	0	0
2809	0	1	0	0
2810	1	0	0	0
2811	0	0	0	0
2812	0	0	0	0
2813	0	0	1	0
2814	1	0	0	0
2815	0	0	0	0
2816	0	0	0	1
2817	1	0	0	0
2818	1	0	0	0
2819	0	0	1	0
2820	0	0	1	0
2821	0	0	0	1
2822	1	0	0	0
2823	1	0	0	0
2824	0	1	0	0
2825	1	0	0	0
2826	0	1	0	0
2827	1	0	0	0
2828	1	0	0	0
2829	0	1	0	0
2830	0	0	0	1
2831	0	0	0	1
2832	0	0	0	1
2833	0	0	1	0
2834	0	1	0	0
2835	1	0	0	0
2836	1	0	0	0
2837	1	0	0	0
2838	0	1	0	0
2839	0	0	0	1
2840	0	1	0	0
2841	0	1	0	0
2842	0	0	0	1
2843	0	0	0	1
2844	1	0	0	0
2845	0	0	0	0
2846	0	0	1	0
2847	0	0	1	0
2848	0	0	1	0
2849	0	0	0	0
2850	0	0	1	0
2851	0	1	0	0
2852	0	1	0	0
2853	1	0	0	0
2854	1	0	0	0
2855	1	0	0	0
2856	0	0	1	0
2857	0	1	0	0
2858	1	0	0	0
2859	0	1	0	0
2860	0	0	0	1
2861	1	0	0	0
2862	1	0	0	0
2863	0	1	0	0
2864	1	0	0	0
2865	0	0	0	0
2866	1	0	0	0
2867	0	1	0	0
2868	1	0	0	0
2869	0	0	0	1
2870	0	1	0	0
2871	0	0	1	0
2872	0	0	0	1
2873	1	0	0	0
2874	0	1	0	0
2875	0	0	0	0
2876	1	0	0	0
2877	0	1	0	0
2878	0	0	0	1
2879	1	0	0	0
2880	1	0	0	0
2886	0	0	1	0
2887	1	0	0	0
2888	1	0	0	0
2889	0	0	1	0
2890	0	1	0	0
2891	1	0	0	0
2892	0	0	1	0
2893	1	0	0	0
2894	1	0	0	0
2895	0	1	0	0
2896	0	0	0	1
2897	1	0	0	0
2898	0	0	1	0
2899	1	0	0	0
2900	1	0	0	0
2901	0	0	0	1
2902	0	0	0	1
2903	1	0	0	0
2904	0	0	1	0
2905	0	1	0	0
2906	1	0	0	0
2907	0	0	1	0
2908	1	0	0	0
2909	0	0	1	0
2910	1	0	0	0
2911	1	0	0	0
2912	0	1	0	0
2913	1	0	0	0
2914	0	0	1	0
2915	0	0	1	0
2916	0	0	1	0
2917	1	0	0	0
2918	1	0	0	0
2919	2	0	0	0
2920	0	0	0	2
2921	0	0	0	2
2922	0	1	0	0
2923	0	0	0	2
2924	2	0	0	0
2925	2	0	0	0
2926	2	0	0	0
2927	2	0	0	0
2928	0	0	2	0
2929	1	0	0	0
2930	1	0	0	0
2931	0	2	0	0
2932	0	3	0	0
2933	2	0	0	0
2934	0	0	4	0
2935	0	0	0	4
2936	3	0	0	0
2937	0	4	0	0
2938	4	0	0	0
2939	0	0	1	2
2940	0	0	4	0
2941	0	0	4	0
2942	2	0	2	0
2943	0	0	4	0
2944	0	0	0	4
2945	4	0	0	0
2946	0	0	0	4
2947	4	0	0	0
2948	0	0	0	4
2949	0	0	0	4
2950	4	0	0	0
2951	0	0	0	4
2952	0	0	4	0
2953	4	0	0	0
2954	0	4	0	0
2955	0	4	0	0
2956	0	4	0	0
2957	4	0	0	0
2958	0	0	0	3
2959	0	3	0	0
2960	3	0	0	0
2961	3	0	0	0
2962	3	0	0	0
2963	2	0	1	0
2964	0	0	3	0
2965	3	0	0	0
2966	0	3	0	0
2967	0	1	0	2
2968	0	0	0	3
2969	0	1	2	0
2970	3	0	0	0
2971	0	0	0	3
2972	3	0	0	0
2973	0	0	3	0
2974	0	2	0	0
2975	0	0	0	2
2976	0	0	3	0
2977	3	0	0	0
2978	3	0	0	0
2979	3	0	0	0
2980	0	0	0	3
2981	3	0	0	0
2982	0	3	0	0
2983	3	0	0	0
2984	0	0	4	0
2985	3	0	0	0
2986	4	0	0	0
2987	3	0	0	0
2988	0	4	0	0
2989	3	0	0	0
2990	0	0	3	0
2991	0	0	2	0
2992	0	0	3	0
2993	0	0	3	0
2994	1	0	1	1
2995	2	1	0	0
2996	0	0	1	2
2997	0	0	2	0
2998	2	0	1	0
2999	0	3	0	0
3000	0	4	0	0
3001	4	0	0	0
3002	4	0	0	0
3003	0	0	0	3
3004	0	0	3	0
3005	0	0	3	0
3006	3	0	0	0
3007	0	2	0	0
3008	2	0	0	0
3009	0	0	0	2
3010	2	0	0	0
3011	0	1	0	1
3012	0	2	0	0
3013	2	0	0	0
3014	2	0	0	0
3015	2	0	0	0
3016	0	0	0	2
3017	0	0	0	2
3018	0	0	0	1
3019	2	0	0	0
3020	0	2	0	0
3021	0	2	0	0
3022	2	0	0	0
3023	2	0	0	0
3024	0	0	2	0
3025	2	0	0	0
3026	2	0	0	0
3027	0	2	0	0
3028	0	2	0	0
3029	2	0	0	0
3030	0	0	0	2
3031	0	0	0	2
3032	0	2	0	0
3033	2	0	0	0
3034	2	0	0	0
3035	2	0	0	0
3036	2	0	0	0
3037	2	0	0	0
3038	0	0	0	2
3039	0	2	0	0
3040	0	0	0	2
3041	0	0	2	0
3042	2	0	0	0
3043	2	0	0	0
3044	2	0	0	0
3045	2	0	0	0
3046	0	2	0	0
3047	2	0	0	0
3048	0	0	1	0
3049	0	0	2	0
3050	0	0	1	0
3051	2	0	0	0
3052	2	0	0	0
3053	0	0	2	0
3054	0	0	0	2
3055	3	0	0	0
3056	0	0	0	2
3057	0	0	2	0
3058	0	2	0	0
3059	2	0	0	0
3060	2	0	0	0
3061	2	0	0	0
3062	2	0	0	0
3063	2	0	0	0
3064	1	0	0	1
3065	0	0	2	0
3066	2	0	0	0
3067	0	0	2	0
3068	0	0	1	0
3069	1	0	0	0
3070	0	1	0	0
3071	0	0	0	1
3072	0	0	1	0
3073	0	1	0	0
3074	0	1	0	0
3075	0	1	0	0
3076	1	0	0	0
3077	0	1	0	0
3078	1	0	0	0
3079	0	1	0	0
3080	0	0	0	1
3081	0	0	0	0
3082	1	0	0	0
3083	0	0	0	1
3084	0	0	1	0
3085	1	0	0	0
3086	0	0	0	1
3087	0	0	1	0
3088	0	0	0	1
3089	1	0	0	0
3090	1	0	0	0
3091	1	0	0	0
3092	1	0	0	0
3093	0	1	0	0
3094	1	0	0	0
3095	0	0	1	0
3096	0	0	0	1
3097	0	0	0	1
3098	1	0	0	0
3099	1	0	0	0
3100	0	1	0	0
3101	1	0	0	0
3102	0	0	1	0
3103	1	0	0	0
3104	0	0	1	0
3105	0	0	1	0
3106	0	1	0	0
3107	1	0	0	0
3108	0	0	1	0
3109	0	0	0	1
3110	0	0	2	0
3111	0	2	0	0
3112	2	0	0	0
3113	2	0	0	0
3114	2	0	0	0
3115	2	0	0	0
3116	2	0	0	0
3117	2	0	0	0
3118	0	0	0	2
3119	2	0	0	0
3120	0	0	2	0
3121	0	2	0	0
3122	0	2	0	0
3123	1	0	0	1
3124	0	0	0	1
3125	1	0	0	0
3126	0	0	1	0
3127	1	0	0	0
3128	1	0	0	0
3129	0	0	0	1
3130	0	0	1	0
3131	0	1	0	0
3132	1	0	0	0
3133	0	0	0	1
3134	1	0	0	0
3135	0	0	1	0
3136	0	0	0	1
3137	1	0	0	0
3138	1	0	0	0
3139	0	0	0	1
3140	1	0	0	0
3141	0	0	0	1
3142	0	0	1	0
3143	0	0	1	0
3144	0	0	1	0
3145	0	0	1	0
3146	1	0	0	0
3147	1	0	0	0
3148	1	0	0	0
3149	0	0	1	0
3150	1	0	0	0
3151	0	1	0	0
3152	0	0	0	1
3153	0	1	0	0
3154	0	1	0	0
3155	0	0	0	1
3156	1	0	0	0
3157	1	0	0	0
3158	1	0	0	0
3159	0	0	0	1
3160	0	0	0	1
3161	0	0	0	1
3162	1	0	0	0
3163	0	0	1	0
3164	1	0	0	0
3165	0	0	0	1
3166	0	0	0	1
3167	1	0	0	0
3168	0	1	0	0
3169	0	1	0	0
3170	0	1	0	0
3171	1	0	0	0
3172	0	0	0	1
3173	0	1	0	0
3174	0	1	0	0
3175	1	0	0	0
3176	1	0	0	0
3177	1	0	0	0
3178	1	0	0	0
3179	1	0	0	0
3180	0	0	1	0
3181	1	0	0	0
3182	1	0	0	0
3183	0	0	0	0
3184	0	1	0	0
3185	1	0	0	0
3186	0	0	0	1
3187	0	0	1	0
3188	0	0	1	0
3189	0	0	1	0
3190	1	0	0	0
3191	0	0	1	0
3192	1	0	0	0
3193	0	1	0	0
3194	1	0	0	0
3195	0	0	0	1
3196	0	0	1	0
3197	0	0	1	0
3198	0	0	0	1
3199	0	0	1	0
3200	0	0	1	0
3201	1	0	0	0
3202	0	1	0	0
3203	1	0	0	0
3204	0	0	1	0
3205	1	0	0	0
3206	0	1	0	0
3207	0	0	0	2
3208	2	0	0	0
3209	0	0	0	2
3210	0	0	0	2
3211	0	0	2	0
3212	0	0	2	0
3213	0	2	0	0
3214	2	0	0	0
3215	2	0	0	0
3216	0	0	2	0
3217	0	2	0	0
3218	0	2	0	0
3219	2	0	0	0
3220	0	2	0	0
3221	0	2	0	0
3222	0	0	0	2
3223	0	0	2	0
3224	0	0	2	0
3225	2	0	0	0
3226	0	0	0	2
3227	0	0	0	2
3228	0	2	0	0
3229	0	2	0	0
3230	0	0	0	2
3231	0	0	2	0
3232	2	0	0	0
3233	0	0	2	0
3234	0	0	0	2
3235	0	0	2	0
3236	0	0	2	0
3237	0	0	2	0
3238	2	0	0	0
3239	0	0	2	0
3240	0	0	0	2
3241	0	0	0	2
3242	0	0	0	2
3243	0	0	2	0
3244	0	0	0	2
3245	0	0	0	2
3246	2	0	0	0
3247	2	0	0	0
3248	0	0	0	2
3249	2	0	0	0
3250	0	2	0	0
3251	1	1	0	0
3252	0	2	0	0
3253	0	2	0	0
3254	0	0	0	2
3255	0	2	0	0
3256	0	1	0	0
3257	0	1	0	0
3258	0	0	0	1
3259	0	0	0	1
3260	1	0	0	0
3261	0	0	1	0
3262	0	0	0	1
3263	1	0	0	0
3264	1	0	0	0
3265	1	0	0	0
3266	1	0	0	0
3267	0	0	0	1
3268	0	0	0	1
3269	1	0	0	0
3270	0	0	0	1
3271	0	0	1	0
3272	0	0	1	0
3273	0	0	0	1
3274	1	0	0	0
3275	0	1	0	0
3276	0	1	0	0
3292	0	1	0	0
3293	0	1	0	0
3294	2	0	0	0
3295	0	0	0	2
3296	2	0	0	0
3297	0	0	2	0
3298	0	2	0	0
3299	2	0	0	0
3300	0	0	2	0
3301	1	0	1	0
3302	4	0	0	0
3303	0	0	5	0
3304	0	4	0	1
3305	5	0	0	0
3306	0	0	5	0
3307	4	0	0	0
3308	5	0	0	0
3309	6	0	0	0
3310	0	6	0	0
3311	1	1	0	4
3312	0	0	0	5
3313	0	0	0	7
3314	0	7	0	0
3315	0	0	0	7
3316	7	0	0	0
3317	0	0	0	7
3318	0	0	7	0
3319	0	0	0	7
3320	7	0	0	0
3321	0	0	6	0
3322	7	0	0	0
3323	0	0	0	7
3324	0	0	7	0
3325	0	0	7	0
3326	7	0	0	0
3327	0	0	7	0
3328	0	6	0	0
3329	7	0	0	0
3330	0	0	7	0
3331	0	7	0	0
3332	0	0	0	7
3333	7	0	0	0
3334	7	0	0	0
3335	0	0	0	7
3336	7	0	0	0
3337	0	0	7	0
3338	1	0	7	0
3339	0	0	8	0
3340	8	0	0	0
3341	7	1	0	0
3342	8	0	0	0
3343	0	8	0	0
3344	0	0	0	8
3345	8	0	0	0
3346	8	0	0	0
3347	8	0	0	0
3348	8	0	0	0
3349	3	0	0	5
3350	8	0	0	0
3351	0	0	8	0
3352	0	0	8	0
3353	8	0	0	0
3354	8	0	0	0
3355	7	0	0	0
3356	8	0	0	0
3357	0	0	8	0
3358	0	8	0	0
3359	8	0	0	0
3360	0	0	8	0
3361	0	0	9	0
3362	0	0	8	0
3363	0	0	0	9
3364	8	0	0	0
3365	0	4	0	4
3366	0	0	8	0
3367	0	0	0	8
3368	0	0	0	8
3369	8	0	0	0
3370	0	8	0	0
3371	0	0	0	7
3372	0	0	6	0
3373	6	0	0	0
3374	0	6	0	0
3375	5	0	0	0
3376	1	0	2	0
3377	2	0	1	0
3378	0	0	3	0
3379	0	0	3	0
3380	2	1	0	0
3381	3	0	0	0
3382	0	0	3	0
3383	0	0	3	0
3384	0	4	0	0
3385	5	0	0	0
3386	0	0	5	0
3387	5	0	0	0
3388	5	0	0	0
3389	4	0	1	0
3390	4	0	1	0
3391	0	0	0	5
3392	0	0	0	5
3393	0	0	4	0
3394	0	0	0	5
3395	0	1	0	4
3396	0	0	0	5
3397	0	5	0	0
3398	0	0	0	5
3399	0	5	0	0
3400	0	0	0	5
3401	5	0	0	0
3402	5	0	0	0
3403	0	5	0	0
3404	0	0	0	6
3405	0	0	6	0
3406	6	0	0	0
3407	6	0	0	0
3408	6	0	0	0
3409	0	6	0	0
3410	4	1	0	0
3411	4	0	0	0
3412	0	5	0	0
3413	5	0	0	0
3414	4	0	0	0
3415	4	0	0	0
3416	0	0	0	4
3417	0	4	0	0
3418	4	0	0	0
3419	0	0	4	0
3420	4	0	0	0
3421	4	0	0	0
3422	2	0	2	0
3423	1	0	3	0
3424	0	4	0	0
3425	0	0	0	4
3426	0	0	4	0
3427	4	0	0	0
3428	2	0	2	0
3429	0	0	0	4
3430	0	0	0	4
3431	4	0	0	0
3432	0	3	0	0
3433	3	0	0	0
3434	3	0	0	0
3435	0	0	3	0
3436	0	3	0	0
3437	4	0	0	0
3438	4	0	0	0
3439	0	0	0	4
3440	0	0	0	4
3441	0	4	0	0
3442	4	0	0	0
3443	0	1	3	0
3444	0	1	0	3
3445	0	0	0	4
3446	4	0	0	0
3447	0	0	4	0
3448	0	4	0	0
3449	0	0	0	6
3450	0	0	0	6
3451	0	0	0	6
3452	1	0	5	0
3453	0	5	0	1
3454	6	0	0	0
3455	2	0	3	0
3456	0	0	5	0
3457	5	0	0	0
3458	0	0	0	5
3459	0	0	0	5
3460	0	5	0	0
3461	5	0	0	0
3462	0	0	5	0
3463	0	0	5	0
3464	4	0	1	0
3465	0	0	0	5
3466	0	5	0	0
3467	5	0	0	0
3468	0	0	5	0
3469	5	0	0	0
3470	5	0	0	0
3471	0	0	5	0
3472	0	0	0	5
3473	5	0	0	0
3474	5	0	0	0
3475	5	0	0	0
3476	0	5	0	0
3477	4	0	0	0
3478	0	0	0	4
3479	4	0	0	0
3480	0	0	4	0
3481	0	0	0	4
3482	4	0	0	0
3483	4	0	0	0
3484	0	5	0	0
3485	5	0	0	0
3486	0	0	5	0
3487	5	0	0	0
3488	0	5	0	0
3489	0	0	0	5
3490	0	5	0	0
3491	5	0	0	0
3492	0	5	0	0
3493	5	0	0	0
3494	0	0	5	0
3495	0	0	0	5
3496	5	0	0	0
3497	0	0	0	5
3498	0	0	6	0
3499	0	6	0	0
3500	6	0	0	0
3501	0	0	0	6
3502	0	0	0	6
3503	3	0	3	0
3504	0	0	6	0
3505	0	0	6	0
3506	6	0	0	0
3507	5	1	0	0
3508	0	0	0	7
3509	0	5	0	1
3510	6	0	0	0
3511	0	0	0	6
3512	0	0	0	6
3513	0	6	0	0
3514	6	0	0	0
3515	6	0	0	0
3516	0	0	5	1
3517	0	6	0	0
3518	6	0	0	0
3519	0	6	0	0
3520	6	0	0	0
3521	6	0	0	0
3522	0	6	0	0
3523	0	6	0	0
3524	3	0	0	0
3525	0	0	3	0
3526	3	0	0	0
3527	0	0	0	3
3528	3	0	0	0
3529	3	0	0	0
3530	0	0	3	0
3531	3	0	0	0
3532	0	0	3	0
3533	0	0	0	3
3534	0	0	3	0
3535	4	0	0	0
3536	4	0	0	0
3537	0	0	0	4
3538	0	4	0	0
3539	4	0	0	0
3540	0	0	4	0
3541	4	0	0	0
3542	2	0	2	0
3543	0	0	0	4
3544	0	0	0	4
3545	4	0	0	0
3546	0	0	4	0
3547	0	0	0	4
3548	0	1	0	3
3549	4	0	0	0
3550	4	0	0	0
3551	0	4	0	0
3552	0	4	0	0
3553	4	0	0	0
3554	4	0	0	0
3555	4	0	0	0
3556	0	0	0	4
3557	4	0	0	0
3558	4	0	0	0
3559	0	0	0	4
3560	4	0	0	0
3561	0	0	4	0
3562	4	0	0	0
3563	4	0	0	0
3564	0	4	0	0
3565	4	0	0	0
3566	3	0	1	0
3567	0	0	0	4
3568	0	0	0	4
3569	4	0	0	0
3570	4	0	0	0
3571	0	0	0	4
3572	4	0	0	0
3573	4	0	0	0
3574	4	0	0	0
3575	0	3	0	1
3576	4	0	0	0
3577	4	0	0	0
3578	0	0	4	0
3579	0	0	4	0
3580	4	0	0	0
3581	4	0	0	0
3582	4	0	0	0
3583	0	0	2	0
3584	0	0	2	0
3585	2	0	0	0
3586	0	0	0	2
3587	0	2	0	0
3588	0	0	0	2
3589	2	0	0	0
3590	0	2	0	0
3591	0	2	0	0
3592	0	0	0	2
3593	0	0	2	0
3594	0	0	0	2
3595	0	2	0	0
3596	2	0	0	0
3597	0	0	0	2
3598	0	0	2	0
3599	0	0	2	0
3600	0	0	2	0
3601	0	0	0	2
3602	2	0	0	0
3603	0	2	0	0
3604	0	2	0	0
3605	1	0	0	1
3606	0	0	2	0
3607	0	2	0	0
3608	2	0	0	0
3609	0	2	0	0
3648	0	0	1	0
3649	0	0	0	1
3650	1	0	0	0
3651	1	0	0	0
3652	0	0	1	0
3653	0	0	0	1
3654	1	0	0	0
3655	1	0	0	0
3656	0	0	0	1
3657	0	0	1	0
3658	0	0	1	0
3659	1	0	0	0
3660	1	0	0	0
3661	0	0	0	1
3662	0	1	0	0
3663	1	0	0	0
3664	0	0	1	0
3665	0	0	1	0
3666	1	0	0	0
3667	1	0	0	0
3668	1	0	0	0
3669	0	0	1	0
3670	0	0	0	1
3671	0	0	1	0
3672	0	1	0	0
3673	0	0	0	1
3674	0	0	1	0
3675	0	0	0	1
3676	0	0	0	1
3677	0	0	0	1
3678	0	1	0	0
3679	0	0	0	1
3680	1	0	0	0
3681	0	0	1	0
3682	1	0	0	0
3683	0	0	0	1
3684	0	0	1	0
3685	0	0	1	0
3686	1	0	0	0
3687	1	0	0	0
3688	0	0	0	1
3689	1	0	0	0
3690	0	0	1	0
3691	1	0	0	0
3692	0	0	0	1
3693	1	0	0	0
3694	1	0	0	0
3695	0	0	1	0
3696	0	0	1	0
3697	0	1	0	0
3698	0	0	0	1
3699	0	1	0	0
3700	1	0	0	0
3701	1	0	0	0
3702	0	0	1	0
3703	1	0	0	0
3704	1	0	0	0
3705	0	0	1	0
3706	1	0	0	0
3707	0	0	1	0
3708	0	1	0	0
3709	1	0	0	0
3710	0	1	0	0
3711	0	0	1	0
3712	1	0	0	0
3713	1	0	0	0
3714	1	0	0	0
3715	1	0	0	0
3716	0	0	1	0
3717	0	0	0	1
3718	1	0	0	0
3719	0	0	0	1
3720	0	1	0	0
3721	1	0	0	0
3722	0	2	0	0
3723	0	0	0	0
3724	0	0	1	0
3725	0	1	0	0
3726	1	0	0	0
3727	0	0	0	0
3728	0	0	0	1
3729	0	0	0	1
3730	0	0	1	0
3731	0	0	0	0
3732	1	0	0	0
3733	0	0	1	0
3734	1	0	0	0
3735	0	0	1	0
3736	0	1	0	0
3737	1	0	0	0
3738	1	0	0	0
3739	0	0	0	1
3740	0	0	1	0
3741	0	0	1	0
3742	0	1	0	0
3743	0	0	0	1
3744	1	0	0	0
3745	0	0	1	0
3746	0	0	0	1
3747	0	0	1	0
3748	1	0	0	0
3749	0	0	1	0
3750	0	0	0	1
3751	0	0	0	1
3752	0	0	0	1
3753	1	0	0	0
3754	1	0	0	0
3755	0	1	0	0
3756	0	1	0	0
3757	0	0	0	0
3758	0	0	1	0
3759	0	1	0	0
3760	0	0	0	0
3761	1	0	0	0
3762	0	1	0	0
3763	0	1	0	0
3764	0	1	0	0
3765	1	0	0	0
3766	0	0	0	1
3767	1	0	0	0
3768	0	0	1	0
3769	0	0	0	0
3770	1	0	0	0
3771	0	0	1	0
3772	0	1	0	0
3773	1	0	0	0
3774	1	0	0	0
3775	1	0	0	0
3776	1	0	0	0
3777	0	0	1	0
3778	1	0	0	0
3779	0	0	0	0
3780	1	0	0	0
3781	0	0	0	1
3782	1	0	0	0
3783	0	0	1	0
3784	0	0	0	1
3785	0	0	1	0
3786	0	0	1	0
3787	0	1	0	0
3788	0	0	0	1
3789	1	0	0	0
3790	0	0	1	0
3791	0	1	0	0
3792	0	0	0	1
3793	0	0	1	0
3804	0	1	0	0
3805	1	0	0	0
3806	0	0	1	0
3807	0	1	0	0
3808	0	0	0	1
3809	1	0	0	0
3810	1	0	0	0
3811	1	0	0	0
3812	1	0	0	0
3813	0	0	1	0
3814	0	0	1	0
3815	0	0	1	0
3816	0	0	1	0
3817	1	0	0	0
3818	1	0	0	0
3819	0	0	1	0
3820	0	1	0	0
3821	0	1	0	0
3822	1	0	0	0
3823	0	0	0	1
3824	1	0	0	0
3825	0	1	0	0
3826	1	0	0	0
3827	0	0	0	1
3828	0	0	1	0
3829	0	0	1	0
3830	1	0	0	0
3831	0	1	0	0
3832	1	0	0	0
3833	1	0	0	0
3834	0	0	1	0
3835	0	0	0	1
3836	1	0	0	0
3837	0	0	1	0
3838	1	0	0	0
3839	0	1	0	0
3840	0	0	0	1
3841	1	0	0	0
3842	0	0	0	1
3843	1	0	0	0
3844	0	0	1	0
3845	0	0	0	1
3846	0	1	0	0
3847	0	1	0	0
3848	1	0	0	0
3849	0	0	1	0
3850	0	0	0	0
3851	0	0	1	0
3852	1	0	0	0
3853	0	0	0	1
3854	0	0	0	1
3855	0	0	0	1
3856	0	0	1	0
3857	0	0	1	0
3858	0	1	0	0
3859	1	0	0	0
3860	1	0	0	0
3861	0	0	0	1
3862	0	0	0	1
3863	1	0	0	0
3864	0	0	1	0
3865	1	0	0	0
3866	0	1	0	0
3867	0	0	0	1
3868	0	0	1	0
3869	0	0	0	1
3870	1	0	0	0
3871	0	1	0	0
3872	1	0	0	0
3873	0	1	0	0
3874	1	0	0	0
3875	0	0	0	1
3885	1	0	0	0
3886	1	0	0	0
3887	1	0	0	0
3888	0	0	1	0
3889	0	0	0	1
3890	0	1	0	0
3891	1	0	0	0
3892	0	0	0	1
3893	0	1	0	0
3894	0	1	0	0
3895	0	0	0	1
3896	0	0	1	0
3897	0	0	1	0
3898	0	0	0	1
3899	1	0	0	0
3900	0	0	1	0
3901	0	1	0	0
3902	1	0	0	0
3903	0	0	1	0
3904	0	0	0	1
3905	0	1	0	0
3906	0	1	0	0
3907	1	0	0	0
3908	0	0	0	1
3909	0	0	1	0
3910	0	0	0	1
3911	1	0	0	0
3912	0	0	0	0
3913	0	1	0	0
3914	0	1	0	0
3915	1	0	0	0
3916	0	0	1	0
3917	0	0	0	1
3918	0	0	1	0
3919	0	0	1	0
3920	0	1	0	0
3921	0	0	0	1
3922	1	0	0	0
3923	0	1	0	0
3924	1	0	0	0
3925	0	0	0	1
3926	1	0	0	0
3927	0	0	1	0
3928	1	0	0	0
3929	1	0	0	0
3930	0	0	1	0
3931	0	1	0	0
3932	1	0	0	0
3933	0	0	1	0
3934	2	0	0	0
3935	0	0	2	0
3936	0	0	2	0
3937	0	0	0	2
3938	0	0	0	2
3939	2	0	0	0
3940	0	0	0	2
3941	0	1	0	1
3942	0	2	0	0
3943	0	2	0	0
3944	2	0	0	0
3945	0	0	2	0
3946	0	2	0	0
3947	2	0	0	0
3948	0	0	2	0
3949	2	0	0	0
3950	1	0	0	0
3951	2	0	0	0
3952	0	2	0	0
3953	2	0	0	0
3954	0	0	1	0
3955	0	0	1	0
3956	1	0	0	0
3957	0	1	0	0
3958	1	0	0	0
3959	1	0	0	0
3960	0	0	0	0
3961	1	0	0	0
3962	1	0	0	0
3963	1	0	0	0
3964	0	1	0	0
3965	1	0	0	0
3966	0	0	1	0
3967	0	1	0	0
3968	1	0	0	0
3969	0	0	0	0
3970	1	0	0	0
3971	0	0	0	1
3972	0	0	0	1
3973	1	0	0	0
3974	0	0	0	1
3975	1	0	0	0
3976	0	0	0	1
3977	1	0	0	0
3978	0	1	0	0
3979	0	0	0	1
3980	1	0	0	0
3981	1	0	0	0
3982	1	0	0	0
3983	0	0	1	0
3984	0	0	0	1
3985	0	0	0	1
3986	1	0	0	0
3987	0	0	1	0
3988	0	1	0	0
3989	1	0	0	0
3990	0	0	1	0
3991	0	0	0	0
3992	0	0	1	0
3993	1	0	0	0
3994	0	0	1	0
3995	1	0	0	0
3996	0	0	0	1
3997	0	0	1	0
3998	0	0	1	0
3999	0	1	0	0
4000	0	1	0	0
4001	1	0	0	0
4002	0	0	1	0
4003	0	0	0	1
4004	0	1	0	0
4005	1	0	0	0
4018	0	1	0	0
4019	1	0	0	0
4020	0	0	1	0
4021	1	0	0	0
4022	0	1	0	0
4023	1	0	0	0
4024	1	0	0	0
4025	0	0	0	1
4026	0	0	1	0
4027	0	0	1	0
4028	0	1	0	0
4029	1	0	0	0
4030	0	0	1	0
4031	0	0	0	1
4032	1	0	0	0
4033	1	0	0	0
4034	0	0	0	1
4035	0	0	0	1
4036	0	0	0	2
4037	0	2	0	0
4038	2	0	0	0
4039	0	2	0	0
4040	0	2	0	0
4041	2	0	0	0
4042	0	0	2	0
4043	0	0	0	2
4044	0	0	2	0
4045	0	2	0	0
4046	0	0	0	2
4047	0	0	2	0
4048	0	2	0	0
4049	2	0	0	0
4050	0	0	2	0
4051	0	0	0	2
4052	0	0	0	2
4053	2	0	0	0
4054	2	0	0	0
4055	0	0	2	0
4056	0	0	2	0
4057	0	2	0	0
4058	2	0	0	0
4059	0	0	2	0
4060	0	2	0	0
4061	0	1	0	0
4062	0	0	0	2
4063	0	0	2	0
4064	0	1	0	1
4065	0	0	0	2
4066	0	0	2	0
4067	0	0	2	0
4068	0	0	0	2
4069	0	0	2	0
4070	0	0	2	0
4071	0	0	2	0
4072	0	2	0	0
4073	2	0	0	0
4074	0	0	3	0
4075	0	0	3	0
4076	0	0	0	3
4077	2	0	0	0
4078	0	0	0	3
4079	0	3	0	0
4080	0	3	0	0
4081	3	0	0	0
4082	3	0	0	0
4083	0	3	0	0
4084	3	0	0	0
4085	0	0	3	0
4086	0	0	3	0
4087	3	0	0	0
4088	3	0	0	0
4089	0	0	0	3
4090	0	0	0	5
4091	0	0	0	5
4092	0	0	5	0
4093	0	0	5	0
4094	1	0	4	0
4095	6	0	0	0
4096	0	0	0	5
4097	0	0	0	6
4098	0	5	0	0
4099	0	6	0	0
4100	0	6	0	0
4101	0	0	0	6
4102	6	0	0	0
4103	0	6	0	0
4104	6	0	0	0
4105	6	0	0	0
4106	0	0	0	6
4107	0	6	0	0
4108	0	6	0	0
4109	0	6	0	0
4110	0	5	0	0
4111	5	0	0	0
4112	4	0	1	0
4113	5	0	0	0
4114	0	0	5	0
4115	0	0	0	5
4116	0	5	0	0
4117	5	0	0	0
4118	0	0	4	0
4119	0	0	5	0
4120	0	0	5	0
4121	5	0	0	0
4122	0	0	5	0
4123	0	0	0	5
4124	5	0	0	0
4125	0	0	4	0
4126	0	0	0	5
4127	5	0	0	0
4128	0	0	4	0
4129	5	0	0	0
4130	4	0	0	0
4131	0	0	0	5
4132	0	5	0	0
4133	0	5	0	0
4134	5	0	0	0
4135	0	0	0	5
4136	0	0	5	0
4137	4	0	0	0
4138	5	0	0	0
4139	0	0	0	5
4140	5	0	0	0
4141	5	0	0	0
4142	5	0	0	0
4143	0	0	5	0
4144	5	0	0	0
4145	5	0	0	0
4146	0	0	0	4
4147	0	0	0	4
4148	4	0	0	0
4149	4	0	0	0
4150	4	0	0	0
4151	0	0	4	0
4152	4	0	0	0
4153	4	0	0	0
4154	4	0	0	0
4155	4	0	0	0
4156	0	0	0	4
4157	0	4	0	0
4158	3	0	0	0
4159	0	0	0	4
4160	3	0	0	0
4161	0	0	2	0
4162	0	0	3	0
4163	0	0	3	0
4164	0	3	0	0
4165	1	0	0	0
4166	0	0	1	0
4167	0	0	1	0
4262	1	0	0	0
4263	0	0	1	0
4264	0	0	1	0
4265	0	0	1	0
4266	0	0	1	0
4267	1	0	0	0
4268	0	0	1	0
4269	1	0	0	0
4270	0	0	1	0
4271	1	0	0	0
4272	1	0	0	0
4273	0	0	0	1
4274	1	0	0	0
4275	1	0	0	0
4276	0	0	0	1
4277	1	0	0	0
4278	0	0	1	0
4279	1	0	0	0
4280	0	1	0	0
4281	1	0	0	0
4282	0	0	0	1
4283	1	0	0	0
4284	1	0	0	0
4285	0	0	0	3
4286	3	0	0	0
4287	0	0	3	0
4288	0	3	0	0
4289	3	0	0	0
4290	4	0	0	0
4291	0	4	0	0
4292	4	0	0	0
4293	0	0	4	0
4294	4	0	0	0
4295	0	4	0	0
4296	4	0	0	0
4297	0	0	0	4
4298	4	0	0	0
4299	0	4	0	0
4300	4	0	0	0
4301	4	0	0	0
4302	4	0	0	0
4303	0	4	0	0
4304	0	0	0	4
4305	4	0	0	0
4306	4	0	0	0
4307	4	0	0	0
4308	0	0	4	0
4309	4	0	0	0
4310	4	0	0	0
4311	0	0	0	4
4312	0	0	0	4
4313	4	0	0	0
4314	0	4	0	0
4315	4	0	0	0
4316	3	0	1	0
4317	4	0	0	0
4318	4	0	0	0
4319	4	0	0	0
4320	0	4	0	0
4321	4	0	0	0
4322	4	0	0	0
4323	4	0	0	0
4324	0	0	0	4
4325	0	0	0	4
4326	4	0	0	0
4327	0	0	0	4
4328	4	0	0	0
4329	4	0	0	0
4330	4	0	0	0
4331	4	0	0	0
4332	4	0	0	0
4333	0	0	0	4
4334	0	0	0	4
4335	0	4	0	0
4336	4	0	0	0
4337	4	0	0	0
4338	4	0	0	0
4339	4	0	0	0
4340	0	0	0	4
4341	0	0	0	4
4342	0	0	0	4
4343	0	0	0	4
4344	0	4	0	0
4345	0	0	5	0
4346	0	0	5	0
4347	0	0	5	0
4348	0	0	0	5
4349	0	0	0	5
4350	0	0	0	5
4351	4	0	0	0
4352	0	0	0	5
4353	0	0	0	5
4354	5	0	0	0
4355	0	6	0	0
4356	6	0	0	0
4357	0	0	4	0
4358	3	0	0	0
4359	0	0	3	0
4360	3	0	0	0
4361	0	3	0	0
4362	3	0	0	0
4363	0	0	3	0
4364	0	3	0	0
4365	2	0	0	0
4366	0	0	2	0
4367	2	0	0	0
4368	0	0	2	0
4369	2	0	0	0
4370	0	2	0	0
4371	0	2	0	0
4372	0	2	0	0
4373	0	0	0	2
4374	2	0	0	0
4375	0	0	0	2
4376	0	0	0	2
4377	0	0	0	2
4378	0	0	2	0
4379	0	0	2	0
4380	2	0	0	0
4381	2	0	0	0
4382	2	0	0	0
4383	0	0	2	0
4384	0	0	2	0
4385	2	0	0	0
4386	0	2	0	0
4387	0	2	0	0
4388	2	0	0	0
4389	0	0	2	0
4390	0	2	0	0
4391	0	2	0	0
4392	2	0	0	0
4393	2	0	0	0
4394	2	0	0	0
4395	0	2	0	0
4396	0	0	0	2
4397	1	0	1	0
4398	0	2	0	0
4399	0	0	0	2
4400	0	2	0	0
4401	0	0	0	3
4402	0	0	2	0
4403	0	0	2	0
4404	3	0	0	0
4405	3	0	0	0
4406	3	0	0	0
4407	0	0	3	0
4408	0	0	3	0
4409	0	0	0	3
4410	0	0	3	0
4411	3	0	0	0
4412	3	0	0	0
4413	0	0	4	0
4414	0	0	4	0
4415	0	0	4	0
4416	0	0	4	0
4417	0	4	0	0
4418	4	0	0	0
4419	0	0	4	0
4420	0	0	0	4
4421	4	0	0	0
4422	0	0	4	0
4423	0	0	0	4
4424	4	0	0	0
4425	4	0	0	0
4426	0	0	0	4
4427	4	0	0	0
4428	0	4	0	0
4429	4	0	0	0
4430	4	0	0	0
4431	0	0	4	0
4432	4	0	0	0
4433	0	0	0	4
4434	4	0	0	0
4435	4	0	0	0
4436	0	4	0	0
4437	4	0	0	0
4438	0	0	4	0
4439	0	0	0	4
4440	0	0	4	0
4441	4	0	0	0
4442	0	4	0	0
4443	3	0	0	0
4444	0	0	0	3
4445	3	0	0	0
4446	5	0	0	0
4447	5	0	0	0
4448	0	0	5	0
4449	0	0	5	0
4450	0	0	0	5
4451	5	0	0	0
4452	0	0	5	0
4453	0	0	0	5
4454	5	0	0	0
4455	0	5	0	0
4456	0	5	0	0
4457	5	0	0	0
4458	5	0	0	0
4459	0	0	4	0
4460	0	0	4	0
4461	4	0	0	0
4462	0	0	4	0
4463	0	0	4	0
4464	4	0	0	0
4465	4	0	0	0
4466	0	0	4	0
4467	0	0	5	0
4468	0	0	0	5
4469	5	0	0	0
4470	5	0	0	0
4471	5	0	0	0
4472	5	0	0	0
4473	5	0	0	0
4474	0	0	0	5
4475	0	5	0	0
4476	5	0	0	0
4477	0	0	0	5
4478	0	0	0	5
4479	5	0	0	0
4480	4	0	1	0
4481	0	0	5	0
4482	0	0	5	0
4483	5	0	0	0
4484	0	5	0	0
4485	0	0	0	4
4486	4	0	0	0
4487	0	0	0	4
4488	0	0	4	0
4489	0	0	4	0
4490	4	0	0	0
4491	4	0	0	0
4492	4	0	0	0
4493	4	0	0	0
4494	0	4	0	0
4495	4	0	0	0
4496	0	0	4	0
4497	4	0	0	0
4498	0	0	0	4
4499	0	0	4	0
4500	0	0	4	0
4501	0	4	0	0
4502	4	0	0	0
4503	0	0	4	0
4504	0	0	4	0
4505	0	0	0	4
4506	0	0	4	0
4507	0	4	0	0
4508	0	0	0	4
4509	0	0	4	0
4510	4	0	0	0
4511	0	0	0	4
4512	0	0	0	4
4513	0	0	4	0
4514	0	0	0	4
4515	0	0	4	0
4516	0	0	0	4
4517	0	0	4	0
4518	0	0	4	0
4519	0	4	0	0
4557	1	0	0	0
4558	0	0	1	0
4559	0	0	0	1
4560	2	0	0	0
4561	2	0	0	0
4562	2	0	0	0
4563	1	0	1	0
4564	0	2	0	0
4565	2	0	0	0
4566	0	2	0	0
4567	0	2	0	0
4568	2	0	0	0
4569	0	0	0	2
4570	2	0	0	0
4571	0	0	0	2
4572	0	0	2	0
4573	0	0	0	2
4574	2	0	0	0
4575	0	1	0	1
4576	2	0	0	0
4577	0	0	0	2
4578	0	0	0	2
4579	0	0	0	2
4580	0	2	0	0
4581	0	1	1	0
4582	2	0	0	0
4583	1	0	1	0
4584	0	0	2	0
4585	2	0	0	0
4586	0	0	2	0
4587	2	0	0	0
4588	0	0	2	0
4589	0	2	0	0
4590	0	0	0	2
4591	1	0	1	0
4592	0	0	2	0
4593	0	0	1	1
4594	0	0	2	0
4595	0	0	2	0
4596	2	0	0	0
4597	0	0	0	2
4598	0	0	2	0
4599	0	0	2	0
4600	0	0	0	2
4601	0	0	0	2
4602	1	0	0	1
4603	0	0	0	2
4604	2	0	0	0
4605	0	2	0	0
4606	2	0	0	0
4607	0	0	2	0
4608	2	0	0	0
4609	0	2	0	0
4610	2	0	0	0
4611	0	0	0	2
4612	0	2	0	0
4613	2	0	0	0
4614	0	0	0	2
4615	0	0	0	2
4616	2	0	0	0
4617	0	0	0	2
4618	0	0	2	0
4619	2	0	0	0
4620	2	0	0	0
4621	2	0	0	0
4622	1	0	1	0
4623	0	2	0	0
4624	2	0	0	0
4625	0	0	2	0
4626	1	0	0	0
4627	0	1	0	0
4628	1	0	0	0
4629	0	0	0	1
4630	0	1	0	0
4631	0	1	0	0
4632	1	0	0	0
4633	1	0	0	0
4634	1	0	0	0
4719	0	0	0	1
4720	0	0	0	1
4721	0	0	1	0
4722	0	0	1	0
4723	0	1	0	0
4724	1	0	0	0
4725	0	0	0	0
4726	0	0	0	1
4727	0	0	0	1
4728	0	0	1	0
4729	0	0	1	0
4730	0	0	1	0
4731	0	0	0	1
4732	0	1	0	0
4733	1	0	0	0
4734	0	0	0	1
4735	0	0	1	0
4736	0	0	1	0
4737	1	0	0	0
4738	0	0	1	0
4739	0	0	0	1
4740	0	1	0	0
4741	0	0	0	1
4742	0	1	0	0
4743	0	1	0	0
4744	1	0	0	0
4745	0	0	0	1
4746	1	0	0	0
4747	0	0	1	0
4748	1	0	0	0
4749	1	0	0	0
4750	0	0	0	1
4751	0	0	1	0
4752	0	0	1	0
4753	1	0	0	0
4754	0	0	1	0
4755	1	0	0	0
4756	0	0	0	1
4757	0	0	0	1
4758	0	0	0	0
4759	1	0	0	0
4760	0	0	1	0
4761	1	0	0	0
4762	1	0	0	0
4763	0	0	1	0
4764	1	0	0	0
4765	0	0	0	1
4766	1	0	0	0
4767	0	0	0	1
4768	1	0	0	0
4769	0	0	1	0
4770	0	1	0	0
4771	1	0	0	0
4772	0	1	0	0
4773	1	0	0	0
4774	0	1	0	0
4775	1	0	0	0
4776	1	0	0	0
4777	0	0	1	0
4778	0	0	0	1
4779	1	0	0	0
4780	0	0	1	0
4781	1	0	0	0
4782	0	1	0	0
4783	0	1	0	0
4784	0	1	0	0
4785	0	0	0	1
4811	0	0	0	1
4812	0	0	1	0
4813	0	1	0	0
4814	1	0	0	0
4815	0	0	0	1
4816	0	0	0	1
4817	1	0	0	0
4818	0	0	0	1
4819	0	0	0	1
4820	0	0	0	1
4821	0	0	0	1
4822	0	0	1	0
4823	1	0	0	0
4824	0	0	0	1
4825	0	0	0	1
4826	0	0	1	0
4827	0	0	0	1
4828	0	0	0	1
4829	0	0	0	1
4830	0	0	0	1
4831	1	0	0	0
4832	0	1	0	0
4833	1	0	0	0
4834	0	0	1	0
4835	1	0	0	0
4836	0	0	0	1
4837	0	0	0	1
4838	0	1	0	0
4839	0	0	0	1
4840	0	0	1	0
4841	0	1	0	0
4842	0	1	0	0
4843	1	0	0	0
4844	0	0	0	1
4845	1	0	0	0
4846	1	0	0	0
4847	0	0	1	0
4848	1	0	0	0
4849	1	0	0	0
4850	1	0	0	0
4851	1	0	0	0
4852	0	0	1	0
4853	0	1	0	0
4854	0	1	0	0
4855	1	0	0	0
4856	0	0	0	1
4857	1	0	0	0
4858	0	0	0	1
4859	0	0	0	1
4860	1	0	0	0
4861	0	0	1	0
4862	0	0	1	0
4863	1	0	0	0
4864	0	1	0	0
4865	1	0	0	0
4866	0	1	0	0
4867	1	0	0	0
4868	0	0	0	1
4869	1	0	0	0
4870	0	0	1	0
4871	0	0	0	1
4872	0	0	0	1
4873	1	0	0	0
4874	0	0	0	1
4875	0	0	0	1
4876	0	2	0	0
4877	1	1	0	0
4878	0	0	0	2
4879	2	0	0	0
4880	0	0	2	0
4881	0	0	2	0
4882	0	0	0	2
4883	0	0	2	0
4884	0	1	0	1
4885	0	0	2	0
4886	2	0	0	0
4887	0	1	1	0
4888	0	0	0	2
4889	2	0	0	0
4890	0	0	0	2
4891	0	2	0	0
4892	1	0	1	0
4893	2	0	0	0
4894	0	0	2	0
4895	0	2	0	0
4896	2	0	0	0
4897	0	0	2	0
4898	0	0	2	0
4899	2	0	0	0
4900	0	2	0	0
4901	2	0	0	0
4902	0	0	0	2
4903	2	0	0	0
4904	2	0	0	0
4905	0	1	0	1
4906	2	0	0	0
4907	2	0	0	0
4908	0	0	2	0
4909	0	0	2	0
4910	0	0	0	2
4911	2	0	0	0
4912	0	0	2	0
4913	0	0	2	0
4914	2	0	0	0
4915	0	0	0	2
4916	0	2	0	0
4917	0	0	0	2
4918	0	2	0	0
4919	0	0	0	2
4920	2	0	0	0
4921	0	2	0	0
4922	2	0	0	0
4923	2	0	0	0
4924	0	0	0	2
4925	2	0	0	0
4926	0	2	0	0
4927	0	0	0	2
4928	0	0	0	2
4929	1	0	1	0
4930	0	0	2	0
4931	0	2	0	0
4932	2	0	0	0
4933	0	1	0	1
4934	0	0	0	2
4935	0	0	2	0
4936	2	0	0	0
4937	0	2	0	0
4938	2	0	0	0
4939	0	0	1	0
4940	0	1	0	0
4965	0	0	1	0
4966	0	1	0	0
4967	0	1	0	0
4968	1	0	0	0
4969	0	1	0	0
4970	0	1	0	0
4971	0	0	0	1
4972	0	2	0	0
4973	0	0	0	2
4974	0	0	2	0
4975	0	2	0	0
4976	0	2	0	0
4977	0	0	0	2
4978	2	0	0	0
4979	0	0	2	0
4980	0	0	0	2
4981	0	0	2	0
4982	0	0	0	2
4983	0	0	0	2
4984	1	0	0	0
4985	1	0	1	0
4986	2	0	0	0
4987	2	0	0	0
4988	2	0	0	0
4989	1	0	1	0
4990	0	0	0	2
4991	0	0	0	2
4992	2	0	0	0
4993	0	0	2	0
4994	0	0	0	2
4995	2	0	0	0
4996	0	0	2	0
4997	2	0	0	0
4998	0	0	2	0
4999	0	0	2	0
5000	2	0	0	0
5001	0	0	0	2
5002	2	0	0	0
5003	0	0	2	0
5004	2	0	0	0
5005	0	0	0	2
5006	0	0	2	0
5007	0	0	2	0
5008	2	0	0	0
5009	2	0	0	0
5010	0	2	0	0
5011	2	0	0	0
5012	2	0	0	0
5013	0	2	0	0
5014	0	2	0	0
5015	0	2	0	0
5016	0	2	0	0
5017	0	2	0	0
5018	2	0	0	0
5019	0	0	2	0
5020	1	0	0	0
5021	1	0	0	0
5022	0	0	1	0
5023	1	0	0	0
5024	0	0	0	1
5025	0	1	0	0
5026	1	0	0	0
5027	0	0	1	0
5028	0	0	1	0
5029	0	0	1	0
5048	0	1	0	0
5049	1	0	0	0
5050	1	0	0	0
5051	0	0	0	1
5052	0	0	1	0
5053	1	0	0	0
5054	1	0	0	0
5055	0	0	0	1
5056	0	0	1	0
5057	0	0	1	0
5058	1	0	0	0
5059	0	1	0	0
5060	1	0	0	0
5061	0	1	0	0
5062	0	0	0	1
5063	1	0	0	0
5064	0	0	1	0
5065	1	0	0	0
5066	0	0	1	0
5067	0	1	0	0
5068	0	0	0	1
5069	0	0	0	1
5070	0	0	0	1
5071	0	0	0	1
5072	1	0	0	0
5073	0	0	1	0
5074	0	0	0	0
5075	1	0	0	0
5076	0	0	1	0
5077	1	0	0	0
5078	1	0	0	0
5079	0	1	0	0
5080	0	0	0	1
5081	0	0	0	1
5082	1	0	0	0
5083	1	0	0	0
5084	0	0	1	0
5085	0	1	0	0
5086	1	0	0	0
5087	0	0	1	0
5088	0	0	1	0
5089	1	0	0	0
5090	1	0	0	0
5091	0	0	1	0
5092	0	1	0	0
5093	0	0	0	1
5094	0	0	1	0
5095	0	0	0	1
5096	0	0	1	0
5097	1	0	0	0
5098	0	0	1	0
5099	1	0	0	0
5100	0	1	0	0
5101	1	0	0	0
5102	0	1	0	0
5103	0	0	0	1
5104	0	0	0	1
5105	0	1	0	0
5106	0	1	0	0
5107	0	1	0	0
5108	0	0	1	0
5109	1	0	0	0
5110	0	0	1	0
5111	1	0	0	0
5112	0	1	0	0
5113	0	1	0	0
5114	1	0	0	0
5115	0	0	0	1
5116	0	0	1	0
5117	0	0	1	0
5118	0	1	0	0
5119	0	0	0	1
5120	0	0	0	1
5121	0	1	0	0
5122	1	0	0	0
5123	0	0	0	1
5124	0	0	1	0
5125	0	0	1	0
5126	1	0	0	0
5127	0	0	0	1
5128	0	0	0	1
5129	1	0	0	0
5130	0	0	1	0
5131	0	0	1	0
5132	1	0	0	0
5133	0	1	0	0
5134	1	0	0	0
5135	1	0	0	0
5136	0	0	0	1
5137	1	0	0	0
5138	0	0	0	1
5139	1	0	0	0
5140	0	0	0	1
5141	0	1	0	0
5142	0	0	0	1
5143	1	0	0	0
5144	0	0	0	1
5145	0	0	1	0
5146	1	0	0	0
5147	1	0	0	0
5148	1	0	0	0
5149	0	1	0	0
5150	0	1	0	0
5151	0	0	0	1
5152	1	0	0	0
5153	0	0	0	1
5154	0	0	1	0
5155	0	0	1	0
5156	0	0	1	0
5157	0	0	1	0
5158	1	0	0	0
5159	0	0	0	1
5160	1	0	0	0
5161	0	1	0	0
5162	0	0	0	1
5163	0	0	0	1
5164	0	0	1	0
5165	0	0	1	0
5166	1	0	0	0
5167	0	1	0	0
5168	1	0	0	0
5169	0	0	1	0
5170	0	0	1	0
5171	1	0	0	0
5172	0	0	1	0
5179	0	1	0	0
5180	0	0	0	1
5181	1	0	0	0
5182	0	0	0	1
5183	1	0	0	0
5184	1	0	0	0
5185	0	0	0	1
5186	1	0	0	0
5187	1	0	0	0
5188	0	0	1	0
5189	1	0	0	0
5190	2	0	0	0
5191	0	0	0	2
5192	2	0	0	0
5193	0	2	0	0
5194	0	0	0	2
5195	0	0	2	0
5196	0	2	0	0
5197	2	0	0	0
5198	2	0	0	0
5199	0	2	0	0
5200	2	0	0	0
5201	2	0	0	0
5202	0	2	0	0
5203	0	0	0	2
5204	2	0	0	0
5205	0	2	0	0
5206	0	0	0	2
5207	0	0	2	0
5208	0	0	0	2
5209	0	0	0	2
5210	0	0	0	2
5211	2	0	0	0
5212	0	0	0	2
5213	0	0	0	2
5214	0	2	0	0
5215	2	0	0	0
5216	0	0	0	2
5217	0	0	0	2
5218	0	0	0	2
5219	0	2	0	0
5220	2	0	0	0
5221	0	0	2	0
5222	2	0	0	0
5223	2	0	0	0
5224	0	0	0	2
5225	0	0	0	2
5226	0	0	2	0
5227	0	0	2	0
5228	0	0	2	0
5229	0	0	0	2
5230	0	0	2	0
5231	0	2	0	0
5232	0	2	0	0
5233	1	0	1	0
5234	1	0	0	1
5235	0	3	0	0
5236	3	0	0	0
5237	0	0	0	3
5238	3	0	0	0
5239	0	0	3	0
5240	0	3	0	0
5241	3	0	0	0
5242	0	0	3	0
5243	1	0	2	0
5244	3	0	0	0
5245	0	0	0	3
5246	3	0	0	0
5247	0	0	3	0
5248	0	0	3	0
5249	2	1	0	0
5250	3	0	0	0
5251	0	0	0	3
5252	0	0	0	3
5253	0	0	0	3
5254	0	0	0	3
5255	2	0	1	0
5256	0	3	0	0
5257	0	1	2	0
5258	1	0	2	0
5259	0	3	0	0
5260	3	0	0	0
5261	0	0	3	0
5262	2	0	0	0
5263	0	0	1	0
5264	1	0	0	0
5265	1	0	0	0
5266	0	0	1	0
5267	1	0	0	0
5268	0	0	1	0
5269	0	1	0	0
5270	1	0	0	0
5271	1	0	0	0
5272	0	0	1	0
5273	1	0	0	0
5274	1	0	0	0
5275	1	0	0	0
5276	0	0	0	1
5277	0	0	1	0
5278	0	0	1	0
5279	1	0	0	0
5280	0	0	0	1
5281	0	1	0	0
5282	0	1	0	0
5283	1	0	0	0
5284	0	0	1	0
5285	0	0	0	1
5286	1	0	0	0
5287	0	0	1	0
5288	1	0	0	0
5289	0	0	0	1
5290	0	1	0	0
5291	0	1	0	0
5292	0	0	0	1
5293	1	0	0	0
5294	2	0	0	0
5295	0	2	0	0
5296	0	2	0	0
5297	0	0	0	2
5298	2	0	0	0
5299	0	0	1	0
5300	1	0	0	0
5301	0	0	2	0
5302	0	2	0	0
5303	0	3	0	0
5304	0	3	0	0
5305	0	0	0	1
5306	0	0	2	0
5307	0	0	2	0
5308	2	0	0	0
5309	2	0	0	0
5310	0	2	0	0
5311	0	1	0	0
5312	2	0	0	0
5313	0	0	0	2
5314	0	2	0	0
5315	0	1	0	0
5316	1	0	0	0
5317	0	0	1	0
5318	0	0	1	0
5319	2	0	0	0
5320	2	0	0	0
5321	0	0	2	0
5322	0	0	0	2
5323	0	2	0	0
5324	2	0	0	0
5325	0	0	2	0
5326	0	2	0	0
5327	0	3	0	0
5328	0	0	0	3
5329	2	1	0	0
5330	3	0	0	0
5331	3	0	0	0
5332	2	0	0	0
5333	0	2	0	0
5334	0	0	0	3
5335	0	1	2	0
5336	0	3	0	0
5337	0	0	0	3
5338	0	0	0	2
5339	0	0	3	0
5340	0	0	0	3
5341	3	0	0	0
5342	3	0	0	0
5343	0	0	0	2
5344	3	0	0	0
5345	1	2	0	0
5346	1	2	0	0
5347	0	0	0	3
5348	0	0	3	0
5349	0	1	0	2
5350	0	0	0	3
5351	4	0	0	0
5352	0	0	0	3
5353	0	0	0	4
5354	0	0	4	0
5355	0	0	0	3
5356	4	0	0	0
5357	4	0	0	0
5358	4	0	0	0
5359	0	2	0	1
5360	3	0	0	0
5361	0	2	0	1
5362	0	0	0	3
5363	0	0	3	0
5364	0	0	0	3
5365	3	0	0	0
5366	0	0	3	0
5367	0	3	0	0
5368	0	0	0	3
5369	3	0	0	0
5370	0	3	0	0
5371	0	2	0	0
5372	3	0	0	0
5373	0	0	0	3
5374	0	0	0	3
5375	0	0	2	0
5376	0	0	0	2
5377	0	0	0	2
5378	0	0	0	2
5379	2	0	0	0
5380	0	0	2	0
5381	0	0	0	2
5382	0	0	0	2
5383	0	0	0	2
5384	0	0	2	0
5385	0	2	0	0
5386	0	0	0	2
5387	0	0	0	2
5388	0	0	0	2
5389	0	2	0	0
5390	2	0	0	0
5391	0	0	2	0
5392	2	0	0	0
5393	0	2	0	0
5394	2	0	0	0
5395	2	0	0	0
5396	2	0	0	0
5397	2	0	0	0
5398	0	0	2	0
5399	0	0	1	0
5400	0	1	0	0
5401	0	0	0	1
5402	0	0	0	1
5403	1	0	0	0
5404	0	0	1	0
5405	0	0	1	0
5406	0	1	0	0
5407	1	0	0	0
5408	0	0	0	1
5409	0	0	0	1
5410	0	0	0	1
5411	0	1	0	0
5412	0	1	0	0
5413	0	0	0	1
5414	1	0	0	0
5415	0	0	0	2
5416	0	0	2	0
5417	0	0	2	0
5418	0	2	0	0
5419	2	0	0	0
5420	0	0	2	0
5421	0	0	2	0
5422	1	0	0	0
5423	1	0	0	0
5424	0	0	1	0
5425	1	0	0	0
5426	1	0	0	0
5427	0	0	1	0
5428	0	1	0	0
5429	0	0	1	0
5430	0	0	1	0
5431	1	0	0	0
5432	0	0	1	0
5433	1	0	0	0
5434	0	1	0	0
5435	1	0	0	0
5436	0	0	1	0
5437	0	1	0	0
5438	0	0	1	0
5439	1	0	0	0
5440	0	1	0	0
5441	0	0	1	0
5442	1	0	0	0
5443	1	0	0	0
5444	0	0	1	0
5445	0	1	0	0
5446	1	0	0	0
5447	0	1	0	0
5448	0	0	0	1
5449	0	1	0	0
5450	0	1	0	0
5451	0	0	0	1
5452	0	1	0	0
5453	0	1	0	0
5454	1	0	0	0
5455	1	0	0	0
5456	0	0	1	0
5457	0	1	0	0
5458	1	0	0	0
5459	0	0	1	0
5460	0	0	0	1
5461	0	0	1	0
5462	1	0	0	0
5463	0	0	1	0
5464	0	0	1	0
5465	1	0	1	0
5466	0	1	0	1
5467	0	2	0	0
5468	2	0	0	0
5469	0	0	0	2
5470	0	2	0	0
5471	2	0	0	0
5472	2	0	0	0
5473	1	0	1	0
5474	2	0	0	0
5475	0	0	0	2
5476	0	2	0	0
5477	0	0	0	2
5478	0	0	0	2
5479	1	0	1	0
5480	0	0	0	2
5481	2	0	0	0
5482	0	0	0	2
5483	0	2	0	0
5484	2	0	0	0
5485	2	0	0	0
5486	2	0	0	0
5487	0	0	3	0
5488	0	3	0	0
5489	2	0	0	0
5490	0	0	2	0
5491	0	0	0	2
5492	2	0	0	0
5493	2	0	0	0
5494	0	0	2	0
5495	0	0	0	2
5496	2	0	0	0
5497	0	0	0	2
5498	2	0	0	0
5499	0	0	0	3
5500	0	0	3	0
5501	0	0	0	3
5502	3	0	0	0
5503	3	0	0	0
5504	0	0	0	3
5505	0	0	3	0
5506	0	0	0	3
5507	0	0	0	3
5508	2	0	1	0
5509	2	0	1	0
5510	1	0	2	0
5511	0	0	0	3
5512	0	0	0	3
5513	0	0	0	3
5514	3	0	0	0
5515	0	2	0	1
5516	0	0	0	3
5517	3	0	0	0
5518	0	0	3	0
5519	2	1	0	0
5520	3	0	0	0
5521	3	0	0	0
5522	0	0	3	0
5523	3	0	0	0
5524	0	0	3	0
5525	0	0	0	3
5526	3	0	0	0
5527	0	0	3	0
5528	3	0	0	0
5529	0	0	0	3
5530	0	0	0	3
5531	3	0	0	0
5532	0	0	0	3
5533	3	0	0	0
5534	0	0	3	0
5535	3	0	0	0
5536	0	0	0	3
5537	0	0	0	2
5538	2	0	0	0
5539	0	0	2	0
5540	0	0	2	0
5541	2	0	0	0
5542	0	0	2	0
5543	0	0	0	2
5544	2	0	0	0
5545	0	0	2	0
5546	0	0	2	0
5547	2	0	0	0
5548	0	0	2	0
5549	0	2	0	0
5550	1	0	0	1
5551	0	1	0	1
5552	0	0	0	2
5553	0	0	2	0
5554	2	0	0	0
5555	0	0	0	2
5556	2	0	0	0
5557	1	0	1	0
5558	0	0	0	2
5559	1	0	0	0
5560	0	0	1	0
5561	0	1	0	0
5562	1	0	0	0
5563	0	2	0	0
5564	0	0	0	2
5565	2	0	0	0
5566	2	0	0	0
5567	0	0	0	2
5568	0	2	0	0
5569	1	0	0	1
5570	0	0	0	3
5571	3	0	0	0
5572	1	0	1	0
5573	0	2	0	0
5574	2	0	0	0
5575	2	0	0	0
5576	0	0	0	1
5577	2	0	0	0
5578	0	0	3	0
5579	0	0	0	3
5580	0	0	0	3
5581	0	0	3	0
5582	0	0	0	3
5583	0	0	3	0
5584	0	0	0	3
5585	0	0	3	0
5586	0	0	3	0
5587	3	0	0	0
5588	0	0	0	3
5589	0	5	0	0
5590	5	0	0	0
5591	0	0	0	5
5592	5	0	0	0
5593	0	0	5	0
5594	0	5	0	0
5595	4	0	0	1
5596	0	0	0	5
5597	5	0	0	0
5598	0	1	0	4
5599	1	4	0	0
5600	0	0	0	5
5601	5	0	0	0
5602	0	0	5	0
5603	4	0	0	0
5604	5	0	0	0
5605	0	0	0	5
5606	5	0	0	0
5607	0	0	0	5
5608	5	0	0	0
5609	0	0	5	0
5610	1	0	4	0
5611	5	0	0	0
5612	5	0	0	0
5613	4	0	1	0
5614	0	4	0	1
5615	0	0	1	4
5616	0	0	5	0
5617	0	0	0	5
5618	0	0	0	5
5619	5	0	0	0
5620	5	0	0	0
5621	0	0	6	0
5622	6	0	0	0
5623	0	6	0	0
5624	6	0	0	0
5625	6	0	0	0
5626	6	0	0	0
5627	0	0	6	0
5628	1	0	5	0
5629	6	0	0	0
5630	1	0	5	0
5631	6	0	0	0
5632	6	0	0	0
5633	0	0	0	6
5634	6	0	0	0
5635	0	0	5	0
5636	5	0	0	0
5637	0	1	0	3
5638	0	0	0	4
5639	0	0	1	3
5640	0	0	1	3
5641	0	0	0	4
5642	0	0	0	4
5643	5	0	0	0
5644	4	0	1	0
5645	0	0	0	5
5646	0	0	0	5
5647	1	4	0	0
5648	5	0	0	0
5649	5	0	0	0
5650	5	0	0	0
5651	0	0	5	0
5652	5	0	0	0
5653	5	0	0	0
5654	0	0	0	5
5655	0	0	0	5
5656	4	1	0	0
5657	0	0	5	0
5658	0	0	4	1
5659	0	0	5	0
5660	4	0	0	0
5661	4	0	0	0
5662	2	0	0	0
5663	0	0	2	0
5664	2	0	0	0
5665	0	0	2	0
5666	0	2	0	0
5667	2	0	0	0
5668	0	0	2	0
5669	2	0	0	0
5670	2	0	0	0
5671	0	0	2	0
5672	2	0	0	0
5673	0	2	0	0
5674	2	0	0	0
5675	0	0	2	0
5676	0	0	0	2
5677	0	0	2	0
5678	0	0	2	0
5679	0	2	0	0
5680	2	0	0	0
5681	2	0	0	0
5682	0	0	0	2
5683	0	0	2	0
5684	2	0	0	0
5685	0	0	2	0
5686	2	0	0	0
5687	0	0	2	0
5688	0	0	0	2
5689	0	0	2	0
5690	2	0	0	0
5691	0	0	2	0
5692	0	0	2	0
5693	0	0	1	0
5694	0	0	2	0
5695	0	0	2	0
5696	1	0	0	0
5697	0	0	0	0
5698	1	0	0	0
5699	0	1	0	0
5700	0	0	0	1
5701	0	0	1	0
5702	1	0	0	0
5703	0	0	1	0
5704	0	0	1	0
5705	1	0	0	0
5706	1	0	0	0
5707	0	0	0	1
5708	0	0	0	1
5709	0	0	1	0
5710	0	0	0	1
5711	0	1	0	0
5712	1	0	0	0
5713	1	0	0	0
5714	0	1	0	0
5715	1	0	0	0
5716	1	0	0	0
5717	0	0	0	1
5727	0	0	0	0
5728	0	0	1	0
5729	0	0	1	0
5730	0	0	1	0
5731	1	0	0	0
5732	1	0	0	0
5733	0	0	0	1
5734	0	1	0	0
5735	0	0	0	1
5736	0	0	0	1
5737	1	0	0	0
5738	0	0	1	0
5739	0	0	1	0
5740	0	1	0	0
5741	0	0	0	1
5742	0	0	0	1
5743	0	0	0	1
5744	0	0	0	1
5745	0	0	1	0
5746	0	0	1	0
5747	1	0	0	0
5748	0	0	0	1
5749	0	0	1	0
5750	0	1	0	0
5751	0	0	0	1
5752	1	0	0	0
5753	1	0	0	0
5754	0	0	0	1
5755	0	0	1	0
5756	1	0	0	0
5757	0	0	0	1
5758	0	0	0	1
5759	0	0	0	1
5760	1	0	0	0
5761	0	0	0	1
5762	1	0	0	0
5763	1	0	0	0
5764	0	0	0	1
5765	0	0	1	0
5766	0	0	0	1
5767	0	0	1	0
5768	0	0	1	0
5769	0	1	0	0
5770	0	0	1	0
5771	0	0	1	0
5772	0	0	1	0
5773	1	0	0	0
5774	1	0	0	0
5775	1	0	0	0
5776	0	1	0	0
5777	0	0	0	1
5778	0	0	0	1
5779	0	0	1	0
5780	0	0	0	1
5781	0	0	1	0
5782	0	0	1	0
5783	0	0	1	0
5784	0	0	0	1
5785	0	1	0	0
5786	1	0	0	0
5787	0	1	0	0
5788	1	0	0	0
5789	0	0	1	0
5790	0	0	0	1
5791	0	1	0	0
5792	0	0	0	1
5793	1	0	0	0
5794	0	0	0	1
5795	0	0	0	1
5796	1	0	0	0
5797	0	0	0	2
5798	0	0	2	0
5799	0	0	2	0
5800	0	0	2	0
5801	0	0	2	0
5802	0	0	0	2
5803	2	0	0	0
5804	0	2	0	0
5805	0	2	0	0
5806	0	0	0	2
5807	0	0	2	0
5808	0	0	0	2
5809	0	0	2	0
5810	0	0	0	2
5811	0	0	2	0
5812	0	0	2	0
5813	2	0	0	0
5814	2	0	0	0
5815	2	0	0	0
5816	0	0	2	0
5817	2	0	0	0
5818	2	0	0	0
5819	0	0	2	0
5820	0	2	0	0
5821	1	0	0	1
5822	2	0	0	0
5823	2	0	0	0
5824	2	0	0	0
5825	2	0	0	0
5826	0	2	0	0
5827	0	1	0	1
5828	2	0	0	0
5829	0	2	0	0
5830	0	0	0	2
5831	0	2	0	0
5832	0	0	0	2
5833	2	0	0	0
5834	0	0	0	2
5835	0	0	0	2
5836	0	2	0	0
5837	0	0	0	2
5838	0	0	2	0
5839	0	0	0	2
5840	0	0	2	0
5841	0	2	0	0
5842	2	0	0	0
5843	0	0	0	2
5844	0	2	0	0
5845	2	0	0	0
5846	0	0	2	0
5847	2	0	0	0
5848	0	0	0	2
5849	0	0	2	0
5850	0	2	0	0
5851	0	0	0	2
5852	2	0	0	0
5853	2	0	0	0
5854	1	0	1	0
5855	0	0	2	0
5856	0	2	0	0
5857	2	0	0	0
5858	0	0	0	2
5859	2	0	0	0
5860	0	1	0	1
5861	0	0	2	0
5862	2	0	0	0
5863	0	0	2	0
5864	2	0	0	0
5865	1	0	0	0
5866	1	0	0	0
5867	0	0	1	0
5868	1	0	0	0
5869	1	0	0	0
5870	0	0	1	0
5871	0	0	0	1
5872	0	0	1	0
5873	0	1	0	0
5874	1	0	0	0
5875	0	0	0	1
5876	1	0	0	0
5877	1	0	0	0
5878	0	0	0	1
5879	0	0	1	0
5880	0	0	0	1
5881	0	0	0	1
5882	0	0	0	1
5883	0	0	1	0
5884	0	0	1	0
5885	0	0	1	0
5886	0	1	0	0
5887	0	0	0	1
5888	1	0	0	0
5889	0	1	0	0
5890	1	0	0	0
5891	0	1	0	0
5892	1	0	0	0
5893	0	0	0	1
5894	0	0	1	0
5895	0	1	0	0
5896	0	1	0	0
5897	0	0	0	1
5898	0	0	1	0
5899	0	0	0	1
5900	0	0	1	0
5901	0	0	0	1
5902	1	0	0	0
5903	0	1	0	0
5904	0	1	0	0
5905	1	0	0	0
5906	1	0	0	0
5907	0	2	0	0
5908	2	0	0	0
5909	0	0	2	0
5910	2	0	0	0
5911	0	1	0	1
5912	0	2	0	0
5913	0	2	0	0
5914	0	2	0	0
5915	2	0	0	0
5916	2	0	0	0
5917	0	2	0	0
5918	0	2	0	0
5919	0	2	0	0
5920	2	0	0	0
5921	0	2	0	0
5922	1	0	0	0
5923	1	0	0	0
5924	0	0	1	0
5925	1	0	0	0
5926	1	0	0	0
5927	0	1	0	0
5928	0	0	0	1
5929	1	0	0	0
5930	0	0	1	0
5931	0	0	0	1
5932	0	0	0	1
5933	0	0	0	1
5934	0	0	0	1
5935	0	0	1	0
5936	0	0	0	0
5937	0	0	0	0
5938	0	0	0	0
5939	1	0	0	0
5940	1	0	0	0
5941	0	0	0	1
5942	0	0	1	0
5943	0	0	0	1
5944	1	0	0	0
5945	1	0	0	0
5946	0	1	0	0
5947	1	0	0	0
5948	0	0	1	0
5949	1	0	0	0
5950	1	0	0	0
5951	1	0	0	0
5952	1	0	0	0
5953	0	0	0	1
5954	0	0	0	1
5955	0	0	0	1
5956	0	0	0	1
5957	1	0	0	0
5958	1	0	0	0
5959	0	1	0	0
5960	1	0	0	0
5961	0	0	0	1
5962	0	0	1	0
5963	0	0	0	1
5964	0	0	1	0
5965	0	0	1	0
5966	1	0	0	0
5967	1	0	0	0
5968	1	0	0	0
5969	1	0	0	0
5970	1	0	0	0
5971	0	0	0	1
5972	0	0	1	0
5973	1	0	0	0
5974	0	2	0	0
5975	2	0	0	0
5976	0	0	0	1
5977	0	0	2	0
5978	0	0	2	0
5979	0	1	0	1
5980	0	0	2	0
5981	0	0	2	0
5982	2	0	0	0
5983	0	0	0	2
5984	0	2	0	0
5985	1	0	0	0
5986	0	0	1	0
5987	1	0	0	0
5988	0	0	0	1
5989	0	0	1	0
5990	0	1	0	0
5991	1	0	0	0
5992	0	0	0	1
5993	0	0	1	0
5994	1	0	0	0
5995	0	0	1	0
5996	0	0	1	0
5997	1	0	0	0
5998	0	0	0	1
5999	1	0	0	0
6000	0	0	0	1
6001	1	0	0	0
6002	1	0	0	0
6003	0	0	0	1
6004	0	1	0	0
6005	1	0	0	0
6006	0	0	1	0
6007	0	0	0	1
6008	0	0	0	1
6009	0	0	0	1
6010	1	0	0	0
6011	0	0	0	1
6012	0	0	1	0
6013	0	0	1	0
6014	0	0	1	0
6015	1	0	0	0
6016	0	0	0	1
6017	0	0	1	0
6018	1	0	0	0
6019	1	0	0	0
6020	1	0	0	0
6021	0	0	1	0
6022	0	1	0	0
6023	0	1	0	0
6024	0	0	0	1
6025	1	0	0	0
6026	1	0	0	0
6027	1	0	0	0
6028	1	0	0	0
6029	0	1	0	0
6030	0	1	0	0
6031	1	0	0	0
6032	0	0	0	1
6033	0	0	1	0
6034	0	0	0	1
6035	0	0	1	0
6036	0	0	0	1
6037	1	0	0	0
6038	1	0	0	0
6039	1	0	0	0
6040	0	0	1	0
6041	0	0	0	1
6042	0	0	0	1
6043	0	0	1	0
6044	1	0	0	0
6045	0	1	0	0
6046	0	1	0	0
6047	0	1	0	0
6048	0	1	0	0
6265	0	0	0	1
6266	0	1	0	0
6267	1	0	0	0
6268	1	0	0	0
6269	0	1	0	0
6270	0	1	0	0
6271	1	0	0	0
6272	0	0	0	1
6273	1	0	0	0
6274	1	0	0	0
6275	0	1	0	0
6276	1	0	0	0
6277	0	1	0	0
6278	1	0	0	0
6279	1	0	0	0
6280	0	0	1	0
6281	0	1	0	0
6282	0	1	0	0
6283	0	0	0	1
6284	0	0	1	0
6285	0	0	0	1
6286	0	1	0	0
6287	0	1	0	0
6288	1	0	0	0
6289	1	0	0	0
6290	1	0	0	0
6291	0	0	1	0
6292	0	0	1	0
6293	0	0	0	1
6294	0	0	0	1
6295	0	0	0	1
6296	0	1	0	0
6297	0	0	0	1
6298	0	0	0	1
6299	0	0	0	1
6300	0	0	0	1
6301	0	0	1	0
6302	1	0	0	0
6303	0	1	0	0
6304	0	1	0	0
6305	0	1	0	0
6306	1	0	0	0
6307	1	0	0	0
6308	0	0	0	1
6309	0	0	0	1
6310	0	1	0	0
6311	0	1	0	0
6312	0	0	0	1
6313	1	0	0	0
6314	0	0	0	1
6315	1	0	0	0
6316	0	1	0	0
6317	1	0	0	0
6318	0	0	0	1
6319	0	0	0	1
6320	1	0	0	0
6321	0	0	0	1
6322	0	0	0	1
6323	0	0	1	0
6324	0	0	0	2
6325	0	0	2	0
6326	0	2	0	0
6327	0	0	0	2
6328	0	2	0	0
6329	0	2	0	0
6330	2	0	0	0
6331	0	0	2	0
6332	0	2	0	0
6333	0	0	0	2
6334	0	0	2	0
6335	0	0	1	0
6336	0	0	0	1
6337	0	0	0	1
6338	1	0	0	0
6339	0	0	0	1
6340	0	0	1	0
6341	0	1	0	0
6342	0	0	1	0
6343	1	0	0	0
6344	0	0	0	1
6345	0	0	0	1
6346	0	1	0	0
6347	0	0	0	1
6348	1	0	0	0
6349	1	0	0	0
6350	1	0	0	0
6351	0	0	1	0
6352	0	0	0	1
6353	0	0	1	0
6354	0	0	0	1
6355	1	0	0	0
6356	1	0	0	0
6357	0	0	0	1
6358	0	0	1	0
6359	1	0	0	0
6360	0	0	1	0
6361	1	0	0	0
6362	1	0	0	0
6363	0	0	1	0
6364	1	0	0	0
6365	0	0	0	1
6366	0	0	1	0
6367	0	0	0	1
6368	0	0	0	1
6369	0	1	0	0
6370	1	0	0	0
6371	1	0	0	0
6372	0	0	0	3
6373	0	0	2	0
6374	0	0	3	0
6375	2	0	1	0
6376	3	0	0	0
6377	0	4	0	0
6378	4	0	0	0
6379	0	0	4	0
6380	0	0	3	0
6381	4	0	0	0
6382	0	4	0	0
6383	0	4	0	0
6384	4	0	0	0
6385	0	0	0	4
6386	0	0	4	0
6387	0	0	0	4
6388	4	0	0	0
6389	4	0	0	0
6390	4	0	0	0
6391	4	0	0	0
6392	3	0	0	0
6393	0	0	0	4
6394	0	0	4	0
6395	0	0	0	4
6396	0	4	0	0
6397	3	0	0	0
6398	0	0	3	0
6399	0	3	0	0
6400	3	0	0	0
6401	0	3	0	0
6402	3	0	0	0
6403	0	0	3	0
6404	0	0	0	3
6405	3	0	0	0
6406	0	3	0	0
6407	3	0	0	0
6408	3	0	0	0
6409	0	0	0	3
6410	0	0	3	0
6411	0	0	0	3
6412	3	0	0	0
6413	0	3	0	0
6414	3	0	0	0
6415	0	3	0	0
6416	3	0	0	0
6417	0	0	0	3
6418	0	0	3	0
6419	0	0	3	0
6420	3	0	0	0
6421	1	0	0	0
6422	0	0	0	3
6423	0	0	0	3
6424	3	0	0	0
6425	3	0	0	0
6426	0	0	3	0
6427	0	3	0	0
6428	0	3	0	0
6429	2	0	0	0
6430	0	0	3	0
6431	0	0	0	3
6432	0	0	3	0
6433	0	0	3	0
6434	0	0	0	3
6435	3	0	0	0
6436	0	0	0	3
6437	0	3	0	0
6438	3	0	0	0
6439	3	0	0	0
6440	0	3	0	0
6441	0	3	0	0
6442	0	3	0	0
6443	3	0	0	0
6444	3	0	0	0
6528	3	0	0	0
6529	0	3	0	0
6530	3	0	0	0
6531	0	0	0	3
6532	0	2	0	0
6533	0	0	0	3
6534	0	0	0	3
6535	3	0	0	0
6536	3	0	0	0
6537	0	0	0	3
6538	0	0	3	0
6539	3	0	0	0
6540	4	0	0	0
6541	0	0	0	4
6542	0	3	0	0
6543	0	0	0	4
6544	1	0	3	0
6545	0	0	0	4
6546	4	0	0	0
6547	3	0	1	0
6548	4	0	0	0
6549	4	0	0	0
6550	4	0	0	0
6551	0	0	0	4
6552	0	0	0	4
6553	0	0	4	0
6554	0	0	0	4
6555	0	0	4	0
6556	0	0	0	4
6557	0	0	4	0
6558	0	0	0	4
6559	4	0	0	0
6560	0	1	0	3
6561	4	0	0	0
6562	4	0	0	0
6563	0	0	4	0
6564	4	0	0	0
6565	0	4	0	0
6566	0	4	0	0
6567	0	3	0	0
6568	4	0	0	0
6569	4	0	0	0
6570	0	4	0	0
6571	4	0	0	0
6572	4	0	0	0
6573	0	0	0	4
6574	4	0	0	0
6575	3	0	0	0
6576	0	0	0	4
6577	3	0	0	0
6578	0	4	0	0
6579	4	0	0	0
6580	4	0	0	0
6581	0	0	4	0
6582	0	0	4	0
6583	4	0	0	0
6584	4	0	0	0
6585	4	0	0	0
6586	4	0	0	0
6587	0	0	4	0
6588	0	3	0	0
6589	4	0	0	0
6590	0	0	0	4
6591	4	0	0	0
6592	3	0	0	0
6593	0	0	4	0
6594	0	0	4	0
6595	4	0	0	0
6596	0	0	0	4
6597	4	0	0	0
6598	0	0	4	0
6599	0	0	4	0
6600	4	0	0	0
6601	0	4	0	0
6602	0	4	0	0
6603	1	0	0	0
6604	0	0	1	0
6605	0	0	1	0
6606	1	0	0	0
6607	0	1	0	0
6608	1	0	0	0
6609	1	0	0	0
6610	0	0	1	0
6611	0	1	0	0
6612	1	0	0	0
6613	0	0	0	1
6614	0	0	0	1
6615	0	1	0	0
6616	0	0	0	1
6617	1	0	0	0
6618	0	0	0	1
6619	0	0	1	0
6620	0	1	0	0
6621	1	0	0	0
6622	1	0	0	0
6623	0	2	0	0
6624	2	0	0	0
6625	1	0	1	0
6626	1	1	0	0
6627	1	0	0	1
6628	0	0	2	0
6629	2	0	0	0
6630	0	1	0	1
6631	2	0	0	0
6632	0	0	0	2
6633	2	0	0	0
6634	2	0	0	0
6635	0	0	0	2
6636	2	0	0	0
6637	0	0	2	0
6638	0	0	2	0
6639	1	0	1	0
6640	0	0	2	0
6641	2	0	0	0
6642	0	0	0	2
6643	2	0	0	0
6644	0	0	0	2
6645	2	0	0	0
6646	2	0	0	0
6647	0	0	2	0
6648	2	0	0	0
6649	1	1	0	0
6650	2	0	0	0
6651	1	0	1	0
6652	0	0	2	0
6653	0	2	0	0
6654	2	0	0	0
6655	0	1	0	1
6656	2	0	0	0
6657	0	0	0	2
6658	0	0	0	2
6659	0	0	2	0
6660	0	1	0	1
6661	2	0	0	0
6662	2	0	0	0
6663	1	1	0	0
6664	2	0	0	0
6665	0	0	0	2
6666	0	0	0	2
6667	2	0	0	0
6668	1	0	1	0
6669	0	0	0	2
6670	1	0	1	0
6671	2	0	0	0
6672	2	0	0	0
6673	1	0	1	0
6674	0	1	0	0
6675	0	1	0	0
6676	1	0	0	0
6677	1	0	0	0
6678	1	0	0	0
6679	0	0	0	1
6680	0	0	1	0
6681	0	0	1	0
6682	1	0	0	0
6683	1	0	0	0
6684	0	0	0	1
6685	0	0	1	0
6686	1	0	0	0
6687	2	0	0	0
6688	2	0	0	0
6689	0	2	0	0
6690	0	0	0	2
6691	0	0	0	2
6692	0	0	0	1
6693	2	0	0	0
6694	0	0	1	0
6695	1	0	0	0
6696	1	0	0	0
6697	1	0	0	0
6698	1	0	0	0
6699	0	0	1	0
6700	1	0	0	0
6701	0	0	0	1
6702	1	0	0	0
6703	1	0	0	0
6704	1	0	0	0
6705	0	0	1	0
6706	0	0	1	0
6707	1	0	0	0
6708	1	0	0	0
6709	1	0	0	0
6710	1	0	0	0
6711	1	0	0	0
6712	0	0	0	1
6713	0	0	0	0
6714	1	0	0	0
6715	1	0	0	0
6716	1	0	0	0
6717	1	0	0	0
6718	0	0	1	0
6719	0	0	1	0
6720	1	0	0	0
6721	0	1	0	0
6722	1	0	0	0
6723	0	1	0	0
6724	0	0	0	0
6725	1	0	0	0
6726	0	1	0	0
6727	0	0	0	0
6728	0	0	0	0
6729	0	0	0	0
6730	1	0	0	0
6731	1	0	0	0
6732	0	0	0	0
6733	1	0	0	0
6734	0	1	0	0
6735	1	0	0	0
6736	1	0	0	0
6737	0	1	0	0
6738	1	0	0	0
6739	1	0	0	0
6740	0	0	0	0
6741	1	0	0	0
6742	1	0	0	0
6743	1	0	0	0
6744	1	0	0	0
6745	0	0	0	1
6746	0	0	0	0
6747	0	0	0	0
6748	0	1	0	0
6749	1	0	0	0
6750	1	0	0	0
6751	0	1	0	0
6752	0	1	0	0
6753	1	0	0	0
6754	0	0	0	0
6755	0	1	0	0
6756	0	1	0	0
6757	0	0	0	1
6758	0	1	0	0
6759	1	0	0	0
6760	0	0	1	0
6761	0	0	0	0
6781	1	0	0	0
6782	0	1	0	0
6783	1	0	0	0
6784	0	1	0	0
6785	1	0	0	0
6786	0	1	0	0
6787	1	0	0	0
6788	0	0	1	0
6789	0	1	0	0
6790	0	0	0	1
6791	0	0	0	1
6792	0	0	0	1
6793	1	0	0	0
6794	1	0	0	0
6795	0	0	0	1
6796	0	0	0	1
6797	0	0	1	0
6798	0	0	0	1
6799	1	0	0	0
6800	0	0	1	0
6801	1	0	0	0
6802	0	0	1	0
6803	0	0	1	0
6804	1	0	0	0
6805	0	0	1	0
6806	1	0	0	0
6807	1	0	0	0
6808	0	0	0	1
6809	0	0	0	1
6810	0	0	0	1
6811	0	0	0	1
6812	0	0	0	1
6813	0	1	0	0
6814	0	0	0	1
6815	1	0	0	0
6816	0	0	0	1
6817	0	0	0	1
6818	0	0	1	0
6819	0	1	0	0
6820	1	0	0	0
6821	1	0	0	0
6822	0	1	0	0
6823	1	0	0	0
6824	0	1	0	0
6825	1	0	0	0
6826	1	0	0	0
6827	0	1	0	0
6828	1	0	0	0
6829	1	0	0	0
6830	0	0	0	1
6831	1	0	0	0
6832	0	1	0	0
6833	0	0	0	1
6834	0	0	1	0
6835	0	0	0	1
6836	0	0	0	1
6837	0	0	0	1
6838	1	0	0	0
6839	1	0	0	0
6840	0	0	0	1
6841	1	0	0	0
6883	2	0	0	0
6884	0	0	0	2
6885	0	2	0	0
6886	2	0	0	0
6887	0	2	0	0
6888	2	0	0	0
6889	0	2	0	0
6890	0	0	0	2
6891	0	2	0	0
6892	0	2	0	0
6893	0	2	0	0
6894	2	0	0	0
6895	0	0	0	2
6896	0	0	2	0
6897	0	2	0	0
6898	2	0	0	0
6899	1	0	1	0
6900	2	0	0	0
6901	2	0	0	0
6902	0	0	0	2
6903	2	0	0	0
6904	2	0	0	0
6905	2	0	0	0
6906	1	0	1	0
6907	0	2	0	0
6908	2	0	0	0
6909	2	0	0	0
6910	2	0	0	0
6911	0	0	0	2
6912	0	0	0	2
6913	0	0	1	0
6914	0	0	0	1
6915	1	0	0	0
6916	1	0	0	0
6917	2	0	0	0
6918	0	2	0	0
6919	2	0	0	0
6920	0	0	0	2
6921	0	0	2	0
6922	0	0	0	2
6923	1	0	1	0
6924	0	0	2	0
6925	0	2	0	0
6926	2	0	0	0
6927	0	0	1	0
6928	0	0	1	0
6929	0	0	1	0
6930	0	0	1	0
6931	0	0	2	0
6932	0	0	0	1
6933	2	0	0	0
6934	0	0	2	0
6935	0	0	2	0
6936	2	0	0	0
6937	0	2	0	0
6938	0	0	2	0
6939	2	0	0	0
6940	0	0	2	0
6941	0	2	0	0
6942	2	0	0	0
6943	2	0	0	0
6944	0	0	0	2
6945	1	0	1	0
6946	0	0	0	2
6947	2	0	0	0
6948	0	0	0	2
6949	0	0	2	0
6950	0	2	0	0
6951	0	2	0	0
6952	0	2	0	0
6953	0	2	0	0
6954	0	0	0	2
6955	0	2	0	0
6956	0	4	0	0
6957	0	4	0	0
6958	3	0	1	0
6959	0	0	0	4
6960	0	0	0	4
6961	0	0	3	0
6962	2	2	0	0
6963	4	0	0	0
6964	0	0	4	0
6965	0	0	4	0
6966	2	0	2	0
6967	4	0	0	0
6968	4	0	0	0
6969	0	4	0	0
6970	4	0	0	0
6971	0	0	0	5
6972	5	0	0	0
6973	5	0	0	0
6974	0	5	0	0
6975	5	0	0	0
6976	0	0	0	6
6977	0	0	6	0
6978	0	2	0	4
6979	6	0	0	0
6980	6	0	0	0
6981	0	4	0	2
6982	0	0	0	6
6983	0	6	0	0
6984	6	0	0	0
6985	6	0	0	0
6986	3	3	0	0
6987	0	0	0	6
6988	6	0	0	0
6989	0	0	0	6
6990	0	6	0	0
6991	6	0	0	0
6992	0	6	0	0
6993	6	0	0	0
6994	0	0	6	0
6995	0	0	6	0
6996	6	0	0	0
6997	0	5	0	0
6998	0	0	0	6
6999	6	0	0	0
7000	0	4	0	2
7001	0	0	0	6
7002	6	0	0	0
7003	0	0	0	5
7004	0	0	0	6
7005	0	0	5	0
7006	3	0	2	0
7007	0	3	0	2
7008	5	0	0	0
7009	0	5	0	0
7010	0	0	5	0
7011	0	0	0	4
7012	0	0	4	0
7013	4	0	0	0
7014	0	0	0	4
7015	0	0	4	0
7016	0	0	4	0
7017	4	0	0	0
7018	0	0	4	0
7019	0	0	4	0
7020	2	0	0	0
7021	2	0	0	0
7022	2	0	0	0
7023	1	0	0	1
7024	1	0	0	0
7025	1	0	0	0
7026	0	0	0	1
7027	0	0	1	0
7028	0	1	0	0
7029	0	0	0	1
7030	1	0	0	0
7031	0	0	1	0
7032	0	0	0	1
7033	1	0	0	0
7034	2	0	0	0
7035	2	0	0	0
7036	2	0	0	0
7037	0	2	0	0
7038	2	0	0	0
7039	0	0	2	0
7040	2	0	0	0
7041	0	0	2	0
7042	2	0	0	0
7043	0	2	0	0
7044	2	0	0	0
7045	0	0	0	2
7046	0	0	0	2
7047	0	2	0	0
7048	1	0	0	0
7049	0	0	1	0
7050	1	0	0	0
7051	0	1	0	0
7052	0	1	0	0
7053	0	0	0	1
7054	0	0	1	0
7055	0	0	1	0
7056	1	0	0	0
7057	0	0	1	0
7058	0	0	1	0
7059	1	0	0	0
7060	0	0	1	0
7061	0	0	1	0
7062	1	0	0	0
7063	1	0	0	0
7064	1	0	0	0
7065	0	0	0	1
7066	1	0	0	0
7067	0	0	0	2
7068	0	0	2	0
7069	2	0	0	0
7070	2	0	0	0
7071	0	0	2	0
7072	0	0	2	0
7073	2	0	0	0
7074	0	2	0	0
7075	1	0	0	0
7076	1	0	0	0
7077	0	0	0	1
7078	0	0	0	1
7079	0	0	1	0
7080	0	0	1	0
7081	1	0	0	0
7082	0	0	2	0
7083	1	0	0	0
7084	2	0	0	0
7085	0	0	2	0
7086	0	0	0	2
7087	0	0	2	0
7088	2	0	0	0
7089	2	0	0	0
7090	0	0	0	2
7091	0	0	0	2
7092	1	0	0	0
7093	0	0	0	2
7094	2	0	0	0
7095	0	0	0	1
7096	2	0	0	0
7097	3	0	0	0
7098	1	0	1	0
7099	0	0	0	3
7100	3	0	0	0
7101	0	0	0	3
7102	3	0	0	0
7103	3	0	0	0
7104	3	0	0	0
7105	0	0	3	0
7106	0	0	0	3
7107	0	0	4	0
7108	0	0	4	0
7109	0	0	0	4
7110	4	0	0	0
7111	0	0	4	0
7112	4	0	0	0
7113	4	0	0	0
7114	4	0	0	0
7115	0	0	0	4
7116	0	0	0	4
7117	4	0	0	0
7118	4	0	0	0
7119	1	0	3	0
7120	0	4	0	0
7121	0	4	0	0
7122	4	0	0	0
7123	0	0	0	4
7124	0	0	0	4
7125	0	0	4	0
7126	0	0	4	0
7127	0	0	4	0
7128	4	0	0	0
7129	2	0	2	0
7130	0	0	0	4
7131	4	0	0	0
7132	0	0	4	0
7133	0	4	0	0
7134	4	0	0	0
7135	0	4	0	0
7136	0	4	0	0
7137	0	4	0	0
7138	4	0	0	0
7139	0	3	0	0
7140	0	2	0	1
7141	1	0	2	0
7142	2	0	1	0
7143	0	0	4	0
7144	0	0	4	0
7145	0	3	0	0
7146	4	0	0	0
7147	4	0	0	0
7148	4	0	0	0
7149	4	0	0	0
7150	3	0	0	0
7151	0	0	4	0
7152	0	0	3	0
7153	3	0	0	0
7154	0	0	2	0
7155	2	0	0	0
7156	0	0	1	0
7157	0	0	0	2
7158	0	0	2	0
7159	0	0	2	0
7160	0	0	0	2
7161	0	0	2	0
7162	0	0	2	0
7163	2	0	0	0
7164	0	0	2	0
7165	2	0	0	0
7166	0	0	2	0
7167	2	0	0	0
7168	0	0	2	0
7169	1	0	0	0
7170	1	0	0	0
7171	1	0	0	0
7172	1	0	0	0
7173	1	0	0	0
7174	1	0	0	0
7175	0	0	1	0
7176	1	0	0	0
7177	0	0	1	0
7178	0	1	0	0
7179	1	0	0	0
7180	0	0	1	0
7181	0	0	0	1
7182	0	0	1	0
7183	0	0	1	0
7184	0	0	1	0
7185	1	0	0	0
7186	1	0	0	0
7187	0	0	0	1
7188	0	0	1	0
7189	0	0	1	0
7190	0	0	1	0
7191	1	0	0	0
7192	0	0	1	0
7193	0	1	0	0
7194	0	0	0	1
7195	0	0	1	0
7196	0	0	0	1
7197	0	0	1	0
7198	0	1	0	0
7199	0	0	0	1
7200	0	1	0	0
7201	0	1	0	0
7202	0	0	0	1
7203	0	0	0	1
7204	0	0	1	0
7205	0	0	1	0
7206	0	0	1	0
7207	0	0	0	1
7208	0	0	0	1
7209	0	1	0	0
7210	0	0	0	1
7211	0	0	0	1
7212	0	0	1	0
7213	0	0	1	0
7214	0	0	1	0
7215	1	0	0	0
7216	0	0	1	0
7438	0	0	0	1
7439	0	1	0	0
7440	0	0	0	1
7441	0	0	1	0
7442	0	0	1	0
7443	1	0	0	0
7444	1	0	0	0
7445	1	0	0	0
7446	1	0	0	0
7447	0	1	0	0
7448	1	0	0	0
7449	0	1	0	0
7450	1	0	0	0
7451	0	0	0	1
7452	0	3	0	0
7453	0	0	0	3
7454	0	0	3	0
7455	0	3	0	0
7456	3	0	0	0
7457	0	3	0	0
7458	0	3	0	0
7459	4	0	0	0
7460	0	4	0	0
7461	0	0	0	4
7462	2	0	1	0
7463	3	1	0	0
7464	0	0	0	4
7465	0	0	4	0
7466	0	0	0	4
7467	0	0	4	0
7468	0	4	0	0
7469	0	4	0	0
7470	0	0	0	4
7471	0	0	0	4
7472	0	0	4	0
7473	0	0	4	0
7474	4	0	0	0
7475	4	0	0	0
7476	0	4	0	0
7477	0	0	0	4
7478	0	4	0	0
7479	0	4	0	0
7480	4	0	0	0
7481	0	0	4	0
7482	0	0	0	4
7483	0	0	0	4
7484	0	0	4	0
7485	0	0	4	0
7486	4	0	0	0
7487	0	0	4	0
7488	0	0	0	4
7489	4	0	0	0
7490	4	0	0	0
7491	0	0	0	4
7492	4	0	0	0
7493	3	0	1	0
7494	4	0	0	0
7495	3	0	0	1
7496	0	4	0	0
7497	0	3	0	1
7498	0	4	0	0
7499	4	0	0	0
7500	3	0	0	1
7501	0	0	0	4
7502	0	4	0	0
7503	4	0	0	0
7504	0	0	3	1
7505	4	0	0	0
7506	2	0	1	1
7507	4	0	0	0
7508	0	0	0	4
7509	0	0	0	4
7510	0	0	0	4
7511	0	0	4	0
7512	0	0	4	0
7513	4	0	0	0
7514	3	0	1	0
7515	0	0	0	4
7516	4	0	0	0
7517	4	0	0	0
7518	0	4	0	0
7519	4	0	0	0
7520	0	0	0	4
7521	0	0	4	0
7522	4	0	0	0
7523	0	4	0	0
7524	0	2	0	0
7525	0	0	0	2
7526	0	0	2	0
7527	0	0	2	0
7528	2	0	0	0
7529	0	0	0	2
7530	0	0	2	0
7531	0	1	0	0
7532	1	0	0	0
7533	1	0	0	0
7534	0	0	0	1
7535	0	0	1	0
7536	0	0	1	0
7562	2	0	0	0
7563	0	2	0	0
7564	2	0	0	0
7565	0	2	0	0
7566	2	0	0	0
7567	2	0	0	0
7568	0	0	0	2
7569	2	0	0	0
7570	0	0	0	2
7571	2	0	0	0
7572	0	2	0	0
7573	2	0	0	0
7574	0	0	2	0
7575	0	2	0	0
7576	0	0	0	2
7577	0	0	0	2
7578	0	0	2	0
7579	0	2	0	0
7580	0	0	0	2
7581	0	0	0	1
7582	0	0	2	0
7583	2	0	0	0
7584	2	0	0	0
7585	2	0	0	0
7586	2	0	0	0
7587	2	0	0	0
7588	0	0	0	2
7589	0	2	0	0
7590	0	0	2	0
7591	0	2	0	0
7592	2	0	0	0
7593	2	0	0	0
7594	2	0	0	0
7595	2	0	0	0
7596	0	2	0	0
7597	0	2	0	0
7598	2	0	0	0
7599	0	0	2	0
7600	0	2	0	0
7601	2	0	0	0
7602	0	0	2	0
7603	0	0	2	0
7604	2	0	0	0
7605	2	0	0	0
7606	0	2	0	0
7607	2	0	0	0
7608	2	0	0	0
7609	2	0	0	0
7610	2	0	0	0
7611	0	0	0	2
7612	0	0	2	0
7613	2	0	0	0
7614	2	0	0	0
7615	2	0	0	0
7616	2	0	0	0
7617	0	0	2	0
7618	0	0	2	0
7619	2	0	0	0
7620	0	0	0	2
7621	0	0	0	2
7622	0	0	0	2
7623	2	0	0	0
7624	0	0	0	2
7625	0	0	0	2
7626	2	0	0	0
7627	0	0	2	0
7628	0	2	0	0
7629	2	0	0	0
7630	0	2	0	0
7631	0	0	0	2
7632	0	0	2	0
7633	0	0	2	0
7634	2	0	0	0
7635	0	2	0	0
7670	0	1	0	0
7671	1	0	0	0
7672	0	0	0	0
7673	1	0	0	0
7674	0	1	0	0
7675	0	0	0	1
7676	0	0	1	0
7677	0	0	1	0
7678	0	1	0	0
7679	0	0	0	1
7680	0	0	0	0
7681	0	0	0	1
7682	0	0	0	0
7683	0	0	0	0
7684	0	0	0	1
7685	1	0	0	0
7686	0	0	0	1
7687	1	0	0	0
7688	0	0	0	1
7689	1	0	0	0
7690	1	0	0	0
7691	1	0	0	0
7692	1	0	0	0
7693	1	0	0	0
7694	0	0	0	1
7695	1	0	0	0
7696	0	0	0	1
7697	0	0	0	1
7698	0	1	0	0
7699	1	0	0	0
7700	0	0	0	0
7701	1	0	0	0
7702	1	0	0	0
7703	0	0	0	0
7704	0	0	0	0
7705	1	0	0	0
7706	0	0	0	1
7707	1	0	0	0
7708	0	0	1	0
7709	0	0	0	1
7710	1	0	0	0
7711	0	0	1	0
7712	0	0	0	0
7713	1	0	0	0
7714	0	0	0	0
7715	0	0	0	0
7716	0	1	0	0
7717	0	0	0	1
7718	0	0	0	0
7719	0	0	1	0
7720	1	0	0	0
7721	0	0	0	1
7722	1	0	0	0
7723	0	0	1	0
7724	0	0	1	0
7725	0	0	0	0
7726	0	0	0	1
7727	0	0	0	1
7728	1	0	0	0
7729	1	0	0	0
7730	0	0	1	0
7731	1	0	0	0
7732	1	0	0	0
7733	0	0	0	1
7734	1	0	0	0
7735	1	0	0	0
7736	0	0	0	1
7737	0	0	0	1
7738	0	0	0	1
7743	0	0	0	1
7744	0	0	1	0
7745	0	0	0	1
7746	1	0	0	0
7747	0	1	0	0
7748	0	0	0	1
7749	0	1	0	0
7750	0	0	0	1
7751	0	1	0	0
7752	0	0	0	1
7753	1	0	0	0
7754	0	0	0	1
7755	1	0	0	0
7756	0	0	1	0
7757	0	0	0	1
7758	0	0	1	0
7759	1	0	0	0
7760	1	0	0	0
7761	1	0	0	1
7762	2	0	0	0
7763	0	0	2	0
7764	2	0	0	0
7765	0	0	2	0
7766	0	0	0	2
7767	0	0	0	2
7768	2	0	0	0
7769	0	0	2	0
7770	0	0	2	0
7771	0	2	0	0
7772	2	0	0	0
7773	0	0	3	0
7774	0	0	3	0
7775	0	0	3	0
7776	3	0	0	0
7777	0	0	0	3
7778	3	0	0	0
7779	0	3	0	0
7780	0	0	0	3
7781	0	2	0	0
7782	3	0	0	0
7783	0	3	0	0
7784	0	3	0	0
7785	0	0	0	3
7786	0	0	0	3
7787	0	0	0	3
7788	0	0	3	0
7789	0	0	0	3
7790	0	2	0	0
7791	2	0	1	0
7792	0	0	0	3
7793	0	0	0	3
7794	0	0	0	3
7795	0	3	0	0
7796	2	0	0	0
7797	0	0	3	0
7798	2	0	0	0
7799	0	3	0	0
7800	0	2	0	0
7801	0	2	0	0
7802	0	0	0	3
7803	0	1	0	2
7804	2	1	0	0
7805	0	2	0	1
7806	0	2	0	0
7807	0	3	0	0
7808	0	2	0	0
7809	2	0	0	0
7810	2	0	0	0
7811	3	0	0	0
7812	0	3	0	0
7813	0	2	0	0
7814	0	3	0	0
7815	0	0	3	0
7816	3	0	0	0
7817	0	0	3	0
7818	0	0	2	0
7819	0	0	3	0
7820	2	0	1	0
7821	3	0	0	0
7822	0	3	0	0
7823	0	1	0	2
7824	0	1	0	0
7825	0	0	3	0
7826	3	0	0	0
7827	0	2	0	0
7828	2	0	0	0
7829	0	0	2	0
7830	0	0	3	0
7831	0	2	0	0
7832	0	0	0	2
7833	0	3	0	0
7834	0	0	3	0
7835	0	0	3	0
7836	1	0	0	0
7837	2	0	0	0
7838	0	0	2	0
7839	2	0	0	0
7840	2	0	0	0
7841	0	0	0	2
7842	0	2	0	0
7843	0	0	2	0
7844	1	0	1	0
7845	2	0	0	0
7846	0	0	1	0
7847	2	0	0	0
7953	1	0	0	0
7954	0	0	0	1
7955	0	0	0	1
7956	0	0	1	0
7957	1	0	0	0
7958	0	0	1	0
7959	1	0	0	0
7960	0	0	1	0
7961	1	0	0	0
7962	0	1	0	0
7963	0	0	0	1
7964	0	0	0	1
7965	0	1	0	0
7966	1	0	0	0
7967	0	0	0	1
7968	1	0	0	0
7969	0	0	0	1
7970	0	0	0	1
7971	1	0	0	0
7972	1	0	0	0
7973	0	0	0	1
7974	0	0	0	1
7975	0	0	1	0
7976	0	1	0	0
7977	1	0	0	0
7978	0	0	1	0
7979	0	0	0	1
7980	0	0	1	0
7981	1	0	0	0
7982	0	0	1	0
7983	1	0	0	0
7984	0	0	1	0
7985	0	1	0	0
7986	1	0	0	0
7987	0	0	1	0
7988	0	0	0	1
7989	0	0	1	0
7990	0	0	1	0
7991	1	0	0	0
7992	1	0	0	0
7993	0	1	0	0
7994	0	0	0	1
7995	0	0	0	1
7996	0	1	0	0
7997	0	0	0	1
7998	0	0	2	0
7999	0	0	2	0
8000	0	0	2	0
8001	2	0	0	0
8002	0	2	0	0
8003	0	0	2	0
8004	0	1	0	0
8005	2	0	0	0
8006	0	0	2	0
8007	0	2	0	0
8008	2	0	0	0
8009	0	0	2	0
8010	0	1	0	1
8011	0	2	0	0
8012	0	0	0	1
8013	0	2	0	0
8014	2	0	0	0
8015	0	0	1	0
8016	0	0	1	0
8017	1	0	1	0
8018	0	0	2	0
8019	2	0	0	0
8020	0	1	0	0
8021	0	0	0	1
8022	2	0	0	0
8023	0	2	0	0
8024	2	0	0	0
8025	0	0	1	0
8026	0	0	0	0
8027	0	0	1	0
8028	0	0	1	0
8029	0	0	1	0
8030	0	0	0	0
8031	0	0	1	0
8032	0	0	0	1
8033	0	0	1	0
8034	0	0	0	0
8035	0	0	1	0
8036	1	0	0	0
8037	1	0	0	0
8038	0	0	0	0
8039	0	1	0	0
8040	0	0	0	1
8041	0	1	0	0
8042	0	0	0	1
8043	0	0	0	1
8044	1	0	0	0
8045	1	0	0	0
8046	0	0	1	0
8047	0	0	0	1
8048	1	0	0	0
8049	0	0	0	1
8050	0	1	0	0
8051	0	0	0	0
8052	0	0	1	0
8053	0	0	0	0
8054	0	0	0	0
8055	1	0	0	0
8056	1	0	0	0
8057	0	0	1	0
8058	0	1	0	0
8059	0	0	0	0
8060	0	0	0	1
8061	0	0	0	0
8062	0	0	1	0
8063	0	0	0	1
8064	0	0	1	0
8065	0	1	0	0
8066	1	0	0	0
8067	0	0	1	0
8068	0	0	0	1
8069	1	0	0	0
8118	1	0	0	0
8119	0	0	1	0
8120	0	2	0	0
8121	2	0	0	0
8122	2	0	0	0
8123	0	0	0	2
8124	2	0	0	0
8125	0	0	2	0
8126	0	0	0	2
8127	3	0	0	0
8128	0	0	3	0
8129	0	0	0	3
8130	0	0	3	0
8131	0	0	4	0
8132	0	5	0	0
8133	0	0	0	5
8134	0	0	5	0
8135	5	0	0	0
8136	5	0	0	0
8137	0	0	5	0
8138	0	0	5	0
8139	0	0	0	5
8140	6	0	0	0
8141	0	6	0	0
8142	6	0	0	0
8143	0	0	6	0
8144	6	0	0	0
8145	0	0	0	6
8146	6	0	0	0
8147	0	0	6	0
8148	6	0	0	0
8149	6	0	0	0
8150	0	0	0	5
8151	0	0	0	6
8152	6	0	0	0
8153	0	0	0	6
8154	0	0	0	6
8155	0	0	6	0
8156	6	0	0	0
8157	6	0	0	0
8158	0	0	6	0
8159	0	0	0	6
8160	5	0	1	0
8161	0	0	6	0
8162	0	0	0	6
8163	6	0	0	0
8164	0	6	0	0
8165	0	0	0	5
8166	6	0	0	0
8167	0	0	6	0
8168	0	5	0	0
8169	7	0	0	0
8170	7	0	0	0
8171	0	0	0	7
8172	0	0	0	7
8173	0	0	0	7
8174	0	0	7	0
8175	0	0	0	7
8176	7	0	0	0
8177	0	0	7	0
8178	7	0	0	0
8179	0	0	7	0
8180	0	7	0	0
8181	0	0	0	7
8182	7	0	0	0
8183	0	0	0	7
8184	0	7	0	0
8185	0	6	0	0
8186	0	0	7	0
8187	0	7	0	0
8188	7	0	0	0
8189	6	0	0	0
8190	0	6	0	0
8191	6	0	0	0
8192	0	0	0	5
8193	5	0	0	0
8194	0	5	0	0
8195	0	5	0	0
8196	0	0	0	5
8197	4	0	0	0
8198	0	4	0	0
8199	4	0	0	0
8200	4	0	0	0
8201	0	0	4	0
8202	4	0	0	0
8203	3	0	0	0
8204	0	0	0	2
8205	2	0	0	0
8206	2	0	0	0
8207	0	0	2	0
8208	2	0	0	0
8209	0	2	0	0
8210	2	0	0	0
8211	0	0	2	0
8212	0	0	1	0
8213	0	0	1	0
8214	0	1	0	0
8215	0	0	0	1
8216	0	0	0	1
8217	1	0	0	0
8218	0	0	1	0
8219	1	0	0	0
8220	1	0	0	0
8221	0	0	1	0
8222	0	0	0	1
8223	1	0	0	0
8224	0	0	1	0
8225	0	2	0	0
8226	0	0	0	2
8227	0	0	0	2
8228	0	0	0	2
8229	0	0	2	0
8230	0	2	0	0
8231	0	0	0	2
8232	2	0	0	0
8233	0	0	0	2
8234	2	0	0	0
8235	2	0	0	0
8236	2	0	0	0
8237	1	0	0	0
8238	0	0	0	2
8239	0	0	2	0
8240	0	0	2	0
8241	0	0	2	0
8242	0	0	2	0
8243	1	0	1	0
8244	0	0	3	0
8245	0	3	0	0
8246	3	0	0	0
8247	4	0	0	0
8248	0	0	9	0
8249	0	0	0	9
8250	0	0	9	0
8251	0	0	6	3
8252	0	0	0	9
8253	0	9	0	0
8254	8	0	0	0
8255	9	0	0	0
8256	8	0	0	0
8257	9	0	0	0
8258	7	0	2	0
8259	2	0	7	0
8260	0	8	0	0
8261	9	0	0	0
8262	0	0	9	0
8263	0	9	0	0
8264	10	0	0	0
8265	0	0	0	10
8266	9	0	0	0
8267	1	0	8	0
8268	0	0	0	10
8269	0	0	0	10
8270	0	0	10	0
8271	0	0	10	0
8272	9	1	0	0
8273	0	0	0	10
8274	0	0	10	0
8275	0	0	10	0
8276	0	10	0	0
8277	0	10	0	0
8278	0	0	0	10
8279	0	0	10	0
8280	1	9	0	0
8281	0	0	1	9
8282	1	0	9	0
8283	0	0	0	10
8284	9	0	0	0
8285	10	0	0	0
8286	0	0	10	0
8287	10	0	0	0
8288	0	0	10	0
8289	10	0	0	0
8290	2	8	0	0
8291	8	0	0	0
8292	0	0	9	0
8293	9	0	0	0
8294	1	0	0	8
8295	0	0	0	9
8296	9	0	0	0
8297	9	0	0	0
8298	0	0	9	0
8299	7	0	0	0
8300	6	2	0	0
8301	0	0	8	0
8302	7	0	1	0
8303	0	1	8	0
8304	0	8	0	0
8305	0	0	0	9
8306	3	5	1	0
8307	6	0	3	0
8308	0	0	9	0
8309	0	9	0	0
8310	0	10	0	0
8311	10	0	0	0
8312	0	0	10	0
8313	0	10	0	0
8314	9	0	0	0
8315	0	0	10	0
8316	0	10	0	0
8317	9	0	1	0
8318	0	0	7	0
8319	5	0	0	0
8320	0	0	5	0
8321	0	0	3	0
8322	0	0	2	0
8323	3	0	0	0
8324	0	0	1	0
8325	0	0	0	1
8326	1	0	0	0
8327	0	0	1	0
8328	0	0	1	0
8329	1	0	0	0
8330	0	0	1	0
8331	0	1	0	0
8332	1	0	0	0
8333	0	0	1	0
8334	0	1	0	0
8335	0	0	1	0
8336	0	0	0	1
8337	0	1	0	0
8338	0	0	0	1
8339	0	1	0	0
8340	1	0	0	0
8341	1	0	0	0
8342	0	0	1	0
8343	1	0	0	0
8344	0	1	0	0
8345	0	0	0	1
8346	0	0	0	1
8347	1	0	0	0
8348	0	0	1	0
8349	1	0	0	0
8350	0	0	0	1
8351	1	0	0	0
8352	0	0	1	0
8353	1	0	0	0
8354	0	1	0	0
8355	1	0	0	0
8356	0	0	0	1
8357	0	0	1	0
8358	0	0	1	0
8359	1	0	0	0
8360	0	0	1	0
8361	0	1	0	0
8362	1	0	0	0
8363	0	1	0	0
8364	0	0	0	1
8365	0	0	0	1
8366	1	0	0	0
8367	0	1	0	0
8368	1	0	0	0
8369	1	0	0	0
8370	0	0	0	1
8371	0	1	0	0
8372	1	0	0	0
8373	1	0	0	0
8374	0	1	0	0
8375	1	0	0	0
8376	1	0	0	0
8377	0	1	0	0
8378	1	0	0	0
8379	0	1	0	0
8380	1	0	0	0
8632	1	0	0	0
8633	0	0	1	0
8634	0	0	1	0
8635	0	0	1	0
8636	0	0	1	0
8637	0	0	0	1
8638	0	1	0	0
8639	1	0	0	0
8640	0	0	1	0
8641	1	0	0	0
8642	0	0	0	1
8643	1	0	0	0
8644	0	0	0	1
8645	0	1	0	0
8646	0	1	0	0
8647	1	0	0	0
8648	0	1	0	0
8649	0	0	0	1
8650	0	0	1	0
8651	1	0	0	0
8652	0	1	0	0
8653	0	1	0	0
8654	0	1	0	0
8655	0	0	0	1
8656	0	0	0	1
8657	0	0	1	0
8658	0	0	1	0
8659	1	0	0	0
8660	0	0	0	1
8661	0	0	1	0
8662	0	0	1	0
8663	0	0	0	1
8664	0	0	1	0
8665	0	1	0	0
8666	0	0	0	1
8667	0	0	0	1
8668	0	1	0	0
8669	1	0	0	0
8670	1	0	0	0
8671	0	0	1	0
8672	0	1	0	0
8673	0	0	0	1
8674	1	0	0	0
8675	0	0	1	0
8676	0	0	0	1
8677	0	0	1	0
8678	0	1	0	0
8679	0	1	0	0
8680	1	0	0	0
8681	0	0	1	0
8682	0	0	0	1
8683	0	0	0	1
8684	0	0	1	0
8685	1	0	0	0
8686	0	1	0	0
8687	0	1	0	0
8688	0	1	0	0
8689	1	0	0	0
8690	0	1	0	0
8691	0	0	2	0
8692	0	0	2	0
8693	0	0	2	0
8694	2	0	0	0
8695	2	0	0	0
8696	0	0	2	0
8697	0	0	0	2
8698	2	0	0	0
8699	0	0	2	0
8700	2	0	0	0
8701	2	0	0	0
8702	0	0	2	0
8703	2	0	0	0
8704	0	0	2	0
8705	0	0	1	0
8706	0	2	0	0
8707	0	2	0	0
8708	2	0	0	0
8709	2	0	0	0
8710	0	0	0	2
8711	0	0	2	0
8712	1	0	0	1
8713	2	0	0	0
8714	0	0	2	0
8715	0	0	2	0
8716	2	0	0	0
8717	0	0	1	0
8718	1	0	0	0
8719	1	0	0	0
8720	1	0	0	0
8721	1	0	0	0
8722	0	0	0	0
8723	1	0	0	0
8724	1	0	0	0
8725	0	1	0	0
8726	0	0	0	1
8727	0	0	0	0
8728	0	0	0	1
8729	0	1	0	0
8730	0	0	0	1
8731	0	0	1	0
8732	0	1	0	0
8733	0	0	0	1
8734	1	0	0	0
8735	0	1	0	0
8736	1	0	0	0
8737	0	1	0	0
8738	0	1	0	0
8739	0	1	0	0
8740	0	0	0	1
8741	1	0	0	0
8742	0	0	0	1
8743	0	0	1	0
8744	0	0	1	0
8745	0	1	0	0
8746	0	1	0	0
8747	0	1	0	0
8748	1	0	0	0
8749	0	0	1	0
8750	0	1	0	0
8751	1	0	0	0
8752	0	0	0	1
8753	0	0	1	0
8754	0	0	1	0
8755	1	0	0	0
8756	1	0	0	0
8757	0	0	0	1
8758	0	0	1	0
8759	0	0	1	0
8760	1	0	0	0
8761	0	0	1	0
8762	0	0	1	0
8763	1	0	0	0
8764	0	0	0	1
8765	0	0	1	0
8766	0	1	0	0
8767	0	0	0	1
8768	0	0	1	0
8769	1	0	0	0
8770	0	0	1	0
8771	1	0	0	0
8772	0	0	1	0
8773	1	0	0	0
8774	0	0	1	0
8775	1	0	0	0
8776	1	0	0	0
8777	0	0	1	0
8778	0	0	0	1
8779	0	0	1	0
8780	0	0	0	1
8781	0	0	0	1
8782	1	0	0	0
8783	1	0	0	0
8784	1	0	0	0
8785	0	0	1	0
8786	0	0	0	1
8787	0	0	1	0
8788	0	0	1	0
8789	0	1	0	0
8790	1	0	0	0
8791	0	0	1	0
8792	0	0	0	1
8793	0	0	0	1
8794	0	0	0	1
8795	0	0	1	0
8796	1	0	0	0
8797	0	1	0	0
8798	1	0	0	0
8799	0	0	1	0
8800	0	0	0	1
8801	0	1	0	0
8802	0	0	0	1
8803	0	1	0	0
8804	0	1	0	0
8805	0	0	0	1
8806	1	0	0	0
8807	0	0	1	0
8808	0	1	0	0
8809	1	0	0	0
8810	0	1	0	0
