	A	C	G	T
531	0	0	1	0
532	1	0	0	0
533	0	0	0	1
534	1	0	0	0
535	0	0	1	0
536	1	0	0	0
537	0	0	0	1
538	0	0	1	0
539	0	0	0	1
540	1	0	0	0
541	0	1	0	0
542	0	0	1	0
543	1	0	0	0
544	0	0	1	0
545	1	0	0	0
546	0	1	0	0
547	1	0	0	0
548	0	1	0	0
549	0	1	0	0
550	1	0	0	0
551	1	0	0	0
552	0	0	1	0
553	0	0	1	0
554	1	0	0	0
555	1	0	0	0
556	0	0	1	0
557	0	1	0	0
558	0	1	0	0
559	0	0	0	1
560	0	0	0	1
561	1	0	0	0
562	0	0	1	0
563	1	0	0	0
564	0	1	0	0
565	1	0	0	0
566	1	0	0	0
567	0	0	1	0
568	0	0	1	0
569	0	0	0	1
570	1	0	0	0
571	0	0	1	0
572	1	0	0	0
573	0	0	1	0
574	0	0	1	0
575	1	0	0	0
576	1	0	0	0
577	0	0	1	0
578	1	0	0	0
579	1	0	0	0
580	0	1	0	0
581	1	0	0	0
582	1	0	0	0
583	1	0	0	0
584	1	0	0	0
585	1	0	0	0
586	0	1	0	0
587	1	0	0	0
588	1	0	0	0
589	0	0	0	1
590	0	0	1	0
591	0	0	0	1
592	0	1	0	0
593	1	0	0	0
594	0	0	1	0
595	0	1	0	0
596	1	0	0	0
597	1	0	0	0
598	1	0	0	0
664	0	1	0	0
665	1	0	0	0
666	1	0	0	0
667	0	0	1	0
668	0	0	1	0
669	0	0	1	0
670	0	1	0	0
671	1	0	0	0
672	1	0	0	0
673	1	0	0	0
674	0	0	0	1
675	0	0	1	0
676	0	0	1	0
677	0	0	0	1
678	1	0	0	0
679	0	1	0	0
680	1	0	0	0
681	0	0	0	1
682	0	1	0	0
683	1	0	0	0
684	1	0	0	0
685	0	0	1	0
686	0	1	0	0
687	0	1	0	0
688	0	0	0	1
689	0	0	0	1
690	1	0	0	0
691	0	0	0	1
692	0	1	0	0
693	1	0	0	0
694	0	1	0	0
695	0	1	0	0
696	0	0	0	1
697	1	0	0	0
698	0	0	1	0
699	1	0	0	0
700	1	0	0	0
701	0	1	0	0
702	0	1	0	0
703	0	0	0	1
704	0	0	0	1
705	0	0	1	0
706	1	0	0	0
707	1	0	0	0
708	0	0	0	1
709	0	0	1	0
710	0	1	0	0
711	1	0	0	0
712	0	0	0	1
713	0	0	1	0
714	0	0	1	0
715	0	0	1	0
716	0	0	0	1
717	1	0	0	0
718	1	0	0	0
719	1	0	0	0
720	1	0	0	0
721	0	0	1	0
722	0	0	0	1
723	1	0	0	0
724	1	0	0	0
725	0	0	0	1
726	1	0	0	0
727	0	0	1	0
728	1	0	0	0
729	0	0	1	0
730	0	0	1	0
731	1	0	0	0
732	0	0	1	0
733	1	0	0	0
734	1	0	0	0
735	0	0	1	0
736	0	0	1	0
774	1	0	0	0
775	0	0	0	1
776	0	1	0	0
777	1	0	0	0
778	0	0	1	0
779	1	0	0	0
780	1	0	0	0
781	0	0	1	0
782	0	0	1	0
783	1	0	0	0
784	0	0	1	0
785	0	1	0	0
786	0	1	0	0
787	1	0	0	0
788	0	1	0	0
789	0	1	0	0
790	0	1	0	0
791	0	1	0	0
792	1	0	0	0
793	0	1	0	0
1100	1	0	0	0
1101	0	1	0	0
1102	1	0	0	0
1103	0	0	0	1
1104	1	0	0	0
1105	1	0	0	0
1106	1	0	0	0
1107	1	0	0	0
1108	0	1	0	0
1109	1	0	0	0
1110	1	0	0	0
1111	0	0	1	0
1112	0	0	1	0
1113	1	0	0	0
1114	0	2	0	0
1115	0	2	0	0
1116	2	0	0	0
1117	2	0	0	0
1118	2	0	0	0
1119	2	0	0	0
1120	0	0	2	0
1121	2	0	0	0
1122	2	0	0	0
1123	0	2	0	0
1124	0	2	0	0
1125	0	2	0	0
1126	0	0	0	2
1127	0	0	0	2
1128	0	0	0	2
1129	2	0	0	0
1130	0	0	2	0
1131	2	0	0	0
1132	0	0	2	0
1133	2	0	0	0
1134	0	0	0	2
1135	0	0	0	2
1136	2	0	0	0
1137	0	0	0	2
1138	0	0	2	0
1139	0	0	0	2
1140	2	0	0	0
1141	0	0	2	0
1142	2	0	0	0
1143	0	2	0	0
1144	0	2	0	0
1145	0	0	2	0
1146	0	0	2	0
1147	0	0	0	2
1148	0	0	0	2
1149	0	2	0	0
1150	0	0	0	2
1151	0	0	0	2
1152	0	0	0	2
1153	2	0	0	0
1154	2	0	0	0
1155	2	0	0	0
1156	1	0	0	0
1157	0	2	0	0
1158	0	1	0	1
1159	0	0	0	2
1160	0	0	0	2
1161	2	0	0	0
1162	2	0	0	0
1163	0	0	2	0
1164	2	0	0	0
1165	0	0	2	0
1166	0	2	0	0
1167	0	0	0	2
1168	0	0	2	0
1169	1	0	0	0
1170	2	0	0	0
1171	0	2	0	0
1172	1	0	0	0
1173	1	0	0	0
1174	0	0	1	0
1175	0	1	0	0
1176	0	0	0	1
1177	1	0	0	0
1178	0	1	0	0
1179	1	0	0	0
1180	0	1	0	0
1181	1	0	0	0
1182	1	0	0	0
1183	0	0	1	0
1227	0	0	1	0
1228	1	0	0	0
1229	1	0	0	0
1230	0	2	0	0
1231	0	2	0	0
1232	0	2	0	0
1233	0	2	0	0
1234	0	0	2	0
1235	2	0	0	0
1236	0	0	0	2
1237	0	0	0	2
1238	0	0	2	0
1239	0	0	0	2
1240	2	0	0	0
1241	2	0	0	0
1242	0	0	2	0
1243	2	0	0	0
1244	0	2	0	0
1245	0	2	0	0
1246	2	0	0	0
1247	0	0	0	2
1248	0	0	0	2
1249	0	0	0	2
1250	0	0	0	2
1251	2	0	0	0
1252	2	0	0	0
1253	0	0	2	0
1254	2	0	0	0
1255	0	0	2	0
1256	0	2	0	0
1257	2	0	0	0
1258	0	0	0	2
1259	0	0	0	2
1260	2	0	0	0
1261	0	0	2	0
1262	0	0	2	0
1263	1	0	1	0
1264	0	2	0	0
1265	0	2	0	0
1266	2	0	0	0
1267	0	0	2	0
1268	0	0	2	0
1269	0	0	2	0
1270	0	0	2	0
1271	0	2	0	0
1272	0	0	0	2
1273	0	0	0	2
1274	0	2	0	0
1275	2	0	0	0
1276	0	0	0	2
1277	0	0	0	2
1278	2	0	0	0
1279	0	0	2	0
1280	2	0	0	0
1281	2	0	0	0
1282	0	0	2	0
1283	2	0	0	0
1284	2	0	0	0
1285	2	0	0	0
1286	0	0	0	2
1287	0	0	2	0
1288	2	0	0	0
1289	0	0	0	2
1290	0	0	2	0
1291	2	0	0	0
1292	0	2	0	0
1293	2	0	0	0
1294	0	0	2	0
1295	0	2	0	0
1296	1	0	1	0
1297	0	0	0	2
1298	0	0	1	0
1299	0	0	0	1
1300	0	1	0	0
1301	1	0	0	0
1302	0	0	1	0
1303	0	0	1	0
1304	0	0	1	0
1441	0	0	0	0
1442	0	0	1	0
1443	0	0	0	0
1444	0	1	0	0
1445	1	0	0	0
1446	0	1	0	0
1447	1	0	0	0
1448	0	0	0	1
1449	1	0	0	0
1450	0	0	1	0
1451	0	1	0	0
1452	0	0	0	1
1453	1	0	0	0
1454	0	0	1	0
1455	1	0	0	0
1456	1	0	0	0
1457	1	0	0	0
1458	0	0	0	1
1459	0	0	0	1
1460	0	0	1	0
1461	0	1	0	0
1462	1	0	0	0
1463	0	0	1	0
1464	1	0	0	0
1465	0	0	1	0
1466	0	1	0	0
1467	0	1	0	0
1468	0	1	0	0
1469	0	1	0	0
1470	0	0	0	1
1471	1	0	0	0
1472	0	0	1	0
1473	0	0	1	0
1474	1	0	0	0
1475	1	0	0	0
1476	1	0	0	0
1477	1	0	0	0
1478	1	0	0	0
1479	0	0	1	0
1480	0	0	1	0
1481	0	0	1	0
1482	0	1	0	0
1483	0	0	0	1
1484	0	0	1	0
1485	0	0	0	1
1486	0	0	0	1
1487	0	0	1	0
1488	0	0	1	0
1489	1	0	0	0
1490	1	0	0	0
1491	1	0	0	0
1492	0	0	0	1
1493	0	0	1	0
1494	0	0	0	1
1495	0	0	1	0
1496	0	0	1	0
1497	1	0	0	0
1498	1	0	0	0
1499	1	0	0	0
1500	1	0	0	0
1501	0	0	1	0
1502	1	0	0	0
1503	1	0	0	0
1504	0	0	1	0
1505	0	0	1	0
1506	1	0	0	0
1507	0	1	0	0
1508	1	0	0	0
1509	0	0	0	1
1510	0	1	0	0
1511	1	0	0	0
1512	0	0	1	0
1513	1	0	0	0
1514	0	0	0	1
1515	0	0	1	0
1556	0	0	0	1
1557	0	0	0	1
1558	0	0	0	1
1559	0	0	1	0
1560	0	0	1	0
1561	0	1	0	0
1562	0	1	0	0
1563	0	0	0	1
1564	0	0	0	1
1565	0	1	0	0
1566	0	1	0	0
1567	0	1	0	0
1568	1	0	0	0
1569	0	1	0	0
1570	1	0	0	0
1571	1	0	0	0
1572	0	0	1	0
1573	0	0	1	0
1574	0	0	1	0
1575	0	0	1	0
1576	1	0	0	0
1577	0	0	1	0
1578	0	0	1	0
1579	0	1	0	0
1580	0	1	0	0
1581	1	0	0	0
1582	0	0	1	0
1583	0	0	1	0
1584	1	0	0	0
1585	1	0	0	0
1586	1	0	0	0
1587	0	0	0	1
1588	0	0	0	1
1589	0	0	0	1
1590	0	1	0	0
1591	0	1	0	0
1592	0	0	0	1
1593	0	0	0	1
1594	0	1	0	0
1595	1	0	0	0
1596	0	0	1	0
1597	1	0	0	0
1598	1	0	0	0
1599	0	1	0	0
1600	1	0	0	0
1601	0	0	1	0
1602	0	0	1	0
1603	0	1	0	0
1604	0	1	0	0
1605	1	0	0	0
1606	0	0	1	0
1607	1	0	0	0
1608	0	0	1	0
1609	0	1	0	0
1610	0	1	0	0
1611	1	0	0	0
1612	1	0	0	0
1613	0	1	0	0
1614	1	0	0	0
1615	0	0	1	0
1616	0	1	0	0
1617	0	1	0	0
1618	0	1	0	0
1619	0	1	0	0
1620	1	0	0	0
1621	0	1	0	0
1622	0	1	0	0
1623	1	0	0	0
1624	0	0	1	0
1625	0	1	0	0
1626	1	0	0	0
1627	0	0	1	0
1721	1	0	0	0
1722	0	1	0	0
1723	0	1	0	0
1724	0	1	0	0
1725	0	1	0	0
1726	0	0	0	1
1727	0	0	0	1
1728	0	0	1	0
1729	0	0	0	1
1730	0	1	0	0
1731	0	0	0	1
1732	0	1	0	0
1733	1	0	0	0
1734	1	0	0	0
1735	0	0	0	1
1736	1	0	0	0
1737	1	0	0	0
1738	1	0	0	0
1739	1	0	0	0
1740	0	0	1	0
1741	0	0	0	1
1742	1	0	0	0
1743	0	0	1	0
1744	0	0	0	0
1745	0	0	1	0
1746	0	0	1	0
1747	0	0	1	0
1748	0	1	0	0
1749	0	1	0	0
1750	1	0	0	0
1751	0	0	1	0
1752	1	0	0	0
1753	0	0	0	1
1754	1	0	0	0
1755	1	0	0	0
1756	1	0	0	0
1757	1	0	0	0
1758	0	0	0	0
1759	1	0	0	0
1760	0	0	1	0
1761	0	0	1	0
1762	0	1	0	0
1763	0	0	0	1
1764	0	1	0	0
1765	0	0	0	1
1766	0	1	0	0
1767	0	0	0	1
1768	0	0	0	1
1769	1	0	0	0
1770	0	0	1	0
1771	1	0	0	0
1772	0	1	0	0
1773	1	0	0	0
1774	0	1	0	0
1775	1	0	0	0
1776	0	0	1	0
1777	0	0	1	0
1778	1	0	0	0
1779	0	0	1	0
1780	0	1	0	0
1781	1	0	0	0
1782	0	0	1	0
1783	1	0	0	0
1784	0	0	0	1
1785	0	0	0	0
1786	1	0	0	0
1787	0	0	0	1
1788	1	0	0	0
1789	0	1	0	0
1790	1	0	0	0
1791	0	0	0	0
1792	0	0	0	1
1793	1	0	0	0
1873	1	0	0	0
1874	0	0	0	1
1875	0	0	1	0
1876	1	0	0	0
1877	0	1	0	1
1878	0	2	0	0
1879	2	0	0	0
1880	2	0	0	0
1881	2	0	0	0
1882	0	0	0	2
1883	2	0	0	0
1884	0	0	0	2
1885	0	2	0	0
1886	0	0	0	2
1887	2	0	0	0
1888	0	0	0	2
1889	2	0	0	0
1890	0	0	2	0
1891	2	0	0	0
1892	2	0	0	0
1893	2	0	0	0
1894	0	0	0	2
1895	0	0	0	2
1896	0	0	0	2
1897	0	0	2	0
1898	0	0	0	2
1899	0	0	2	0
1900	0	0	2	0
1901	2	0	0	0
1902	2	0	0	0
1903	2	0	0	0
1904	2	0	0	0
1905	2	0	0	0
1906	2	0	0	0
1907	0	0	2	0
1908	0	0	2	0
1909	0	2	0	0
1910	0	0	0	2
1911	2	0	0	0
1912	0	0	0	2
1913	2	0	0	0
1914	0	0	2	0
1915	0	0	2	0
1916	0	0	0	2
1917	2	0	0	0
1918	0	2	0	0
1919	2	0	0	0
1920	0	0	2	0
1921	0	0	0	2
1922	1	0	0	0
1923	0	0	0	2
1924	0	0	0	2
1925	2	0	0	0
1926	0	0	2	0
1927	0	0	0	2
1928	0	0	2	0
1929	0	0	2	0
1930	0	0	2	0
1931	2	0	0	0
1932	0	2	0	0
1933	0	2	0	0
1934	0	0	0	2
1935	2	0	0	0
1936	0	2	0	0
1937	2	0	0	0
1938	0	2	0	0
1939	0	2	0	0
1940	0	0	0	2
1941	0	0	2	0
1942	0	0	0	1
1943	0	2	0	0
1944	2	0	0	0
1945	1	0	0	0
1946	0	1	0	0
1947	1	0	0	0
1948	0	0	0	1
1949	1	0	0	0
1963	0	0	0	1
1964	0	0	1	0
1965	0	0	0	1
1966	0	0	0	1
1967	0	0	1	0
1968	1	0	0	0
1969	0	1	0	0
1970	0	0	0	1
1971	0	1	0	0
1972	1	0	0	0
1973	0	0	1	0
1974	0	1	0	0
1975	0	0	0	1
1976	0	0	0	1
1977	0	0	1	0
1978	0	0	1	0
1979	0	1	0	0
1980	0	0	0	1
1981	0	0	1	0
1982	0	1	0	0
1983	1	0	0	0
1984	0	1	0	0
1985	1	0	0	0
1986	0	1	0	0
1987	0	0	0	1
1988	1	0	0	0
1989	1	0	0	0
1990	1	0	0	0
1991	0	0	0	1
1992	0	0	0	1
1993	0	0	0	1
1994	0	0	0	1
1995	0	1	0	0
1996	0	1	0	0
1997	1	0	0	0
1998	1	0	0	0
1999	0	0	0	1
2000	0	1	0	0
2001	1	0	0	0
2002	0	0	1	0
2003	0	0	0	1
2004	0	1	0	0
2005	0	2	0	0
2006	0	2	0	0
2007	2	0	0	0
2008	0	0	0	2
2009	0	0	0	2
2010	0	0	2	0
2011	2	0	0	0
2012	2	0	0	0
2013	2	0	0	0
2014	0	2	0	0
2015	0	0	0	2
2016	0	0	2	0
2017	0	0	0	2
2018	2	0	0	0
2019	0	2	0	0
2020	0	2	0	0
2021	2	0	0	0
2022	0	0	2	0
2023	0	0	0	2
2024	2	0	0	0
2025	1	0	0	0
2026	1	0	0	0
2027	1	0	0	0
2028	0	1	0	0
2029	0	0	0	1
2030	0	0	1	0
2031	1	0	0	0
2032	1	0	0	0
2033	0	0	1	0
2034	0	1	0	0
2035	0	1	0	0
2036	1	0	0	0
2037	0	0	1	0
2038	0	0	1	0
2039	1	0	0	0
2040	1	0	0	0
2041	0	0	0	1
2042	0	0	1	0
2043	0	0	2	0
2044	3	0	0	0
2045	0	0	0	3
2046	0	0	3	0
2047	0	0	3	0
2048	0	3	0	0
2049	0	3	0	0
2050	0	3	0	0
2051	3	0	0	0
2052	3	0	0	0
2053	3	0	0	0
2054	0	0	3	0
2055	0	0	3	0
2056	0	0	0	3
2057	0	0	0	3
2058	3	0	0	0
2059	3	0	0	0
2060	3	0	0	0
2061	0	3	0	0
2062	3	0	0	0
2063	3	0	0	0
2064	0	0	0	2
2065	0	0	3	0
2066	0	0	3	0
2067	0	3	0	0
2068	0	3	0	0
2069	3	0	0	0
2070	0	0	0	3
2071	0	0	0	3
2072	0	0	3	0
2073	3	0	0	0
2074	0	3	0	0
2075	2	0	0	1
2076	0	0	3	0
2077	3	0	0	0
2078	3	0	0	0
2079	0	0	3	0
2080	2	0	0	0
2081	0	0	2	0
2082	2	0	0	0
2083	2	0	0	0
2084	2	0	0	0
2085	1	0	0	0
2086	0	0	0	2
2087	2	0	0	0
2088	2	0	0	0
2089	0	0	2	0
2090	0	0	2	0
2091	0	0	2	0
2092	0	2	0	0
2093	2	0	0	0
2094	0	0	0	2
2095	0	0	0	2
2096	2	0	0	0
2097	2	0	0	0
2098	0	2	0	0
2099	2	0	0	0
2100	0	0	2	0
2101	0	2	0	0
2102	2	0	0	0
2103	2	0	0	0
2104	0	0	0	2
2105	0	0	0	2
2106	0	0	0	2
2107	0	0	2	0
2108	0	0	0	2
2109	0	0	2	0
2110	2	0	0	0
2111	2	0	0	0
2112	0	0	2	0
2113	2	0	0	0
2114	2	0	0	0
2115	2	0	0	0
2116	0	0	0	1
2117	0	0	1	0
2118	0	0	1	0
2122	1	0	0	0
2123	0	0	1	0
2124	0	0	1	0
2125	1	0	0	0
2126	1	0	0	0
2127	0	0	1	0
2128	0	0	1	0
2129	1	0	0	0
2130	1	0	0	0
2131	1	0	0	0
2132	1	0	0	0
2133	1	0	0	0
2134	0	0	0	1
2135	0	0	0	1
2136	1	0	0	0
2137	0	1	0	0
2138	1	0	0	0
2139	1	0	0	0
2140	1	0	0	0
2141	1	0	0	0
2142	1	0	0	0
2143	0	0	0	1
2144	0	0	0	1
2145	0	0	1	0
2146	0	0	1	0
2147	0	0	1	0
2148	0	1	0	0
2149	0	0	0	0
2150	0	0	0	1
2151	0	0	1	0
2152	1	0	0	0
2153	1	0	0	0
2154	1	0	0	0
2155	1	0	0	0
2156	0	0	0	1
2157	0	1	0	0
2158	0	1	0	0
2159	1	0	0	0
2160	0	0	0	1
2161	1	0	0	0
2162	0	0	0	1
2163	1	0	0	0
2164	1	0	0	0
2165	0	0	0	1
2166	1	0	0	0
2167	0	1	0	0
2168	0	0	0	1
2169	0	1	0	0
2170	0	1	0	0
2171	1	0	0	0
2172	1	0	0	0
2173	0	0	0	1
2174	1	0	0	0
2175	0	0	0	1
2176	0	0	0	1
2177	0	0	0	1
2178	0	0	1	0
2179	0	1	0	0
2180	0	1	0	0
2181	1	0	0	0
2182	0	0	0	1
2183	1	0	0	0
2184	1	0	0	0
2185	1	0	0	0
2186	1	0	0	0
2187	1	0	0	0
2188	1	0	0	0
2189	0	0	1	0
2190	1	0	0	0
2191	1	0	0	0
2192	0	0	1	0
2697	0	1	0	0
2698	1	0	0	0
2699	0	0	0	1
2700	0	1	0	0
2701	0	1	0	0
2702	0	0	0	1
2703	0	0	1	0
2704	1	0	0	0
2705	0	1	0	0
2706	0	0	0	0
2707	1	0	0	0
2708	1	0	0	0
2709	0	0	0	0
2710	0	0	1	0
2711	0	0	1	0
2712	1	0	0	0
2713	0	1	0	0
2714	1	0	0	0
2715	0	0	1	0
2716	0	0	0	1
2717	1	0	0	0
2718	0	1	0	0
2719	1	0	0	0
2720	0	0	1	0
2721	0	1	0	0
2722	0	1	0	0
2723	0	0	0	1
2724	1	0	0	0
2725	0	0	0	1
2726	1	0	0	0
2727	0	1	0	0
2728	1	0	0	0
2729	0	0	1	0
2730	0	1	0	0
2731	0	0	0	1
2732	0	0	1	0
2733	0	1	0	0
2734	0	1	0	0
2735	1	0	0	0
2736	0	0	1	0
2737	1	0	0	0
2738	1	0	0	0
2739	1	0	0	0
2740	1	0	0	0
2741	0	0	1	0
2742	0	0	0	0
2743	1	0	0	0
2744	0	1	0	0
2745	1	0	0	0
2746	0	0	1	0
2747	0	1	0	0
2748	0	0	0	1
2749	0	0	1	0
2750	0	0	1	0
2751	1	0	0	0
2752	0	1	0	0
2753	0	0	0	1
2754	0	0	1	0
2755	0	0	0	1
2756	0	1	0	0
2757	1	0	0	0
2758	1	0	0	0
2759	0	0	0	1
2760	0	0	1	0
2761	1	0	0	0
2762	0	0	0	1
2763	1	0	0	0
2764	0	0	0	1
2765	1	0	0	0
2766	0	1	0	0
2767	1	0	0	0
2768	0	0	1	0
2867	0	1	0	0
2868	1	0	0	0
2869	0	0	0	1
2870	1	0	0	0
2871	0	0	1	0
2872	0	0	0	1
2873	1	0	0	0
2874	0	1	0	0
2875	0	1	0	0
2876	1	0	0	0
2877	0	1	0	0
2878	0	0	0	1
2879	1	0	0	0
2880	1	0	0	0
2881	0	1	0	0
2882	0	0	0	1
2883	0	0	1	0
2884	1	0	0	0
2885	1	0	0	0
2886	0	0	1	0
2887	1	0	0	0
2888	1	0	0	0
2889	0	0	1	0
2890	0	1	0	0
2891	1	0	0	0
2892	0	0	1	0
2893	1	0	0	0
2894	0	0	1	0
2895	0	1	0	0
2896	0	0	0	1
2897	1	0	0	0
2898	0	0	1	0
2899	1	0	0	0
2900	1	0	0	0
2901	0	0	0	1
2902	0	0	0	1
2903	0	0	1	0
2904	0	0	1	0
2905	0	1	0	0
2906	1	0	0	0
2907	0	0	1	0
2908	1	0	0	0
2909	0	0	1	0
2910	1	0	0	0
2911	1	0	0	0
2912	0	1	0	0
2913	1	0	0	0
2914	0	0	1	0
2915	0	0	1	0
2916	0	0	1	0
2917	1	0	0	0
2918	0	0	0	0
2919	1	0	0	0
2920	0	0	0	1
2921	0	0	0	1
2922	0	1	0	0
2923	0	0	0	1
2924	1	0	0	0
2925	1	0	0	0
2926	1	0	0	0
2927	1	0	0	0
2928	0	0	1	0
2929	1	0	0	0
2930	1	0	0	0
2931	0	1	0	0
2932	0	1	0	0
2933	1	0	0	0
2934	0	0	1	0
2935	0	0	0	1
2936	1	0	0	0
2937	0	1	0	0
2938	1	0	0	0
2939	0	0	0	1
2940	0	0	1	0
2941	0	0	0	0
3731	0	0	1	0
3732	1	0	0	0
3733	0	0	1	0
3734	1	0	0	0
3735	0	0	1	0
3736	0	1	0	0
3737	1	0	0	0
3738	1	0	0	0
3739	0	0	0	1
3740	0	0	1	0
3741	0	0	1	0
3742	0	1	0	0
3743	0	0	0	1
3744	1	0	0	0
3745	0	0	1	0
3746	0	0	0	1
3747	0	0	1	0
3748	1	0	0	0
3749	0	0	1	0
3750	0	0	0	1
3751	0	0	0	1
3752	0	1	0	0
3753	1	0	0	0
3754	1	0	0	0
3755	0	0	0	1
3756	0	1	0	0
3757	0	0	0	1
3758	0	0	1	0
3759	0	1	0	0
3760	0	1	0	0
3761	1	0	0	0
3762	0	1	0	0
3763	0	1	0	0
3764	0	1	0	0
3765	1	0	0	0
3766	0	0	0	1
3767	1	0	0	0
3768	0	0	1	0
3769	0	0	0	1
3770	0	0	1	0
3771	0	0	1	0
3772	0	1	0	0
3773	1	0	0	0
3774	1	0	0	0
3775	1	0	0	0
3776	0	0	1	0
3777	0	0	1	0
3778	1	0	0	0
3779	1	0	0	0
3780	1	0	0	0
3781	0	0	0	1
3782	1	0	0	0
3783	0	0	1	0
3784	0	0	0	1
3785	1	0	0	0
3786	0	0	1	0
3787	0	1	0	0
3788	0	0	0	1
3789	1	0	0	0
3790	0	0	1	0
3791	0	1	0	0
3792	0	0	0	1
3793	0	0	1	0
3794	0	0	0	1
3795	0	0	1	0
3796	1	0	0	0
3797	0	0	0	1
3798	1	0	0	0
3799	1	0	0	0
3800	1	0	0	0
3801	0	0	0	1
3802	0	0	1	0
3803	0	0	0	1
3918	0	0	1	0
3919	0	0	1	0
3920	0	1	0	0
3921	0	0	0	1
3922	1	0	0	0
3923	0	1	0	0
3924	1	0	0	0
3925	0	0	0	1
3926	1	0	0	0
3927	0	0	1	0
3928	1	0	0	0
3929	1	0	0	0
3930	0	0	1	0
3931	0	1	0	0
3932	1	0	0	0
3933	0	0	1	0
3934	1	0	0	0
3935	0	0	1	0
3936	0	0	1	0
3937	0	0	0	1
3938	0	0	0	1
3939	1	0	0	0
3940	0	0	0	1
3941	0	1	0	0
3942	0	1	0	0
3943	0	1	0	0
3944	1	0	0	0
3945	0	0	1	0
3946	0	1	0	0
3947	1	0	0	0
3948	0	0	1	0
3949	1	0	0	0
3950	1	0	0	0
3951	1	0	0	0
3952	0	1	0	0
3953	1	0	0	0
3954	0	0	1	0
3955	0	0	1	0
3956	1	0	0	0
3957	0	1	0	0
3958	1	0	0	0
3959	1	0	0	0
3960	0	0	1	0
3961	1	0	0	0
3962	1	0	0	0
3963	1	0	0	0
3964	0	1	0	0
3965	1	0	0	0
3966	0	0	1	0
3967	0	1	0	0
3968	1	0	0	0
3969	0	0	0	1
3970	1	0	0	0
3971	0	1	0	0
3972	0	0	0	1
3973	1	0	0	0
3974	0	0	0	1
3975	1	0	0	0
3976	0	0	0	1
3977	1	0	0	0
3978	0	1	0	0
3979	0	0	0	1
3980	1	0	0	0
3981	1	0	0	0
3982	1	0	0	0
3983	1	0	0	0
3984	0	0	0	1
3985	0	0	0	1
3986	1	0	0	0
3987	0	0	1	0
3988	0	1	0	0
3989	1	0	0	0
3990	0	0	1	0
3991	0	0	1	0
3992	1	0	0	0
4459	0	0	1	0
4460	0	0	0	0
4461	1	0	0	0
4462	0	0	1	0
4463	0	0	1	0
4464	1	0	0	0
4465	1	0	0	0
4466	1	0	0	0
4467	0	0	1	0
4468	0	0	0	1
4469	1	0	0	0
4470	1	0	0	0
4471	1	0	0	0
4472	1	0	0	0
4473	1	0	0	0
4474	0	0	0	1
4475	0	1	0	0
4476	1	0	0	0
4477	0	0	0	1
4478	0	0	0	1
4479	1	0	0	0
4480	0	0	1	0
4481	0	0	1	0
4482	0	0	1	0
4483	2	0	0	0
4484	0	2	0	0
4485	0	0	0	2
4486	1	0	0	0
4487	0	0	0	2
4488	0	0	2	0
4489	0	0	2	0
4490	2	0	0	0
4491	2	0	0	0
4492	2	0	0	0
4493	2	0	0	0
4494	0	2	0	0
4495	2	0	0	0
4496	0	0	2	0
4497	2	0	0	0
4498	0	0	0	2
4499	0	0	2	0
4500	0	0	2	0
4501	0	2	0	0
4502	2	0	0	0
4503	0	0	2	0
4504	0	0	2	0
4505	0	0	0	2
4506	0	0	2	0
4507	0	2	0	0
4508	0	0	0	2
4509	0	0	2	0
4510	2	0	0	0
4511	0	0	0	2
4512	0	0	0	2
4513	0	0	2	0
4514	0	0	0	2
4515	0	0	2	0
4516	0	0	0	2
4517	0	0	2	0
4518	0	0	2	0
4519	0	2	0	0
4520	2	0	0	0
4521	0	0	2	0
4522	0	0	2	0
4523	1	0	0	1
4524	2	0	0	0
4525	0	0	2	0
4526	2	0	0	0
4527	0	2	0	0
4528	2	0	0	0
4529	0	0	2	0
4530	0	0	2	0
4531	2	0	0	0
4532	0	0	0	2
4533	0	0	1	0
4534	1	0	0	0
4535	0	0	1	0
4536	0	0	1	0
4537	1	0	0	0
4538	0	0	0	1
4539	0	1	0	0
4540	1	0	0	0
4541	0	0	1	0
4542	1	0	0	0
4543	1	0	0	0
4544	0	1	0	0
4545	1	0	0	0
4546	0	0	0	1
4547	0	0	1	0
4548	0	0	1	0
4549	1	0	0	0
4550	1	0	0	0
4551	0	0	0	1
4552	1	0	0	0
4553	0	0	1	0
4554	0	0	0	1
4594	0	0	1	0
4595	0	0	1	0
4596	2	0	0	0
4597	0	0	0	2
4598	0	0	2	0
4599	0	0	2	0
4600	0	0	0	2
4601	0	0	0	2
4602	0	0	0	2
4603	0	0	0	2
4604	2	0	0	0
4605	0	2	0	0
4606	2	0	0	0
4607	0	0	2	0
4608	2	0	0	0
4609	0	2	0	0
4610	2	0	0	0
4611	0	0	0	2
4612	0	2	0	0
4613	2	0	0	0
4614	0	0	0	2
4615	0	0	0	2
4616	2	0	0	0
4617	0	0	0	2
4618	0	0	2	0
4619	2	0	0	0
4620	2	0	0	0
4621	2	0	0	0
4622	0	0	2	0
4623	0	2	0	0
4624	2	0	0	0
4625	0	0	2	0
4626	2	0	0	0
4627	1	1	0	0
4628	2	0	0	0
4629	0	0	0	2
4630	0	2	0	0
4631	0	1	0	1
4632	2	0	0	0
4633	2	0	0	0
4634	1	0	1	0
4635	2	0	0	0
4636	0	0	2	0
4637	0	0	0	2
4638	2	0	0	0
4639	2	0	0	0
4640	0	0	2	0
4641	0	0	0	2
4642	0	0	0	2
4643	0	2	0	0
4644	2	0	0	0
4645	0	0	2	0
4646	2	0	0	0
4647	2	0	0	0
4648	0	0	2	0
4649	0	0	0	2
4650	2	0	0	0
4651	0	2	0	0
4652	2	0	0	0
4653	0	2	0	0
4654	2	0	0	0
4655	0	0	0	2
4656	2	0	0	0
4657	0	2	0	0
4658	0	2	0	0
4659	2	0	0	0
4660	0	0	0	2
4661	0	0	0	2
4662	2	0	0	0
4663	0	0	2	0
4664	0	0	2	0
4665	0	0	2	0
4666	0	0	1	0
4667	1	0	0	0
5713	1	0	0	0
5714	0	1	0	0
5715	1	0	0	0
5716	1	0	0	0
5717	0	0	0	1
5718	0	0	1	0
5719	0	0	1	0
5720	0	0	0	1
5721	0	0	1	0
5722	0	0	1	0
5723	1	0	0	0
5724	0	0	0	1
5725	1	0	0	0
5726	0	0	0	1
5727	0	0	1	0
5728	0	0	1	0
5729	0	0	1	0
5730	0	0	1	0
5731	0	1	0	0
5732	1	0	0	0
5733	0	0	0	1
5734	0	1	0	0
5735	0	0	0	1
5736	0	0	0	1
5737	1	0	0	0
5738	0	0	1	0
5739	0	0	1	0
5740	0	1	0	0
5741	0	0	0	1
5742	0	0	0	0
5743	0	0	0	1
5744	0	0	0	1
5745	0	0	1	0
5746	0	0	1	0
5747	1	0	0	0
5748	0	0	0	1
5749	0	0	1	0
5750	0	0	0	1
5751	0	0	0	1
5752	1	0	0	0
5753	1	0	0	0
5754	0	0	0	1
5755	0	0	1	0
5756	1	0	0	0
5757	0	0	1	0
5758	0	0	0	1
5759	0	0	0	1
5760	0	0	1	0
5761	0	0	0	1
5762	1	0	0	0
5763	0	0	0	0
5764	0	0	0	0
5765	0	0	1	0
5766	0	0	0	1
5767	0	0	1	0
5768	0	0	1	0
5769	0	0	1	0
5770	0	0	1	0
5771	0	0	1	0
5772	0	0	1	0
5773	0	0	1	0
5774	1	0	0	0
6107	1	0	0	0
6108	0	0	0	1
6109	1	0	0	0
6110	1	0	0	0
6111	0	1	0	0
6112	1	0	0	0
6113	0	0	0	1
6114	0	0	1	0
6115	1	0	0	0
6116	1	0	0	0
6117	0	0	1	0
6118	0	0	1	0
6119	1	0	0	0
6120	1	0	0	0
6121	0	0	1	0
6122	1	0	0	0
6123	1	0	0	0
6124	1	0	0	0
6125	0	0	0	1
6126	0	0	1	0
6127	1	0	0	0
6128	1	0	0	0
6129	1	0	0	0
6130	1	0	0	0
6131	1	0	0	0
6132	0	0	0	1
6133	0	0	0	1
6134	0	0	1	0
6135	0	1	0	0
6136	0	0	0	1
6137	0	1	0	0
6138	0	0	0	1
6139	0	0	0	1
6140	0	0	0	1
6141	0	1	0	0
6142	1	0	0	0
6143	1	0	0	0
6144	0	0	0	1
6145	0	0	1	0
6146	0	0	0	1
6147	1	0	0	0
6148	1	0	0	0
6149	0	1	0	0
6150	0	1	0	0
6151	1	0	0	0
6152	0	1	0	0
6153	1	0	0	0
6154	0	0	1	0
6155	1	0	0	0
6156	1	0	0	0
6157	0	1	0	0
6158	0	0	0	1
6159	1	0	0	0
6160	1	0	0	0
6161	0	0	1	0
6162	1	0	0	0
6163	0	0	1	0
6164	1	0	0	0
6165	0	0	0	1
6166	1	0	0	0
6167	1	0	0	0
6168	1	0	0	0
6169	1	0	0	0
6170	1	0	0	0
6171	1	0	0	0
6172	0	1	0	0
6173	1	0	0	0
6174	0	0	1	0
6175	0	1	0	0
6176	1	0	0	0
6177	1	0	0	0
6178	0	0	1	0
6184	0	0	2	0
6185	0	2	0	0
6186	2	0	0	0
6187	0	2	0	0
6188	0	0	0	2
6189	0	0	0	2
6190	0	0	0	2
6191	0	0	0	2
6192	0	0	0	2
6193	0	0	0	2
6194	2	0	0	0
6195	0	0	0	2
6196	2	0	0	0
6197	0	0	2	0
6198	2	0	0	0
6199	0	2	0	0
6200	0	0	0	2
6201	0	0	0	2
6202	0	0	2	0
6203	2	0	0	0
6204	0	0	0	2
6205	2	0	0	0
6206	0	0	0	2
6207	2	0	0	0
6208	0	0	2	0
6209	0	0	0	2
6210	2	0	0	0
6211	0	2	0	0
6212	0	2	0	0
6213	2	0	0	0
6214	0	2	0	0
6215	0	0	0	2
6216	0	0	0	2
6401	0	1	0	0
6402	1	0	0	0
6403	0	0	1	0
6404	0	0	0	1
6405	2	0	0	0
6406	0	2	0	0
6407	2	0	0	0
6408	2	0	0	0
6409	0	0	0	2
6410	0	0	2	0
6411	0	0	0	2
6412	2	0	0	0
6413	0	2	0	0
6414	2	0	0	0
6415	0	2	0	0
6416	2	0	0	0
6417	0	0	0	2
6418	0	0	2	0
6419	0	0	2	0
6420	0	0	2	0
6421	2	0	0	0
6422	0	0	0	2
6423	0	0	0	2
6424	2	0	0	0
6425	2	0	0	0
6426	2	0	0	0
6427	0	2	0	0
6428	0	2	0	0
6429	2	0	0	0
6430	0	0	2	0
6431	0	0	0	2
6432	0	0	2	0
6433	0	0	2	0
6434	0	0	0	2
6435	2	0	0	0
6436	1	0	0	1
6437	0	2	0	0
6438	2	0	0	0
6439	2	0	0	0
6440	0	2	0	0
6441	0	0	0	2
6442	0	2	0	0
6443	2	0	0	0
6444	2	0	0	0
6445	0	2	0	0
6446	0	0	0	2
6447	2	0	0	0
6448	0	2	0	0
6449	0	0	0	2
6450	0	0	2	0
6451	0	0	0	2
6452	0	0	0	2
6453	0	0	2	0
6454	2	0	0	0
6455	2	0	0	0
6456	0	0	0	2
6457	0	0	2	0
6458	0	0	2	0
6459	0	0	0	2
6460	2	0	0	0
6461	0	0	2	0
6462	0	2	0	0
6463	0	2	0	0
6464	0	0	0	2
6465	2	0	0	0
6466	0	0	2	0
6467	0	2	0	0
6468	2	0	0	0
6469	0	0	2	0
6470	2	0	0	0
6471	2	0	0	0
6570	0	1	0	0
6571	1	0	0	0
6572	1	0	0	0
6573	0	0	0	1
6574	1	0	0	0
6575	1	0	0	0
6576	0	0	0	1
6577	1	0	0	0
6578	0	1	0	0
6579	1	0	0	0
6580	1	0	0	0
6581	0	0	1	0
6582	1	0	0	0
6583	1	0	0	0
6584	1	0	0	0
6585	1	0	0	0
6586	1	0	0	0
6587	0	0	1	0
6588	0	0	0	1
6589	1	0	0	0
6590	0	0	0	1
6591	1	0	0	0
6592	1	0	0	0
6593	0	0	1	0
6594	0	0	1	0
6595	1	0	0	0
6596	0	0	0	1
6597	1	0	0	0
6598	0	0	1	0
6599	0	0	1	0
6600	1	0	0	0
6601	0	1	0	0
6602	0	1	0	0
6603	1	0	0	0
6604	0	0	1	0
6605	0	0	1	0
6606	1	0	0	0
6607	0	1	0	0
6608	1	0	0	0
6609	1	0	0	0
6610	1	0	0	0
6611	0	1	0	0
6612	1	0	0	0
6613	0	0	0	1
6614	0	0	0	1
6615	0	1	0	0
6616	0	0	0	1
6617	1	0	0	0
6618	0	0	0	1
6619	0	0	1	0
6620	0	1	0	0
6621	1	0	0	0
6622	1	0	0	0
6623	0	1	0	0
6624	1	0	0	0
6625	0	0	1	0
6626	0	0	1	0
6627	0	0	0	1
6628	0	0	1	0
6629	0	1	0	0
6630	0	1	0	0
6631	1	0	0	0
6632	0	0	0	1
6633	1	0	0	0
6634	1	0	0	0
6635	0	0	0	1
6636	1	0	0	0
6637	0	0	1	0
6638	0	0	1	0
6639	1	0	0	0
6640	0	0	1	0
6641	1	0	0	0
6642	0	0	0	1
6643	1	0	0	0
6644	0	0	0	1
6645	1	0	0	0
6646	1	0	0	0
6647	0	0	1	0
6648	1	0	0	0
6649	0	1	0	0
6650	1	0	0	0
6651	1	0	0	0
6652	0	0	1	0
6653	0	1	0	0
6654	1	0	0	0
6655	0	1	0	0
6656	1	0	0	0
6657	0	0	0	1
6658	0	0	0	1
6659	0	0	1	0
6660	0	0	0	1
6661	1	0	0	0
6662	1	0	0	0
6663	0	1	0	0
6664	1	0	0	0
6665	0	0	0	1
6666	0	0	0	1
6667	1	0	0	0
6668	0	0	1	0
6669	0	0	0	1
6670	1	0	0	0
6671	1	0	0	0
6672	1	0	0	0
6673	0	1	0	0
6674	1	0	0	0
6675	1	0	0	0
6676	1	0	0	0
6677	0	0	1	0
6678	0	0	0	1
6679	0	0	0	1
6680	0	0	1	0
6681	0	0	1	0
6682	1	0	0	0
6683	1	0	0	0
6684	0	1	0	0
6685	1	0	0	0
6686	0	1	0	0
6687	1	0	0	0
6688	1	0	0	0
6689	0	1	0	0
6690	0	0	0	1
6691	0	0	0	1
6692	0	0	0	1
6693	1	0	0	0
6818	0	0	0	0
6819	0	1	0	0
6820	1	0	0	0
6821	1	0	0	0
6822	0	0	0	1
6823	1	0	0	0
6824	0	1	0	0
6825	1	0	0	0
6826	0	0	0	1
6827	0	1	0	0
6828	1	0	0	0
6829	0	0	1	0
6830	1	0	0	0
6831	0	1	0	0
6832	0	1	0	0
6833	0	0	0	1
6834	0	0	1	0
6835	0	0	0	1
6836	0	0	0	1
6837	0	0	0	1
6838	1	0	0	0
6839	1	0	0	0
6840	0	0	0	1
6841	1	0	0	0
6842	0	0	1	0
6843	0	0	0	1
6844	1	0	0	0
6845	0	1	0	0
6846	1	0	0	0
6847	0	0	0	1
6848	1	0	0	0
6849	0	1	0	0
6850	1	0	0	0
6851	0	1	0	0
6852	0	0	0	1
6853	1	0	0	0
6854	1	0	0	0
6855	0	0	0	1
6856	1	0	0	0
6857	1	0	0	0
6858	0	0	0	1
6859	1	0	0	0
6860	0	1	0	0
6861	1	0	0	0
6862	0	0	1	0
6863	1	0	0	0
6864	0	1	0	0
6865	1	0	0	0
6866	0	0	1	0
6867	0	0	0	1
6868	1	0	0	0
6869	1	0	0	0
6870	0	0	0	1
6871	0	0	0	1
6872	0	1	0	0
6873	1	0	0	0
6874	1	0	0	0
6875	0	0	1	0
6876	0	0	0	1
6877	0	0	0	1
6878	0	1	0	0
6879	1	0	0	0
6880	1	0	0	0
6881	0	1	0	0
6882	0	1	0	0
6883	1	0	0	0
6884	0	0	0	1
6885	0	1	0	0
6886	1	0	0	0
6887	0	1	0	0
6888	1	0	0	0
6961	0	0	1	0
6962	0	1	0	0
6963	1	0	0	0
6964	0	0	1	0
6965	0	0	1	0
6966	1	0	0	0
6967	1	0	0	0
6968	1	0	0	0
6969	0	1	0	0
6970	1	0	0	0
6971	0	0	0	1
6972	1	0	0	0
6973	1	0	0	0
6974	0	1	0	0
6975	1	0	0	0
6976	0	0	0	1
6977	0	0	1	0
6978	0	0	0	1
6979	1	0	0	0
6980	1	0	0	0
6981	1	0	0	0
6982	0	0	0	1
6983	0	1	0	0
6984	1	0	0	0
6985	1	0	0	0
6986	1	0	0	0
6987	0	0	0	1
6988	1	0	0	0
6989	0	0	0	1
6990	0	1	0	0
6991	1	0	0	0
6992	0	1	0	0
6993	1	0	0	0
6994	0	0	1	0
6995	0	0	1	0
6996	1	0	0	0
6997	0	1	0	0
6998	0	0	0	1
6999	1	0	0	0
7000	0	0	0	1
7001	0	0	0	1
7002	1	0	0	0
7003	0	0	0	1
7004	0	0	0	1
7005	0	0	1	0
7006	1	0	0	0
7007	0	1	0	0
7008	1	0	0	0
7009	0	1	0	0
7010	0	0	1	0
7011	0	0	0	1
7012	0	0	1	0
7013	1	0	0	0
7014	0	0	0	1
7015	0	0	1	0
7016	0	0	1	0
7562	1	0	0	0
7563	0	1	0	0
7564	1	0	0	0
7565	0	1	0	0
7566	1	0	0	0
7567	1	0	0	0
7568	0	0	0	1
7569	1	0	0	0
7570	0	0	0	1
7571	1	0	0	0
7572	0	1	0	0
7573	0	0	1	0
7574	0	0	1	0
7575	0	0	1	0
7576	0	0	0	1
7577	0	0	0	1
7578	0	0	1	0
7579	0	1	0	0
7580	0	0	0	1
7581	0	0	0	1
7582	0	0	1	0
7583	1	0	0	0
7584	0	0	1	0
7585	0	0	1	0
7586	1	0	0	0
7587	0	1	0	0
7588	0	0	0	1
7589	0	1	0	0
7590	0	0	1	0
7591	0	1	0	0
7592	1	0	0	0
7593	1	0	0	0
7594	1	0	0	0
7595	1	0	0	0
7596	0	1	0	0
7597	0	1	0	0
7598	1	0	0	0
7599	0	0	1	0
7600	0	1	0	0
7601	1	0	0	0
7602	0	0	1	0
7603	0	0	1	0
7604	1	0	0	0
7605	0	0	1	0
7606	1	0	0	0
7607	1	0	0	0
7608	1	0	0	0
7609	1	0	0	0
7610	1	0	0	0
7611	0	0	0	1
7612	0	0	1	0
7613	1	0	0	0
7614	1	0	0	0
7615	1	0	0	0
7616	1	0	0	0
7617	1	0	0	0
7618	0	0	1	0
7619	1	0	0	0
7620	0	0	0	1
7621	0	0	0	1
7622	0	0	0	1
7623	1	0	0	0
7624	0	0	0	1
7625	0	0	0	1
7626	1	0	0	0
7627	0	0	1	0
7628	0	1	0	0
7629	1	0	0	0
7630	0	0	0	1
7631	0	0	0	1
7910	0	1	0	0
7911	0	1	0	0
7912	0	0	0	1
7913	0	0	1	0
7914	0	0	1	0
7915	0	0	1	0
7916	1	0	0	0
7917	0	1	0	0
7918	0	0	1	0
7919	1	0	0	0
7920	0	1	0	0
7921	0	1	0	0
7922	0	0	0	1
7923	1	0	0	0
7924	0	1	0	0
7925	0	0	1	0
7926	0	0	1	0
7927	1	0	0	0
7928	0	0	1	0
7929	0	1	0	0
7930	0	1	0	0
7931	0	0	0	1
7932	0	0	1	0
7933	0	0	0	1
7934	0	0	1	0
7935	0	1	0	0
7936	0	1	0	0
7937	0	0	0	1
7938	0	1	0	0
7939	0	0	0	1
7940	0	0	0	1
7941	0	1	0	0
7942	0	0	0	1
7943	0	0	1	0
7944	0	1	0	0
7945	0	0	0	1
7946	1	0	0	0
7947	0	1	0	0
7948	0	1	0	0
7949	1	0	0	0
7950	0	1	0	0
7951	0	1	0	0
7952	0	0	1	0
7953	1	0	0	0
7954	0	0	0	1
7955	0	0	0	1
7956	0	0	1	0
7957	1	0	0	0
7958	0	0	1	0
7959	1	0	0	0
7960	0	0	1	0
7961	1	0	0	0
7962	0	1	0	0
7963	0	0	0	1
7964	0	0	0	1
7965	1	0	0	0
7966	1	0	0	0
7967	0	0	0	1
7968	1	0	0	0
7969	0	0	0	1
7970	0	0	0	1
7971	0	0	1	0
7972	1	0	0	0
7973	0	0	0	1
7974	0	0	0	1
7975	0	0	1	0
7976	0	1	0	0
7984	0	0	1	0
7985	0	1	0	0
7986	1	0	0	0
7987	0	0	1	0
7988	0	0	0	1
7989	0	0	1	0
7990	0	0	1	0
7991	1	0	0	0
7992	1	0	0	0
7993	0	0	0	0
7994	0	0	0	1
7995	0	0	0	1
7996	0	1	0	0
7997	0	0	0	1
7998	0	0	1	0
7999	0	0	1	0
8000	0	0	1	0
8001	1	0	0	0
8002	0	1	0	0
8003	0	0	1	0
8004	0	1	0	0
8005	1	0	0	0
8006	0	0	1	0
8007	0	1	0	0
8008	1	0	0	0
8009	0	0	1	0
8010	0	0	0	1
8011	0	1	0	0
8012	0	0	0	1
8013	0	1	0	0
8014	1	0	0	0
8015	1	0	0	0
8016	0	0	1	0
8017	0	0	1	0
8018	0	0	1	0
8019	1	0	0	0
8020	0	1	0	0
8021	0	0	0	1
8022	0	0	1	0
8023	0	1	0	0
8024	1	0	0	0
8025	0	0	1	0
8026	1	0	0	0
8027	0	0	1	0
8028	0	0	1	0
8029	0	0	1	0
8030	0	0	1	0
8031	0	0	1	0
8032	0	0	0	1
8033	0	0	1	0
8034	0	0	1	0
8035	0	0	1	0
8036	1	0	0	0
8037	1	0	0	0
8038	0	0	1	0
8039	0	0	0	1
8040	0	1	0	0
8041	0	1	0	0
8042	0	0	0	1
8043	0	0	0	1
8044	1	0	0	0
8045	1	0	0	0
8046	0	0	1	0
8047	0	0	0	1
8048	1	0	0	0
8049	0	0	0	1
8050	0	1	0	0
8051	0	0	0	1
8052	1	0	0	0
8053	0	0	2	0
8054	0	0	2	0
8055	2	0	0	0
8056	1	0	0	0
8057	1	0	0	0
8058	0	0	0	1
8059	0	1	0	0
8060	0	0	0	1
8061	0	0	0	1
8062	0	0	1	0
8063	0	0	0	1
8064	0	0	1	0
8065	0	1	0	0
8066	1	0	0	0
8067	0	0	1	0
8068	0	0	0	1
8069	1	0	0	0
8070	0	0	0	1
8071	0	0	0	1
8072	0	0	1	0
8073	0	0	1	0
8074	0	0	1	0
8075	0	0	1	0
8076	0	0	0	1
8077	0	1	0	0
8078	0	0	0	1
8079	0	0	1	0
8080	0	0	1	0
8081	1	0	0	0
8082	1	0	0	0
8083	0	1	0	0
8084	0	0	0	1
8085	1	0	0	0
8086	1	0	0	0
8087	1	0	0	0
8088	1	0	0	0
8089	1	0	0	0
8090	1	0	0	0
8091	0	0	1	0
8092	0	0	1	0
8093	0	0	1	0
8094	0	0	0	1
8095	0	0	1	0
8096	0	1	0	0
8097	0	0	0	1
8098	1	0	0	0
8099	0	0	0	1
8100	0	0	0	1
8101	1	0	0	0
8102	0	0	1	0
8103	0	0	0	1
8104	0	1	0	0
8105	0	0	0	1
8106	0	0	1	0
8107	0	1	0	0
8108	0	0	0	1
8109	0	0	0	1
8110	0	0	1	0
8111	1	0	0	0
8112	0	0	0	1
8113	1	0	0	0
8114	0	1	0	0
8115	0	1	0	0
8116	1	0	0	0
8117	0	0	0	1
8118	1	0	0	0
8119	0	0	1	0
8120	0	1	0	0
8121	1	0	0	0
8122	1	0	0	0
8123	0	0	0	1
8266	1	0	0	0
8267	0	0	1	0
8268	0	0	0	1
8269	0	0	0	1
8270	0	0	1	0
8271	0	0	1	0
8272	1	0	0	0
8273	0	0	0	1
8274	0	0	1	0
8275	0	0	1	0
8276	0	1	0	0
8277	0	1	0	0
8278	0	0	0	1
8279	0	0	1	0
8280	0	1	0	0
8281	0	0	0	1
8282	0	0	1	0
8283	0	0	0	1
8284	1	0	0	0
8285	1	0	0	0
8286	0	0	1	0
8287	1	0	0	0
8288	0	0	1	0
8289	1	0	0	0
8290	1	0	0	0
8291	1	0	0	0
8292	0	0	1	0
8293	1	0	0	0
8294	1	0	0	0
8295	0	0	0	1
8296	1	0	0	0
8297	1	0	0	0
8298	0	0	1	0
8299	1	0	0	0
8300	1	0	0	0
8301	0	0	1	0
8302	1	0	0	0
8303	1	0	0	0
8304	0	1	0	0
8305	0	0	0	1
8306	1	0	0	0
8307	0	0	1	0
8308	0	0	1	0
8309	0	1	0	0
8310	0	1	0	0
8311	1	0	0	0
8312	0	0	1	0
8313	0	1	0	0
8314	1	0	0	0
8315	0	0	1	0
8316	0	1	0	0
8317	1	0	0	0
8318	0	0	1	0
8319	1	0	0	0
8320	0	0	1	0
8321	1	0	0	0
8322	0	0	1	0
8323	1	0	0	0
8324	1	0	0	0
8325	0	0	0	1
8326	1	0	0	0
8327	0	0	1	0
8328	0	0	1	0
8329	1	0	0	0
8330	0	0	1	0
8331	0	1	0	0
8332	1	0	0	0
8333	0	0	1	0
8334	0	1	0	0
8346	0	0	0	1
8347	1	0	0	0
8348	0	0	1	0
8349	1	0	0	0
8350	0	0	0	1
8351	1	0	0	0
8352	1	0	0	0
8353	1	0	0	0
8354	0	1	0	0
8355	1	0	0	0
8356	0	0	0	1
8357	0	0	1	0
8358	0	0	1	0
8359	0	0	1	0
8360	0	0	1	0
8361	0	1	0	0
8362	1	0	0	0
8363	0	1	0	0
8364	0	0	0	1
8365	0	0	0	1
8366	1	0	0	0
8367	0	1	0	0
8368	1	0	0	0
8369	1	0	0	0
8370	0	1	0	0
8371	0	1	0	0
8372	1	0	0	0
8373	0	0	1	0
8374	0	0	0	1
8375	1	0	0	0
8376	1	0	0	0
8377	0	1	0	0
8378	1	0	0	0
8379	0	1	0	0
8380	1	0	0	0
8381	0	0	1	0
8382	0	1	0	0
8383	0	1	0	0
8384	0	1	0	0
8385	1	0	0	0
8386	0	1	0	0
8387	1	0	0	0
8388	1	0	0	0
8389	0	0	0	1
8390	1	0	0	0
8391	1	0	0	0
8392	0	0	0	1
8393	0	1	0	0
8394	0	1	0	0
8395	0	0	0	1
8396	0	0	1	0
8397	1	0	0	0
8398	0	0	0	1
8399	0	0	0	1
8400	0	0	1	0
8401	0	0	0	1
8402	0	0	1	0
8403	0	1	0	0
8404	0	1	0	0
8405	0	0	0	1
8406	0	0	1	0
8407	0	0	1	0
8408	0	1	0	0
8409	0	0	0	1
