	A	C	G	T
767	0	19	0	0
768	19	0	0	0
769	0	0	28	0
770	0	28	0	0
771	35	0	0	0
772	0	0	0	35
773	0	0	0	36
774	447	0	0	0
775	0	0	0	457
776	0	456	0	0
777	457	0	0	0
778	0	0	457	0
779	457	0	0	0
780	457	0	0	0
781	0	0	456	0
782	0	0	457	0
783	457	0	0	0
784	0	0	457	0
785	0	455	0	0
786	0	457	0	0
787	457	0	0	0
788	0	456	0	0
789	0	456	0	0
790	0	457	0	0
791	0	457	0	0
792	442	0	0	0
793	0	436	0	0
794	359	0	0	0
820	0	0	4	0
821	0	0	0	4
822	0	0	4	0
823	0	0	8	0
824	0	0	8	0
825	0	0	8	0
826	0	0	8	0
827	0	0	8	0
828	8	0	0	0
829	0	8	0	0
830	8	0	0	0
831	0	0	0	8
832	0	8	0	0
833	8	0	0	0
834	8	0	0	0
835	0	0	8	0
836	0	8	0	0
837	8	0	0	0
838	0	0	8	0
839	0	8	0	0
840	4	4	0	0
841	8	0	0	0
842	0	0	0	8
843	0	0	8	0
844	0	8	0	0
845	8	0	0	0
846	8	0	0	0
847	8	0	0	0
848	0	0	0	8
849	0	0	3	0
958	0	0	10	0
959	0	10	0	0
960	10	0	0	0
961	0	0	10	0
962	0	0	10	0
963	10	0	0	0
964	10	0	0	0
965	0	10	0	0
966	0	0	0	10
967	10	0	0	0
968	0	10	0	0
969	0	0	0	10
970	10	0	0	0
971	0	0	10	0
972	0	0	0	10
973	10	0	0	0
974	0	10	0	0
975	0	10	0	0
976	0	10	0	0
977	0	0	0	10
978	0	0	0	10
979	0	10	0	0
980	10	0	0	0
2997	0	0	1	0
2998	1	0	0	0
2999	0	0	0	0
3000	0	1	0	0
3001	1	0	0	0
3002	0	0	0	0
3003	1	0	0	0
3004	0	0	0	0
3005	0	0	0	0
3006	1	0	0	0
3007	0	1	0	0
3008	1	0	0	0
3009	0	0	0	1
3010	1	0	0	0
3011	0	0	0	1
3012	0	1	0	0
3013	1	0	0	0
3014	1	0	0	0
3015	1	0	0	0
3016	0	0	0	1
3017	0	0	0	1
3018	0	0	0	1
3019	1	0	0	0
3020	0	0	0	0
3021	0	0	0	0
3022	1	0	0	0
3023	1	0	0	0
3024	0	0	1	0
3025	0	0	0	0
3026	1	0	0	0
3027	0	1	0	0
3028	0	1	0	0
3029	1	0	0	0
3030	0	0	0	1
3031	0	0	0	1
3032	0	1	0	0
3033	1	0	0	0
3034	1	0	0	0
3035	1	0	0	0
3036	1	0	0	0
3037	1	0	0	0
3038	0	0	0	1
3039	0	1	0	0
3040	0	0	0	1
3041	0	0	1	0
3042	1	0	0	0
3043	1	0	0	0
3044	1	0	0	0
3045	1	0	0	0
3046	0	1	0	0
3047	1	0	0	0
3048	0	0	1	0
3049	0	0	0	0
3050	0	0	1	0
3051	1	0	0	0
3052	1	0	0	0
3053	0	0	1	0
3054	0	0	0	1
3055	1	0	0	0
3056	0	0	0	1
3057	0	0	1	0
3058	0	1	0	0
3059	1	0	0	0
3060	1	0	0	0
3061	1	0	0	0
3062	1	0	0	0
3194	1	0	0	0
3195	0	0	0	1
3196	0	0	1	0
3197	0	0	1	0
3198	0	0	0	1
3199	0	0	1	0
3200	0	0	1	0
3201	1	0	0	0
3202	0	1	0	0
3203	0	0	1	0
3204	0	0	1	0
3205	1	0	0	0
3206	0	1	0	0
3207	0	0	0	1
3208	1	0	0	0
3209	0	0	0	1
3210	0	0	0	1
3211	0	0	1	0
3212	0	0	1	0
3213	0	1	0	0
3214	1	0	0	0
3215	1	0	0	0
3216	0	0	1	0
3217	0	1	0	0
3218	0	1	0	0
3219	1	0	0	0
3220	0	1	0	0
3221	0	1	0	0
3222	0	0	0	1
3223	0	0	1	0
3224	0	0	1	0
3225	1	0	0	0
3226	0	0	0	1
3227	0	0	0	1
3228	0	1	0	0
3229	0	1	0	0
3230	0	0	0	1
3231	0	0	1	0
3232	1	0	0	0
3233	0	0	1	0
3234	0	0	0	1
3235	0	0	1	0
3236	0	0	1	0
3237	0	0	1	0
3238	1	0	0	0
3239	0	0	1	0
3240	0	0	0	1
3241	0	0	0	1
3242	0	0	0	1
3243	0	0	1	0
3244	0	0	0	1
3245	0	0	0	1
3246	1	0	0	0
3247	1	0	0	0
3248	0	0	0	1
3249	1	0	0	0
3250	0	1	0	0
3251	0	1	0	0
3252	0	1	0	0
3253	0	1	0	0
3254	0	0	0	1
3255	0	1	0	0
3256	0	1	0	0
3257	0	1	0	0
3258	0	1	0	0
3259	0	0	0	1
3260	1	0	0	0
3261	0	0	1	0
3262	0	0	0	1
3263	1	0	0	0
3264	1	0	0	0
3265	1	0	0	0
3266	1	0	0	0
3267	0	0	0	1
3268	0	0	0	1
3269	1	0	0	0
3270	0	0	0	1
3271	0	0	1	0
3272	0	0	1	0
3273	0	0	0	1
3274	1	0	0	0
3275	0	1	0	0
3276	0	1	0	0
3277	1	0	0	0
3278	0	0	1	0
3279	0	1	0	0
3280	0	0	0	1
3281	0	0	1	0
3282	0	0	1	0
3283	1	0	0	0
3284	0	0	1	0
3285	0	0	0	0
3286	0	0	0	0
3287	1	0	0	0
3288	0	0	1	0
3289	1	0	0	0
3290	0	0	0	0
3291	0	1	0	0
3292	0	1	0	0
3293	0	1	0	0
3294	1	0	0	0
3295	0	0	0	1
3296	1	0	0	0
3297	0	0	1	0
3298	0	1	0	0
3299	1	0	0	0
3300	0	0	1	0
3301	0	0	1	0
3302	1	0	0	0
3303	0	0	1	0
3304	0	2	0	0
3305	2	0	0	0
3306	0	0	2	0
3307	1	0	0	0
3308	1	0	0	0
3309	1	0	0	0
3310	0	0	0	0
3311	0	0	0	1
3312	0	0	0	1
3313	0	0	0	1
3314	0	0	0	1
3315	0	0	0	1
3316	1	0	0	0
3317	0	0	0	1
3318	0	0	1	0
3319	0	0	0	1
3320	1	0	0	0
3321	0	0	1	0
3322	1	0	0	0
3323	0	0	0	1
3324	0	0	0	0
3325	0	0	0	0
3326	1	0	0	0
3327	0	0	1	0
3328	0	1	0	0
3329	1	0	0	0
3330	0	0	1	0
3331	0	1	0	0
3332	0	0	0	0
3333	1	0	0	0
3334	0	0	0	0
3335	0	0	0	1
3336	1	0	0	0
3337	0	0	0	0
3338	0	0	1	0
3339	0	0	1	0
3340	1	0	0	0
3341	1	0	0	0
3342	1	0	0	0
3343	0	1	0	0
3344	0	0	0	1
3345	1	0	0	0
3346	1	0	0	0
3347	1	0	0	0
3348	1	0	0	0
3349	0	1	0	0
3350	1	0	0	0
3351	0	0	0	0
3352	0	0	1	0
3353	1	0	0	0
3354	1	0	0	0
3355	1	0	0	0
3356	0	0	1	0
3357	0	0	0	0
3358	0	1	0	0
3359	1	0	0	0
3360	0	0	0	0
3361	0	0	1	0
3362	0	0	1	0
3363	0	0	0	1
3364	1	0	0	0
3365	0	0	0	0
3366	0	0	1	0
3367	0	0	0	1
3368	0	0	0	1
3369	0	0	0	0
3370	0	1	0	0
3371	0	0	0	1
3372	0	0	1	0
3373	0	0	0	0
3374	0	1	0	0
3858	0	0	0	0
3859	1	0	0	0
3860	1	0	0	0
3861	0	0	0	1
3862	0	0	0	1
3863	1	0	0	0
3864	0	0	0	0
3865	1	0	0	0
3866	0	0	0	1
3867	0	0	0	1
3868	0	0	1	0
3869	0	0	0	1
3870	1	0	0	0
3871	0	1	0	0
3872	1	0	0	0
3873	0	1	0	0
3874	1	0	0	0
3875	0	0	0	0
3876	0	0	0	1
3877	0	0	0	1
3878	1	0	0	0
3879	0	0	1	0
3880	1	0	0	0
3881	1	0	0	0
3882	0	0	1	0
3883	0	0	1	0
3884	1	0	0	0
3885	1	0	0	0
3886	1	0	0	0
3887	1	0	0	0
3888	0	0	1	0
3889	0	0	0	1
3890	0	1	0	0
3891	1	0	0	0
3892	0	0	0	1
3893	0	1	0	0
3894	0	0	0	0
3895	0	0	0	1
3896	1	0	0	0
3897	0	0	1	0
3898	0	0	0	0
3899	1	0	0	0
3900	0	0	1	0
3901	0	0	0	0
3902	0	0	0	0
3903	0	0	1	0
3904	0	0	0	1
3905	0	1	0	0
3906	0	1	0	0
3907	1	0	0	0
3908	0	0	0	1
3909	0	0	1	0
3910	0	0	0	1
3911	1	0	0	0
3912	0	0	1	0
3913	0	0	0	0
3914	0	1	0	0
3915	1	0	0	0
3916	0	0	0	0
3917	0	0	0	0
3918	0	0	1	0
3919	0	0	0	0
3920	0	1	0	0
3921	0	0	0	1
3922	1	0	0	0
3923	0	1	0	0
3924	1	0	0	0
3925	0	0	0	1
3926	1	0	0	0
3927	0	0	0	0
3928	1	0	0	0
3929	1	0	0	0
4091	0	0	0	1
4092	0	0	1	0
4093	0	0	1	0
4094	0	0	1	0
4095	1	0	0	0
4096	0	0	0	1
4097	0	0	0	1
4098	0	1	0	0
4099	0	0	0	0
4100	0	1	0	0
4101	0	0	0	1
4102	1	0	0	0
4103	0	1	0	0
4104	1	0	0	0
4105	1	0	0	0
4106	0	0	0	1
4107	0	1	0	0
4108	0	1	0	0
4109	0	1	0	0
4110	0	1	0	0
4111	1	0	0	0
4112	0	0	1	0
4113	1	0	0	0
4114	0	0	1	0
4115	0	0	0	1
4116	0	1	0	0
4117	1	0	0	0
4118	0	0	1	0
4119	0	0	0	0
4120	0	0	1	0
4121	1	0	0	0
4122	0	0	1	0
4123	0	0	0	1
4124	1	0	0	0
4125	0	0	1	0
4126	0	0	0	1
4127	1	0	0	0
4128	0	0	1	0
4129	1	0	0	0
4130	1	0	0	0
4131	0	0	0	1
4132	0	1	0	0
4133	0	0	0	1
4134	1	0	0	0
4135	0	0	0	1
4136	0	0	1	0
4137	1	0	0	0
4138	1	0	0	0
4139	0	0	0	1
4140	1	0	0	0
4141	1	0	0	0
4142	1	0	0	0
4143	0	0	1	0
4144	1	0	0	0
4145	1	0	0	0
4146	0	0	0	1
4147	0	0	0	1
4148	1	0	0	0
4149	1	0	0	0
4150	1	0	0	0
4151	0	0	1	0
4152	1	0	0	0
4153	1	0	0	0
4154	1	0	0	0
4155	1	0	0	0
4156	0	0	0	1
4157	0	1	0	0
4158	1	0	0	0
4159	0	0	0	1
4160	1	0	0	0
4161	0	0	1	0
7914	0	0	2	0
7915	0	0	2	0
7916	0	0	0	0
7917	0	2	0	0
7918	0	0	2	0
7919	2	0	0	0
7920	0	0	0	2
7921	0	2	0	0
7922	0	0	0	2
7923	0	0	2	0
7924	0	2	0	0
7925	0	0	2	0
7926	0	0	2	0
7927	2	0	0	0
8199	0	0	0	0
8200	1	0	0	0
8201	0	0	1	0
8202	1	0	0	0
8203	1	0	0	0
8204	0	0	0	1
8205	1	0	0	0
8206	1	0	0	0
8207	0	0	1	0
8208	1	0	0	0
8209	0	1	0	0
8210	1	0	0	0
8211	1	0	0	0
8212	0	0	1	0
8213	0	0	1	0
8214	0	1	0	0
8215	0	0	0	1
8216	0	0	0	1
8217	0	0	0	1
8218	0	0	1	0
8219	1	0	0	0
8220	1	0	0	0
8221	0	0	1	0
8222	0	1	0	0
8223	1	0	0	0
8224	0	0	1	0
8225	0	1	0	0
8226	0	0	0	1
8227	0	0	0	1
8228	0	0	0	1
8229	0	0	1	0
8230	0	1	0	0
8231	1	0	0	0
8232	1	0	0	0
8233	0	0	0	1
8234	1	0	0	0
8235	0	0	1	0
8236	1	0	0	0
8237	1	0	0	0
8238	0	0	0	1
8239	0	0	1	0
8240	0	0	1	0
8241	0	0	1	0
8242	0	0	1	0
8243	0	0	1	0
8244	0	0	1	0
8245	0	1	0	0
8246	1	0	0	0
8247	1	0	0	0
8248	0	0	1	0
8249	0	0	0	1
8250	0	0	1	0
8251	0	0	1	0
8252	0	0	0	1
8253	0	1	0	0
8254	1	0	0	0
8255	1	0	0	0
8256	1	0	0	0
8257	0	0	1	0
8258	1	0	0	0
8259	0	0	1	0
8260	0	1	0	0
8261	1	0	0	0
8262	0	0	1	0
8263	0	1	0	0
8264	1	0	0	0
8265	0	0	0	1
8266	1	0	0	0
8267	0	0	1	0
8268	0	0	0	1
8269	0	0	0	1
8270	0	0	1	0
8271	0	0	1	0
8283	0	0	0	1
8284	1	0	0	0
8285	1	0	0	0
8286	0	0	1	0
8287	1	0	0	0
8288	0	0	1	0
8289	1	0	0	0
8290	1	0	0	0
8291	1	0	0	0
8292	0	0	1	0
8293	1	0	0	0
8294	1	0	0	0
8295	0	0	0	1
8296	1	0	0	0
8297	1	0	0	0
8298	0	0	1	0
8299	1	0	0	0
8300	1	0	0	0
8301	0	0	1	0
8302	1	0	0	0
8303	1	0	0	0
8304	0	1	0	0
8305	0	0	0	1
8306	0	1	0	0
8307	1	0	0	0
8308	0	0	1	0
8309	0	1	0	0
8310	0	1	0	0
8311	0	0	0	0
8312	0	0	1	0
8313	0	1	0	0
8314	1	0	0	0
8315	0	0	1	0
8316	0	1	0	0
8317	1	0	0	0
8318	0	0	1	0
8319	1	0	0	0
8320	0	0	1	0
8321	0	0	1	0
8322	0	0	1	0
8323	1	0	0	0
8324	0	0	1	0
8325	0	0	0	1
8326	1	0	0	0
8327	0	0	1	0
8328	0	0	1	0
8329	1	0	0	0
8330	0	0	1	0
8331	0	1	0	0
8332	1	0	0	0
8333	0	0	1	0
8334	0	1	0	0
8335	0	0	1	0
8336	0	0	0	1
8337	0	1	0	0
8338	0	0	0	1
8339	0	1	0	0
8340	1	0	0	0
8341	1	0	0	0
8342	0	0	1	0
8343	1	0	0	0
8344	0	2	0	0
8345	0	0	0	2
8346	0	0	0	2
8347	2	0	0	0
8348	0	0	2	0
8349	2	0	0	0
8350	0	0	0	2
8351	2	0	0	0
8352	2	0	0	0
8353	2	0	0	0
8354	0	0	0	2
8355	2	0	0	0
8356	0	0	0	2
8357	0	0	2	0
8358	0	0	2	0
8359	2	0	0	0
8360	0	0	2	0
8361	0	2	0	0
8362	2	0	0	0
8363	0	2	0	0
8364	0	0	0	2
8365	0	0	0	2
8366	2	0	0	0
8367	0	2	0	0
8368	2	0	0	0
8369	2	0	0	0
8370	0	2	0	0
8371	0	2	0	0
8372	2	0	0	0
8373	0	0	2	0
8374	0	2	0	0
8375	2	0	0	0
8376	2	0	0	0
8377	0	2	0	0
8378	2	0	0	0
8379	0	2	0	0
8380	2	0	0	0
8381	0	0	2	0
8382	0	2	0	0
8383	0	2	0	0
8384	0	2	0	0
8385	2	0	0	0
8386	0	2	0	0
8387	2	0	0	0
8388	2	0	0	0
8389	0	0	0	2
8390	2	0	0	0
8391	2	0	0	0
8392	0	0	0	2
8393	0	0	2	0
8394	0	2	0	0
8395	0	0	0	2
8396	0	0	2	0
8397	2	0	0	0
8398	0	0	0	2
8399	0	0	0	2
8400	0	0	2	0
8401	0	0	0	2
8402	0	0	2	0
8403	0	2	0	0
8404	0	2	0	0
8405	0	0	0	2
8406	0	0	2	0
8407	0	0	2	0
8408	0	2	0	0
8409	0	0	0	2
8410	0	0	2	0
8411	0	2	0	0
8412	2	0	0	0
8413	2	0	0	0
8414	0	0	2	0
8415	0	2	0	0
8416	1	0	0	0
8417	0	1	0	0
