	A	C	G	T
772	0	0	0	0
773	0	0	0	0
774	84	0	0	0
775	0	0	0	84
776	0	84	0	0
777	84	0	0	0
778	0	0	84	0
779	84	0	0	0
780	84	0	0	0
781	0	0	84	0
782	0	0	84	0
783	84	0	0	0
784	0	0	84	0
785	0	84	0	0
786	0	84	0	0
787	84	0	0	0
788	0	84	0	0
789	0	84	0	0
790	0	84	0	0
791	0	84	0	0
792	83	0	0	0
793	0	84	0	0
794	84	0	0	0
1242	0	0	1	0
1243	1	0	0	0
1244	0	1	0	0
1245	0	1	0	0
1246	1	0	0	0
1247	0	0	0	1
1248	0	0	0	1
1249	0	0	0	1
1250	0	0	0	1
1251	1	0	0	0
1252	1	0	0	0
1253	0	0	1	0
1254	1	0	0	0
1255	0	0	1	0
1256	0	1	0	0
1257	1	0	0	0
1258	0	0	0	1
1259	0	0	0	1
1260	1	0	0	0
1261	0	0	1	0
1262	0	0	1	0
1263	1	0	0	0
1264	0	1	0	0
1265	0	1	0	0
1266	1	0	0	0
1267	0	0	1	0
1268	0	0	1	0
1269	0	0	1	0
1270	0	0	1	0
1271	0	1	0	0
1272	0	0	0	1
1273	1	0	0	0
1274	0	1	0	0
1275	1	0	0	0
1276	0	0	0	1
1277	0	0	0	1
1278	1	0	0	0
1279	0	0	2	0
1280	2	0	0	0
1281	2	0	0	0
1282	0	0	2	0
1283	2	0	0	0
1284	2	0	0	0
1285	2	0	0	0
1286	0	0	0	2
1287	0	0	2	0
1288	2	0	0	0
1289	0	0	0	2
1290	0	0	2	0
1291	2	0	0	0
1292	0	2	0	0
1293	2	0	0	0
1294	0	0	2	0
1295	0	2	0	0
1296	2	0	0	0
1297	0	0	0	2
1298	0	0	2	0
1299	0	0	0	2
1300	0	2	0	0
1301	2	0	0	0
1302	1	0	1	0
1303	0	0	2	0
1304	0	0	2	0
1305	2	0	0	0
1306	0	0	2	0
1307	0	0	0	2
1308	0	0	1	0
1309	0	0	2	0
1310	0	0	2	0
1311	2	0	0	0
1312	0	0	2	0
1313	0	0	2	0
1314	1	0	0	0
1315	0	1	0	0
1316	0	1	0	0
1317	0	0	0	1
1318	0	0	1	0
1319	0	0	1	0
1320	0	1	0	0
1321	0	1	0	0
1322	1	0	0	0
1323	0	1	0	0
1324	1	0	0	0
1325	1	0	0	0
1326	1	0	0	0
1327	0	0	1	0
1328	0	1	0	0
1329	1	0	0	0
1330	1	0	0	0
1331	0	0	1	0
1332	1	0	0	0
1333	0	0	1	0
1334	0	0	0	1
1335	0	0	0	1
1336	0	0	0	1
1337	0	0	0	1
1338	1	0	0	0
1339	0	0	1	0
1340	0	0	0	1
1341	0	0	0	1
1342	0	0	1	0
1343	1	0	0	0
1344	0	0	1	0
1345	0	0	1	0
1346	0	1	0	0
1347	1	0	0	0
1348	1	0	0	0
1349	0	0	0	1
1350	0	0	1	0
1358	0	1	0	0
1359	1	0	0	0
1360	1	0	0	0
1361	1	0	0	0
1362	0	0	0	1
1363	1	0	0	0
1364	1	0	0	0
1365	0	0	0	1
1366	1	0	0	0
1367	0	0	0	1
1368	1	0	0	0
1369	1	0	0	0
1370	1	0	0	0
1371	0	1	0	0
1372	1	0	0	0
1373	0	0	0	1
1374	1	0	0	0
1375	1	0	0	0
1376	0	0	0	1
1377	0	0	1	0
1378	1	0	0	0
1379	0	0	0	1
1380	0	0	1	0
1381	0	1	0	0
1382	1	0	0	0
1383	0	0	1	0
1384	1	0	0	0
1385	1	0	0	0
1386	1	0	0	0
1387	0	0	1	0
1388	0	0	1	0
1389	0	1	0	0
1390	1	0	0	0
1391	1	0	0	0
1392	0	0	0	1
1393	0	0	0	1
1394	0	0	0	1
1395	0	0	0	1
1396	1	0	0	0
1397	1	0	0	0
1398	1	0	0	0
1399	0	0	2	0
1400	0	0	1	0
1401	0	2	0	0
1402	0	1	0	1
1403	1	1	0	0
1404	0	0	0	2
1405	2	0	0	0
1406	1	0	1	0
1407	2	0	0	0
1408	2	0	0	0
1409	0	0	2	0
1410	2	0	0	0
1411	2	0	0	0
1412	0	0	0	2
1413	1	0	0	1
1414	0	0	2	0
1415	0	0	0	2
1416	0	0	0	2
1417	2	0	0	0
1418	2	0	0	0
1419	2	0	0	0
1420	0	0	0	2
1421	0	0	2	0
1422	0	0	0	2
1423	0	0	0	2
1424	0	0	0	2
1425	0	2	0	0
1426	2	0	0	0
1427	2	0	0	0
1428	0	2	0	0
1429	0	0	0	2
1430	0	0	2	0
1431	0	0	0	2
1432	0	0	2	0
1433	0	0	1	0
1434	0	1	0	0
1435	1	0	0	0
1436	1	0	0	0
1437	0	0	1	0
1438	0	0	1	0
1439	1	0	0	0
1440	1	0	0	0
1441	0	0	1	0
1442	0	0	1	0
1443	1	0	0	0
1444	0	1	0	0
1445	1	0	0	0
1446	0	1	0	0
1447	1	0	0	0
1448	0	0	0	1
1449	1	0	0	0
1450	0	0	1	0
1451	0	1	0	0
1452	0	1	0	0
1453	1	0	0	0
1454	0	0	1	0
1455	1	0	0	0
1456	1	0	0	0
1457	1	0	0	0
1458	0	0	0	1
1459	0	0	0	1
1460	0	0	1	0
1461	0	1	0	0
1462	1	0	0	0
1463	1	0	0	0
1464	0	0	1	0
1465	0	0	1	0
1466	0	1	0	0
1467	0	1	0	0
1468	0	1	0	0
1469	0	1	0	0
1470	0	0	0	1
1523	0	0	1	0
1524	0	0	0	1
1525	1	0	0	0
1526	0	0	1	0
1527	0	0	0	1
1528	0	0	1	0
1529	1	0	0	0
1530	0	0	1	0
1531	1	0	0	0
1532	0	0	1	0
1533	0	0	1	0
1534	0	1	0	0
1535	1	0	0	0
1536	0	0	1	0
1537	0	0	1	0
1538	0	1	0	0
1539	0	0	0	1
1540	1	0	0	0
1541	1	0	0	0
1542	0	0	0	1
1543	0	0	0	1
1544	0	0	0	1
1545	0	0	0	1
1546	0	0	0	1
1547	0	0	0	1
1548	1	0	0	0
1549	0	0	1	0
1550	0	0	1	0
1551	0	0	1	0
1552	1	0	0	0
1553	1	0	0	0
1554	1	0	0	0
1555	1	0	0	0
1556	0	0	0	1
1557	0	0	0	1
1558	0	0	0	1
1559	0	0	1	0
1560	0	0	1	0
1561	0	1	0	0
1562	0	1	0	0
1563	0	0	0	1
1564	0	0	0	1
1565	0	1	0	0
1566	0	1	0	0
1567	1	0	0	0
1568	1	0	0	0
1569	0	1	0	0
1570	1	0	0	0
1571	1	0	0	0
1572	0	0	0	0
1573	0	0	1	0
1574	0	0	1	0
1575	0	0	1	0
1576	1	0	0	0
1577	0	0	1	0
1578	0	0	1	0
1579	0	1	0	0
1580	0	1	0	0
1581	0	0	1	0
1582	0	0	1	0
1583	0	0	1	0
1584	1	0	0	0
1585	1	0	0	0
1586	1	0	0	0
1587	0	0	0	1
1588	0	0	0	1
1589	0	0	0	1
1590	0	1	0	0
1591	0	1	0	0
1592	0	0	0	1
1593	0	0	0	1
1594	0	1	0	0
1595	1	0	0	0
1613	0	1	0	0
1614	1	0	0	0
1615	0	0	1	0
1616	0	1	0	0
1617	0	1	0	0
1618	0	0	0	0
1619	0	1	0	0
1620	0	0	0	0
1621	0	1	0	0
1622	0	1	0	0
1623	1	0	0	0
1624	0	0	0	0
1625	0	1	0	0
1626	1	0	0	0
1627	0	0	1	0
1628	1	0	0	0
1629	0	0	1	0
1630	1	0	0	0
1631	0	0	1	0
1632	0	1	0	0
1633	0	0	0	1
1634	0	0	0	2
1635	0	2	0	0
1636	2	0	0	0
1637	0	0	2	0
1638	1	0	1	0
1639	0	0	0	2
1640	0	0	0	2
1641	0	2	0	0
1642	0	0	2	0
1643	2	0	0	0
1644	0	0	2	0
1645	0	0	2	0
1646	2	0	0	0
1647	0	0	2	0
1648	1	0	0	0
1649	0	2	0	0
1650	1	0	0	0
1651	0	0	2	0
1652	0	2	0	0
1653	0	2	0	0
1654	0	1	0	1
1655	0	2	0	0
1656	0	2	0	0
1657	0	0	2	0
1658	0	1	0	0
1659	0	0	0	2
1660	0	2	0	0
1661	1	1	0	0
1662	0	0	2	0
1663	2	0	0	0
1664	2	0	0	0
1665	0	0	2	0
1666	0	2	0	0
1667	2	0	0	0
1668	0	0	2	0
1669	0	0	2	0
1670	2	0	0	0
1671	1	0	0	0
1672	0	2	0	0
1673	0	2	0	0
1674	0	0	2	0
1675	1	0	1	0
1676	2	0	0	0
1677	0	0	0	0
1678	0	0	1	0
1679	2	0	0	0
1680	0	2	0	0
1681	1	0	0	0
1682	0	0	1	0
1683	0	0	1	0
1684	0	0	1	0
1685	1	1	0	0
1686	1	0	0	0
1687	0	1	0	0
1688	0	1	0	0
1689	0	1	0	0
1690	0	0	0	1
1691	0	0	0	1
1692	1	0	0	0
1693	0	0	1	0
1694	0	1	0	0
1695	0	0	0	1
1696	0	0	0	1
1697	0	1	0	0
1698	0	1	0	0
1699	0	1	0	0
1700	0	0	0	1
1701	0	1	0	0
1702	1	0	0	0
1703	1	0	0	0
1704	1	0	0	0
1705	0	0	0	1
1706	0	1	0	0
1707	1	0	0	0
1708	0	1	0	0
1709	0	0	0	1
1710	0	1	0	0
1711	0	0	0	1
1712	0	0	0	1
1714	0	0	0	0
1715	0	0	0	0
1716	0	1	0	0
1717	1	0	0	0
1718	0	0	1	0
1719	0	1	0	0
1720	0	0	1	0
1721	1	0	0	0
1722	0	1	0	0
1723	0	1	0	0
1724	0	1	0	0
1725	0	1	0	0
1726	0	0	0	1
1727	0	0	0	1
1728	0	0	1	0
1729	0	0	0	1
1730	0	1	0	0
1731	0	0	0	1
1732	0	1	0	0
1733	1	0	0	0
1734	1	0	0	0
1735	0	0	0	1
1736	1	0	0	0
1737	1	0	0	0
1738	1	0	0	0
1739	1	0	0	0
1740	0	0	1	0
1741	0	0	0	1
1742	1	0	0	0
1743	0	0	2	0
1744	0	0	2	0
1745	0	0	2	0
1746	0	0	2	0
1747	0	0	2	0
1748	0	0	0	1
1749	0	2	0	0
1750	2	0	0	0
1751	2	0	0	0
1752	2	0	0	0
1753	0	0	0	2
1754	2	0	0	0
1755	2	0	0	0
1756	2	0	0	0
1757	0	0	2	0
1758	0	0	2	0
1759	2	0	0	0
1760	0	0	2	0
1761	0	0	2	0
1762	0	2	0	0
1763	1	0	0	1
1764	0	2	0	0
1765	0	0	0	2
1766	0	2	0	0
1767	0	0	0	2
1768	0	0	0	2
1769	2	0	0	0
1770	0	0	2	0
1771	2	0	0	0
1772	0	0	0	2
1773	2	0	0	0
1774	0	2	0	0
1775	2	0	0	0
1776	0	0	2	0
1777	0	0	2	0
1778	2	0	0	0
1779	0	0	2	0
1780	0	2	0	0
1781	2	0	0	0
1782	0	0	2	0
1783	2	0	0	0
1784	0	0	0	2
1785	0	0	2	0
1786	2	0	0	0
1787	0	0	0	2
1788	1	0	0	0
1789	0	1	0	0
1790	1	0	0	0
1791	0	0	1	0
1792	0	0	0	1
1793	0	0	0	0
1794	0	0	0	1
1795	0	0	0	1
1796	1	0	0	0
1797	0	0	1	0
1798	1	0	0	0
1799	1	0	0	0
1800	0	0	1	0
1801	1	0	0	0
1802	0	1	0	0
1803	1	0	0	0
1804	0	0	0	1
1805	1	0	0	0
1806	1	0	0	0
1807	1	0	0	0
1808	0	0	0	1
1809	0	0	0	1
1810	0	0	0	1
1811	0	0	1	0
1812	0	1	0	0
1813	0	1	0	0
1814	1	0	0	0
1815	0	0	1	0
1816	0	0	1	0
1817	1	0	0	0
1845	1	0	0	0
1846	0	0	0	1
1847	0	0	0	1
1848	0	0	1	0
1849	0	0	1	0
1850	1	0	0	0
1851	0	0	1	0
1852	0	0	1	0
1853	0	0	0	1
1854	0	0	0	1
1855	0	0	0	1
1856	0	0	0	2
1857	2	0	0	0
1858	0	0	0	2
1859	0	2	0	0
1860	2	0	0	0
1861	2	0	0	0
1862	2	0	0	0
1863	0	0	2	0
1864	0	0	0	2
1865	2	0	0	0
1866	2	0	0	0
1867	2	0	0	0
1868	2	0	0	0
1869	0	2	0	0
1870	2	0	0	0
1871	2	0	0	0
1872	0	0	0	2
1873	2	0	0	0
1874	0	0	0	2
1875	0	0	2	0
1876	2	0	0	0
1877	0	0	2	0
1878	0	2	0	0
1879	2	0	0	0
1880	2	0	0	0
1881	2	0	0	0
1882	0	0	0	2
1883	0	2	0	0
1884	0	2	0	0
1885	0	0	0	2
1886	0	0	0	2
1887	2	0	0	0
1888	0	0	0	2
1889	2	0	0	0
1890	0	0	2	0
1891	2	0	0	0
1892	2	0	0	0
1893	2	0	0	0
1894	0	0	0	2
1895	0	0	0	2
1896	0	0	0	2
1897	0	0	2	0
1898	0	0	0	2
1899	0	0	2	0
1900	0	0	2	0
1901	2	0	0	0
1902	2	0	0	0
1903	2	0	0	0
1904	2	0	0	0
1905	2	0	0	0
1906	2	0	0	0
1907	0	0	2	0
1908	0	0	2	0
1909	0	2	0	0
1910	0	0	0	2
1911	2	0	0	0
1912	0	0	0	2
1913	2	0	0	0
1914	0	0	2	0
1915	0	0	2	0
1916	0	0	0	2
1917	2	0	0	0
1918	0	2	0	0
1919	1	0	0	0
1920	0	0	1	0
1921	0	0	0	1
1922	1	0	0	0
1923	0	0	0	1
1924	0	0	0	1
1925	1	0	0	0
1926	0	0	1	0
1927	0	0	0	1
2047	0	0	1	0
2048	0	1	0	0
2049	0	1	0	0
2050	0	1	0	0
2051	1	0	0	0
2052	1	0	0	0
2053	1	0	0	0
2054	1	0	0	0
2055	0	0	1	0
2056	0	0	0	1
2057	0	1	0	0
2058	1	0	0	0
2059	1	0	0	0
2060	1	0	0	0
2061	0	1	0	0
2062	1	0	0	0
2063	1	0	0	0
2064	0	0	0	1
2065	0	0	1	0
2066	0	0	1	0
2067	0	1	0	0
2068	0	1	0	0
2069	1	0	0	0
2070	0	0	0	1
2071	0	0	0	1
2072	0	0	1	0
2073	1	0	0	0
2074	0	1	0	0
2075	1	0	0	0
2076	0	0	1	0
2077	1	0	0	0
2078	1	0	0	0
2079	0	0	1	0
2080	1	0	0	0
2081	1	0	0	0
2082	1	0	0	0
2083	1	0	0	0
2084	1	0	0	0
2085	1	0	0	0
2086	0	0	0	1
2087	1	0	0	0
2088	1	0	0	0
2089	1	0	0	0
2090	1	0	0	0
2091	0	0	1	0
2092	0	1	0	0
2093	1	0	0	0
2094	0	0	0	1
2095	0	0	0	1
2096	1	0	0	0
2097	1	0	0	0
2098	0	1	0	0
2099	1	0	0	0
2100	0	0	1	0
2101	0	1	0	0
2102	1	0	0	0
2103	1	0	0	0
2104	0	0	0	1
2105	0	1	0	0
2106	0	0	0	1
2107	0	0	1	0
2108	0	0	0	1
2109	0	0	1	0
2110	1	0	0	0
2111	0	0	1	0
2112	0	0	1	0
2113	1	0	0	0
2114	0	1	0	0
2115	1	0	0	0
2116	0	0	0	1
2117	0	0	1	0
2118	0	0	1	0
2119	1	0	0	0
2120	0	0	1	0
2121	1	0	0	0
2280	0	1	0	0
2281	1	0	0	0
2282	0	1	0	0
2283	0	1	0	0
2284	0	1	0	0
2285	1	0	0	0
2286	0	0	1	0
2287	0	1	0	0
2288	1	0	0	0
2289	0	0	1	0
2290	0	0	1	0
2291	0	0	1	0
2292	0	0	0	1
2293	0	0	0	1
2294	1	0	0	0
2295	1	0	0	0
2296	1	0	0	0
2297	1	0	0	0
2298	1	0	0	0
2299	1	0	0	0
2300	0	0	1	0
2301	1	0	0	0
2302	1	0	0	0
2303	1	0	0	0
2304	1	0	0	0
2305	1	0	0	0
2306	1	0	0	0
2307	0	0	0	1
2308	0	1	0	0
2309	1	0	0	0
2310	0	0	1	0
2311	0	0	0	1
2312	0	0	1	0
2313	1	0	0	0
2314	0	1	0	0
2315	1	0	0	0
2316	0	0	1	0
2317	0	0	0	1
2318	0	0	1	0
2319	0	1	0	0
2320	0	0	0	1
2321	0	0	0	0
2322	0	0	1	0
2323	0	0	1	0
2324	0	0	0	1
2325	0	0	1	0
2326	0	0	0	1
2327	0	0	1	0
2328	0	0	1	0
2329	0	0	1	0
2330	0	0	1	0
2331	0	0	1	0
2332	1	0	0	0
2333	0	0	0	1
2334	0	0	1	0
2335	0	1	0	0
2336	1	0	0	0
2337	0	0	0	1
2338	1	0	0	0
2339	0	0	0	1
2340	0	0	0	1
2341	0	0	0	1
2342	0	0	0	1
2343	0	0	0	1
2344	0	1	0	0
2345	1	0	0	0
2346	0	0	1	0
2347	0	0	0	1
2348	0	0	0	1
2349	0	1	0	0
2350	0	1	0	0
2351	0	0	0	1
2352	0	0	0	1
2353	0	0	0	1
2354	1	0	0	0
2355	0	0	1	0
2356	1	0	0	0
2357	0	0	0	1
2358	0	0	1	0
2359	1	0	0	0
2360	1	0	0	0
2361	0	0	1	0
2362	0	0	1	0
2363	0	1	0	0
2364	0	0	0	1
2365	0	0	0	1
2366	0	1	0	0
2367	1	0	0	0
2368	0	0	1	0
2369	1	0	0	0
2370	1	0	0	0
2371	1	0	0	0
2372	1	0	0	0
2373	0	0	0	1
2374	1	0	0	0
2375	0	0	0	1
2376	1	0	0	0
2377	0	1	0	0
2378	0	0	0	1
2379	0	0	1	0
2380	0	1	0	0
2381	1	0	0	0
2382	0	0	0	1
2383	0	0	0	1
2384	0	1	0	0
2385	1	0	0	0
2386	0	1	0	0
2387	0	1	0	0
2388	1	0	0	0
2389	0	0	0	1
2390	1	0	0	0
2391	0	1	0	0
2392	0	1	0	0
2393	0	0	0	1
2394	1	0	0	0
2395	0	0	1	0
2396	0	0	0	1
2397	1	0	0	0
2398	0	0	0	1
2399	1	0	0	0
2400	1	0	0	0
2401	1	0	0	0
2402	0	1	0	0
2403	1	0	0	0
2404	1	0	0	0
2405	0	0	0	1
2406	0	0	1	0
2407	1	0	0	0
2408	1	0	0	0
2409	1	0	0	0
2410	0	1	0	0
2411	1	0	0	0
2412	0	1	0	0
2413	0	1	0	0
2414	1	0	0	0
2415	0	0	1	0
2649	1	0	0	0
2650	1	0	0	0
2651	0	0	1	0
2652	1	0	0	0
2653	1	0	0	0
2654	1	0	0	0
2655	0	1	0	0
2656	1	0	0	0
2657	0	0	0	1
2658	0	1	0	0
2659	1	0	0	0
2660	0	0	1	0
2661	1	0	0	0
2662	1	0	0	0
2663	1	0	0	0
2664	0	0	1	0
2665	1	0	0	0
2666	1	0	0	0
2667	0	1	0	0
2668	0	1	0	0
2669	0	1	0	0
2670	0	1	0	0
2671	0	1	0	0
2672	1	0	0	0
2673	0	0	0	1
2674	0	0	0	1
2675	0	0	0	1
2676	0	1	0	0
2677	0	0	0	1
2678	0	1	0	0
2679	0	0	0	1
2680	0	0	1	0
2681	0	0	1	0
2682	1	0	0	0
2683	0	0	0	1
2684	0	0	1	0
2685	0	0	1	0
2686	0	0	1	0
2687	0	0	1	0
2688	0	0	0	1
2689	1	0	0	0
2690	0	0	0	1
2691	0	0	1	0
2692	1	0	0	0
2693	1	0	0	0
2694	0	1	0	0
2695	0	0	0	1
2696	0	1	0	0
2697	0	1	0	0
2698	1	0	0	0
2699	0	1	0	0
2700	0	1	0	0
2701	0	1	0	0
2702	0	0	0	1
2703	0	0	1	0
2704	1	0	0	0
2705	0	1	0	0
2706	1	0	0	0
2707	1	0	0	0
2708	1	0	0	0
2709	0	0	0	1
2710	0	0	1	0
2711	0	0	1	0
2712	1	0	0	0
2713	0	1	0	0
2714	1	0	0	0
2715	0	0	1	0
2716	0	0	0	1
2717	1	0	0	0
2718	0	1	0	0
2719	1	0	0	0
2721	0	1	0	0
2722	0	1	0	0
2723	0	0	0	1
2724	1	0	0	0
2725	0	0	0	1
2726	1	0	0	0
2727	0	0	1	0
2728	0	0	0	1
2729	0	0	1	0
2730	0	1	0	0
2731	0	0	0	1
2732	0	0	1	0
2733	0	1	0	0
2734	0	1	0	0
2735	1	0	0	0
2736	0	0	1	0
2737	1	0	0	0
2738	1	0	0	0
2739	1	0	0	0
2740	1	0	0	0
2741	0	0	1	0
2742	0	0	1	0
2743	1	0	0	0
2744	0	0	0	1
2745	1	0	0	0
2746	0	0	1	0
2747	0	0	0	1
2748	0	0	0	1
2749	0	0	1	0
2750	0	0	1	0
2751	1	0	0	0
2752	0	1	0	0
2753	0	0	0	1
2754	0	0	1	0
2755	0	0	0	1
2756	0	1	0	0
2757	1	0	0	0
2758	1	0	0	0
2759	0	0	0	1
2760	0	0	1	0
2761	1	0	0	0
2762	0	0	0	1
2763	1	0	0	0
2764	0	0	0	1
2765	1	0	0	0
2766	0	1	0	0
2767	1	0	0	0
2768	1	0	0	0
2769	1	0	0	0
2770	1	0	0	0
2771	0	0	1	0
2772	0	0	0	1
2773	0	0	0	1
2774	1	0	0	0
2775	0	0	1	0
2776	0	0	0	1
2777	0	0	1	0
2778	0	0	1	0
2779	0	0	1	0
2780	1	0	0	0
2781	1	0	0	0
2782	1	0	0	0
2783	1	0	0	0
2784	0	0	0	1
2785	0	0	0	1
2786	1	0	0	0
2787	1	0	0	0
2788	1	0	0	0
2789	0	1	0	0
2790	0	0	0	1
2791	0	0	1	0
2792	0	0	1	0
2793	0	0	1	0
2794	0	1	0	0
3230	0	0	0	1
3231	0	0	1	0
3232	1	0	0	0
3233	0	0	1	0
3234	0	0	0	1
3235	0	0	1	0
3236	0	0	1	0
3237	0	0	1	0
3238	1	0	0	0
3239	0	0	1	0
3240	0	0	0	1
3241	0	0	0	1
3242	0	0	0	1
3243	0	0	1	0
3244	0	0	0	1
3245	0	0	0	1
3246	1	0	0	0
3247	1	0	0	0
3248	0	0	0	1
3249	1	0	0	0
3250	0	1	0	0
3251	0	1	0	0
3252	0	1	0	0
3253	0	1	0	0
3254	0	0	0	1
3255	0	1	0	0
3256	0	1	0	0
3257	0	0	0	1
3258	0	1	0	0
3259	0	0	0	1
3260	1	0	0	0
3261	0	0	1	0
3262	0	0	0	1
3263	1	0	0	0
3264	1	0	0	0
3265	1	0	0	0
3266	1	0	0	0
3267	0	0	0	1
3268	0	0	0	1
3269	1	0	0	0
3270	0	0	0	1
3271	0	0	1	0
3272	0	0	1	0
3273	0	0	0	1
3274	1	0	0	0
3275	0	1	0	0
3276	0	1	0	0
3277	1	0	0	0
3278	1	0	0	0
3279	0	1	0	0
3280	0	0	0	1
3281	0	0	1	0
3282	0	0	1	0
3283	1	0	0	0
3284	1	0	0	0
3285	1	0	0	0
3286	1	0	0	0
3287	1	0	0	0
3288	0	0	1	0
3289	1	0	0	0
3290	1	0	0	0
3291	0	1	0	0
3292	0	1	0	0
3293	0	1	0	0
3294	1	0	0	0
3295	0	0	0	1
3296	1	0	0	0
3297	0	1	0	0
3298	0	1	0	0
3299	1	0	0	0
3300	0	0	1	0
3301	0	0	1	0
3302	1	0	0	0
3303	0	0	1	0
3304	0	1	0	0
3305	1	0	0	0
3306	0	0	1	0
3307	1	0	0	0
3308	1	0	0	0
3309	1	0	0	0
3310	0	1	0	0
3311	0	0	0	1
3312	0	0	0	1
3313	0	0	0	1
3314	0	1	0	0
3315	0	0	0	1
3316	1	0	0	0
4241	0	0	1	0
4242	0	0	0	0
4243	0	0	0	0
4244	0	0	1	0
4245	1	0	0	0
4246	0	0	0	1
4247	0	0	0	1
4248	0	0	0	0
4249	0	0	1	0
4250	0	0	1	0
4251	0	0	1	0
4252	0	0	1	0
4253	0	0	0	0
4254	0	0	0	1
4255	1	0	0	0
4256	0	1	0	0
4257	1	0	0	0
4258	0	0	1	0
4259	0	0	0	0
4260	0	0	1	0
4261	0	1	0	0
4262	1	0	0	0
4263	0	0	1	0
4264	0	0	1	0
4265	0	0	0	0
4266	0	0	0	0
4267	1	0	0	0
4268	1	0	0	0
4269	1	0	0	0
4270	0	0	1	0
4271	1	0	0	0
4272	1	0	0	0
4273	0	0	0	1
4274	0	0	0	0
4275	1	0	0	0
4276	0	0	0	1
4277	1	0	0	0
4278	0	0	0	0
4279	1	0	0	0
4280	0	1	0	0
4281	1	0	0	0
4282	0	0	0	1
4283	1	0	0	0
4284	1	0	0	0
4285	0	0	0	1
4286	1	0	0	0
4287	0	0	1	0
4288	0	1	0	0
4289	1	0	0	0
4290	1	0	0	0
4291	0	1	0	0
4292	1	0	0	0
4293	0	0	1	0
4294	1	0	0	0
4295	0	1	0	0
4296	1	0	0	0
4297	0	0	0	1
4298	1	0	0	0
4299	0	1	0	0
4300	1	0	0	0
4301	1	0	0	0
4302	1	0	0	0
4303	0	1	0	0
4304	0	0	0	1
4305	1	0	0	0
4306	1	0	0	0
4307	1	0	0	0
4308	0	0	1	0
4309	1	0	0	0
4485	0	0	0	1
4486	1	0	0	0
4487	0	0	0	1
4488	0	0	1	0
4489	0	0	1	0
4490	1	0	0	0
4491	1	0	0	0
4492	1	0	0	0
4493	1	0	0	0
4494	0	1	0	0
4495	1	0	0	0
4496	0	0	1	0
4497	1	0	0	0
4498	0	0	0	1
4499	0	0	1	0
4500	0	0	1	0
4501	0	1	0	0
4502	1	0	0	0
4503	0	0	1	0
4504	0	0	1	0
4505	0	0	0	1
4506	0	0	1	0
4507	0	1	0	0
4508	0	0	0	1
4509	0	0	1	0
4510	1	0	0	0
4511	0	0	0	1
4512	0	0	0	1
4513	0	0	1	0
4514	0	0	0	1
4515	0	0	1	0
4516	0	0	0	1
4517	0	0	1	0
4518	0	0	1	0
4519	0	1	0	0
4520	1	0	0	0
4521	0	0	1	0
4522	0	0	1	0
4523	0	0	0	1
4524	1	0	0	0
4525	0	0	1	0
4526	1	0	0	0
4527	0	1	0	0
4528	1	0	0	0
4529	0	0	1	0
4530	0	0	1	0
4531	1	0	0	0
4532	0	0	0	1
4533	0	0	1	0
4534	1	0	0	0
4535	0	0	1	0
4536	0	0	1	0
4537	1	0	0	0
4538	0	0	0	1
4539	0	1	0	0
4540	1	0	0	0
4541	0	0	1	0
4542	1	0	0	0
4543	1	0	0	0
4544	0	1	0	0
4545	1	0	0	0
4546	0	0	0	1
4547	0	0	1	0
4548	0	0	1	0
4549	1	0	0	0
5239	0	0	1	0
5240	0	1	0	0
5241	1	0	0	0
5242	0	0	1	0
5243	1	0	0	0
5244	1	0	0	0
5245	0	0	0	1
5246	1	0	0	0
5247	0	0	1	0
5248	0	0	1	0
5249	0	1	0	0
5250	1	0	0	0
5251	0	0	0	1
5252	0	0	0	1
5253	0	0	0	1
5254	0	0	0	1
5255	0	0	1	0
5256	0	1	0	0
5257	0	1	0	0
5258	1	0	0	0
5259	0	1	0	0
5260	1	0	0	0
5261	0	0	1	0
5262	1	0	0	0
5263	0	1	0	0
5264	1	0	0	0
5265	1	0	0	0
5266	0	0	1	0
5267	1	0	0	0
5268	0	0	1	0
5269	0	0	1	0
5270	1	0	0	0
5271	1	0	0	0
5272	0	0	1	0
5273	1	0	0	0
5274	1	0	0	0
5275	1	0	0	0
5276	0	0	0	1
5277	0	0	1	0
5278	0	0	1	0
5279	1	0	0	0
5280	0	0	1	0
5281	0	1	0	0
5282	0	1	0	0
5283	0	1	0	0
5284	0	0	1	0
5285	0	0	0	1
5286	1	0	0	0
5287	0	0	1	0
5288	1	0	0	0
5289	0	0	0	1
5290	0	1	0	0
5291	0	1	0	0
5292	0	0	0	1
5293	1	0	0	0
5294	1	0	0	0
5295	0	1	0	0
5296	0	1	0	0
5297	0	0	0	1
5298	1	0	0	0
5299	0	0	1	0
5300	1	0	0	0
5301	0	0	1	0
5302	0	1	0	0
5303	0	1	0	0
5304	0	1	0	0
5305	0	0	0	1
5306	0	0	1	0
5307	0	0	1	0
5451	0	0	0	1
5452	0	1	0	0
5453	0	1	0	0
5454	1	0	0	0
5455	1	0	0	0
5456	0	0	1	0
5457	0	1	0	0
5458	1	0	0	0
5459	0	0	1	0
5460	0	0	0	1
5461	0	0	1	0
5462	1	0	0	0
5463	0	0	1	0
5464	0	0	1	0
5465	1	0	0	0
5466	0	0	0	1
5467	0	1	0	0
5468	1	0	0	0
5469	0	0	0	1
5470	0	1	0	0
5471	1	0	0	0
5472	1	0	0	0
5473	1	0	0	0
5474	1	0	0	0
5475	0	0	0	1
5476	0	1	0	0
5477	0	0	0	1
5478	0	0	0	1
5479	1	0	0	0
5480	0	0	0	1
5481	1	0	0	0
5482	0	0	0	1
5483	0	1	0	0
5484	1	0	0	0
5485	1	0	0	0
5486	1	0	0	0
5487	0	0	1	0
5488	0	1	0	0
5489	1	0	0	0
5490	0	0	1	0
5491	0	0	0	1
5492	1	0	0	0
5493	1	0	0	0
5494	0	0	1	0
5495	0	0	0	1
5496	1	0	0	0
5497	0	0	0	1
5498	1	0	0	0
5499	0	0	0	1
5500	0	0	1	0
5501	0	0	0	1
5502	1	0	0	0
5503	1	0	0	0
5504	0	0	0	1
5505	0	0	1	0
5506	0	0	0	1
5507	0	0	0	1
5508	1	0	0	0
5509	1	0	0	0
5510	0	0	1	0
5511	0	0	0	1
5512	0	0	0	1
5513	0	0	0	1
5514	1	0	0	0
5515	0	1	0	0
5516	0	0	0	1
5517	1	0	0	0
5518	0	0	1	0
5519	1	0	0	0
5520	1	0	0	0
5521	1	0	0	0
5522	0	0	1	0
5523	1	0	0	0
5524	0	0	1	0
5525	0	0	0	1
6240	0	0	1	0
6241	0	0	0	1
6242	1	0	0	0
6243	0	0	0	1
6244	1	0	0	0
6245	0	0	1	0
6246	1	0	0	0
6247	0	0	0	1
6248	0	0	0	1
6249	1	0	0	0
6250	1	0	0	0
6251	0	0	0	1
6252	1	0	0	0
6253	1	0	0	0
6254	1	0	0	0
6255	0	1	0	0
6256	0	0	0	1
6257	0	0	1	0
6258	0	0	0	1
6259	1	0	0	0
6260	1	0	0	0
6261	0	0	0	1
6262	1	0	0	0
6263	0	1	0	0
6264	0	1	0	0
6265	0	0	0	1
6266	0	1	0	0
6267	1	0	0	0
6268	0	0	1	0
6269	0	0	0	1
6270	0	1	0	0
6271	1	0	0	0
6272	0	0	0	1
6273	1	0	0	0
6274	1	0	0	0
6275	0	1	0	0
6276	1	0	0	0
6277	0	1	0	0
6278	1	0	0	0
6279	1	0	0	0
6393	0	0	0	1
6394	0	0	1	0
6395	0	0	0	1
6396	0	1	0	0
6397	1	0	0	0
6398	0	0	1	0
6399	0	1	0	0
6400	1	0	0	0
6401	0	1	0	0
6402	1	0	0	0
6403	0	0	1	0
6404	0	0	0	1
6405	1	0	0	0
6406	0	1	0	0
6407	1	0	0	0
6408	1	0	0	0
6409	0	0	0	1
6410	0	0	1	0
6411	0	0	0	1
6412	1	0	0	0
6413	0	1	0	0
6414	1	0	0	0
6415	0	1	0	0
6416	1	0	0	0
6417	0	0	0	1
6418	0	0	1	0
6419	0	0	1	0
6420	1	0	0	0
6421	1	0	0	0
6422	0	0	0	1
6423	0	0	0	1
6424	1	0	0	0
6425	1	0	0	0
6426	0	0	1	0
6427	0	1	0	0
6428	0	1	0	0
6429	1	0	0	0
6430	0	0	1	0
6431	0	0	0	1
6432	1	0	0	0
6433	0	0	1	0
6434	0	0	0	1
6435	0	0	0	1
6436	0	0	0	1
6437	0	1	0	0
6438	1	0	0	0
6439	1	0	0	0
6440	0	1	0	0
6441	0	0	0	1
6442	0	1	0	0
6443	1	0	0	0
6444	1	0	0	0
6445	0	1	0	0
6446	0	0	0	1
6447	1	0	0	0
6448	0	0	0	1
6449	0	0	0	1
6450	0	0	1	0
6451	0	0	0	1
6452	0	0	0	1
6453	1	0	0	0
6454	1	0	0	0
6455	1	0	0	0
6456	0	0	0	1
6457	0	0	1	0
6458	0	0	1	0
6459	0	0	0	1
6460	1	0	0	0
6461	0	0	1	0
6462	0	1	0	0
6463	0	0	0	1
6464	0	0	0	1
6465	1	0	0	0
6466	0	0	1	0
6467	0	1	0	0
8310	0	1	0	0
8311	1	0	0	0
8312	0	0	1	0
8313	0	1	0	0
8314	1	0	0	0
8315	0	0	2	0
8316	0	2	0	0
8317	2	0	0	0
8318	0	0	2	0
8319	2	0	0	0
8320	0	0	2	0
8321	0	0	2	0
8322	0	0	2	0
8323	2	0	0	0
8324	0	0	2	0
8325	0	0	0	2
8326	2	0	0	0
8327	0	0	2	0
8328	0	0	2	0
8329	2	0	0	0
8330	0	0	2	0
8331	0	2	0	0
8332	2	0	0	0
8333	0	0	2	0
8334	0	2	0	0
8335	1	0	1	0
8336	0	0	0	2
8337	0	2	0	0
8338	0	0	0	2
8339	0	2	0	0
8340	2	0	0	0
8341	2	0	0	0
8342	0	0	2	0
8343	2	0	0	0
8344	0	2	0	0
8345	0	1	0	1
8346	0	0	0	2
8347	2	0	0	0
8348	0	0	2	0
8349	2	0	0	0
8350	0	0	0	2
8351	2	0	0	0
8352	2	0	0	0
8353	2	0	0	0
8354	0	0	0	2
8355	2	0	0	0
8356	0	0	0	2
8357	0	0	2	0
8358	0	0	2	0
8359	2	0	0	0
8360	0	0	2	0
8361	0	2	0	0
8362	2	0	0	0
8363	0	2	0	0
8364	0	0	0	2
8365	0	0	0	2
8366	2	0	0	0
8367	0	2	0	0
8368	2	0	0	0
8369	2	0	0	0
8370	0	2	0	0
8371	0	2	0	0
8372	2	0	0	0
8373	0	0	2	0
8374	0	2	0	0
8375	2	0	0	0
8376	2	0	0	0
8377	0	2	0	0
8378	2	0	0	0
8379	0	2	0	0
8380	2	0	0	0
8381	0	2	0	0
8382	0	2	0	0
8383	0	2	0	0
8384	2	0	0	0
8385	0	2	0	0
8386	0	2	0	0
8387	2	0	0	0
8388	1	0	0	0
8389	0	0	0	1
8390	1	0	0	0
8391	1	0	0	0
8392	0	0	0	1
8393	0	0	1	0
8394	0	1	0	0
8395	0	0	0	1
8396	0	0	1	0
8397	1	0	0	0
8398	0	0	0	1
8399	0	0	0	1
8400	0	0	1	0
8401	0	0	0	1
8402	0	0	1	0
8403	0	1	0	0
8404	0	1	0	0
8405	0	0	0	1
8406	0	0	1	0
8407	0	0	1	0
8408	0	1	0	0
8409	0	0	0	1
8410	0	0	1	0
8411	0	1	0	0
8412	1	0	0	0
8413	1	0	0	0
8414	0	0	1	0
8415	0	1	0	0
8416	0	0	1	0
8417	0	1	0	0
8418	1	0	0	0
8419	1	0	0	0
8420	0	0	1	0
8421	1	0	0	0
8685	1	0	0	0
8686	0	1	0	0
8687	0	1	0	0
8688	0	1	0	0
8689	1	0	0	0
8690	1	0	0	0
8691	0	0	1	0
8692	0	0	0	1
8693	0	0	1	0
8694	1	0	0	0
8695	0	0	0	0
8696	0	0	1	0
8697	0	0	0	1
8698	1	0	0	0
8699	0	0	1	0
8700	1	0	0	0
8701	1	0	0	0
8702	0	0	1	0
8703	1	0	0	0
8704	1	0	0	0
8705	0	0	1	0
8706	0	1	0	0
8707	0	1	0	0
8708	1	0	0	0
8709	1	0	0	0
8710	0	0	0	1
8711	0	0	1	0
8712	1	0	0	0
8713	1	0	0	0
8714	0	0	1	0
8715	0	0	1	0
8716	1	0	0	0
8717	0	0	1	0
8718	1	0	0	0
8719	0	1	0	0
8720	1	0	0	0
8721	1	0	0	0
8722	0	1	0	0
8723	1	0	0	0
8724	0	0	1	0
8725	0	1	0	0
8726	0	0	0	1
8727	0	0	1	0
8728	0	1	0	0
8729	0	0	0	1
8730	0	0	0	1
8731	1	0	0	0
8732	0	1	0	0
8733	0	0	0	1
8734	1	0	0	0
8735	0	1	0	0
8736	1	0	0	0
8737	0	1	0	0
8738	0	1	0	0
8739	0	1	0	0
8740	0	0	0	1
8741	1	0	0	0
8742	0	0	0	1
8743	0	0	1	0
8744	1	0	0	0
8745	0	0	1	0
8746	0	1	0	0
8747	0	1	0	0
8748	1	0	0	0
8749	0	0	1	0
8750	0	1	0	0
8751	1	0	0	0
8752	0	0	0	1
8753	0	0	1	0
8754	0	0	1	0
8755	1	0	0	0
8756	1	0	0	0
8757	0	0	0	1
8758	0	0	1	0
8759	0	0	1	0
