	A	C	G	T
1	0	0	0	1
2	0	1	0	0
3	0	0	0	1
4	1	0	0	0
5	1	0	0	0
6	0	0	1	0
7	0	0	0	1
8	1	0	0	0
9	0	0	1	0
10	0	0	0	1
11	0	0	1	0
12	0	0	0	1
13	0	0	1	0
14	0	0	0	1
15	0	0	1	0
16	0	1	0	0
17	0	1	0	0
18	0	1	0	0
19	0	0	1	0
20	0	0	0	1
21	0	1	0	0
111	0	1	0	0
112	0	0	2	0
113	2	0	0	0
114	2	0	0	0
115	0	2	0	0
116	2	0	0	0
117	0	0	2	0
118	0	0	2	0
119	0	0	2	0
120	2	0	0	0
121	0	2	0	0
122	0	1	0	1
123	0	0	0	2
124	0	0	2	0
125	2	0	0	0
126	2	0	0	0
127	2	0	0	0
128	0	0	2	0
129	0	2	0	0
130	0	0	2	0
131	2	0	0	0
132	2	0	0	0
133	2	0	0	0
134	0	0	2	0
135	0	0	0	2
136	2	0	0	0
137	2	0	0	0
138	0	0	2	0
139	3	0	0	0
140	0	7	0	0
141	0	7	0	0
142	7	0	0	0
143	0	0	7	0
144	7	0	0	0
145	0	0	6	0
146	0	0	6	0
147	7	0	0	0
148	0	0	5	0
149	7	0	0	0
150	0	0	0	6
151	0	6	0	0
152	0	0	0	7
153	0	6	0	0
154	0	0	0	6
155	0	8	0	0
156	0	0	6	0
157	8	0	0	0
158	0	8	0	0
159	0	0	7	0
160	0	7	0	0
161	7	0	0	0
162	0	0	7	0
163	0	0	7	0
164	1	0	6	0
165	0	9	0	0
166	0	0	0	8
167	0	9	0	0
168	0	0	8	0
169	0	0	8	0
170	0	8	0	0
171	0	0	0	8
172	0	0	0	8
173	0	0	8	0
174	0	8	0	0
175	0	0	0	8
176	0	0	8	0
177	8	0	0	0
178	8	0	0	0
179	0	0	8	0
180	0	0	0	8
181	0	0	7	0
182	0	8	0	0
183	8	0	0	0
184	0	7	0	0
185	0	0	0	7
186	0	8	0	0
187	0	0	9	0
188	0	0	8	0
189	0	9	0	0
190	9	0	0	0
191	9	0	0	0
192	0	0	9	0
193	9	0	0	0
194	0	0	9	0
195	0	0	8	0
196	0	9	0	0
197	0	0	9	0
198	9	0	0	0
199	0	0	9	0
200	9	0	0	0
201	0	0	8	0
202	0	9	0	0
203	0	0	9	0
204	0	0	10	0
205	0	10	0	0
206	0	0	10	0
207	10	0	0	0
208	0	10	0	0
209	0	0	0	10
210	0	0	10	0
211	0	0	9	0
212	0	0	0	8
213	0	0	8	0
214	8	0	0	0
215	0	0	8	0
216	0	0	0	8
217	8	0	0	0
218	0	8	0	0
219	0	0	8	0
220	0	7	0	0
221	0	8	0	0
222	7	0	0	0
223	7	0	0	0
224	2	0	0	1
225	0	0	0	8
226	0	0	0	8
227	0	0	0	6
228	0	0	0	7
229	7	0	0	0
230	0	0	0	7
231	0	0	0	7
232	0	0	0	7
233	0	0	7	0
234	8	0	0	0
235	0	7	0	0
236	0	0	0	8
237	7	0	0	0
238	0	0	9	0
239	0	8	0	0
240	0	0	9	0
241	0	0	9	0
242	8	0	0	0
243	0	0	9	0
244	0	0	8	0
245	0	9	0	0
246	0	0	0	9
247	9	0	0	0
248	0	0	9	0
249	7	0	1	0
250	9	0	0	0
251	0	0	7	0
252	0	0	8	0
253	8	0	0	0
254	0	0	8	0
255	7	0	0	0
256	0	0	7	0
257	3	0	0	0
258	0	0	4	0
259	4	0	0	0
260	0	0	0	4
261	0	0	3	0
262	0	0	2	0
263	0	0	3	0
264	0	0	0	3
265	0	0	3	0
266	0	3	0	0
267	0	0	3	0
268	3	0	0	0
269	0	0	2	0
270	2	0	0	0
271	0	0	2	0
272	0	3	0	0
273	0	0	2	0
274	0	0	0	3
275	0	3	0	0
276	4	0	0	0
277	3	0	1	0
278	0	0	0	5
279	5	0	0	0
280	0	0	0	5
281	0	0	0	5
282	5	0	0	0
283	3	2	0	0
284	0	0	5	0
285	5	0	0	0
286	0	0	4	0
287	0	0	5	0
288	0	3	2	0
289	0	0	6	0
290	6	0	0	0
291	5	1	0	0
292	6	0	0	0
293	6	0	0	0
294	6	0	0	1
295	0	0	0	7
296	0	0	0	7
297	5	0	2	0
298	0	0	6	0
299	6	0	0	0
300	0	0	0	7
301	7	0	0	0
302	0	3	3	0
303	8	0	0	0
304	0	0	0	8
305	0	0	7	0
306	0	0	8	0
307	0	0	8	0
308	7	0	0	0
309	7	0	0	0
310	7	0	0	0
311	4	0	3	0
312	8	0	0	0
313	8	0	0	0
314	0	0	0	8
315	0	0	0	8
316	8	0	0	0
317	0	0	8	0
318	0	0	8	0
319	0	0	0	8
320	0	0	0	8
321	7	0	1	0
322	8	0	0	0
323	0	0	8	0
324	0	0	8	0
325	0	9	0	0
326	0	9	0	0
327	9	0	0	0
328	0	0	9	0
329	0	0	9	0
330	0	0	9	0
331	0	0	8	0
332	0	0	8	0
333	8	0	0	0
334	8	0	0	0
335	8	0	0	0
336	0	0	8	0
337	8	0	0	0
338	8	0	0	0
339	8	0	0	0
340	0	4	0	2
341	4	0	2	0
342	2	0	0	4
343	0	0	0	6
344	6	0	0	0
345	0	0	0	6
346	4	0	1	0
347	1	1	0	3
348	0	0	5	0
349	0	0	0	5
350	0	0	0	5
351	5	0	0	0
352	5	0	0	0
353	5	0	0	0
354	2	0	3	0
355	0	5	0	0
356	5	0	0	0
357	0	3	0	2
358	5	0	0	0
359	0	0	0	5
360	5	0	0	0
361	0	0	5	0
362	0	0	0	5
363	5	0	0	0
364	0	0	0	5
365	0	0	5	0
366	0	0	5	0
367	0	0	5	0
368	0	5	0	0
369	5	0	0	0
370	5	0	0	0
371	0	0	5	0
372	0	5	0	0
373	3	0	0	0
374	0	0	3	0
375	0	0	3	0
376	0	0	3	0
377	3	0	0	0
378	0	0	3	0
379	0	3	0	0
380	0	0	0	3
381	0	0	3	0
382	0	0	3	0
383	3	0	0	0
384	2	0	0	0
385	2	0	0	0
386	0	0	2	0
387	2	0	0	0
388	0	0	0	3
389	0	0	0	3
390	0	0	0	3
391	0	0	3	0
392	0	3	0	0
393	3	0	0	0
394	0	3	0	0
395	0	0	0	3
396	0	0	0	3
397	3	0	0	0
398	3	0	0	0
399	0	3	0	0
400	0	3	0	0
401	0	4	0	0
402	0	0	0	4
403	0	0	4	0
404	0	0	4	0
405	0	3	0	0
406	0	4	0	0
407	0	0	0	4
408	0	0	0	4
409	0	0	0	4
410	0	0	0	4
411	4	0	0	0
412	0	0	4	0
413	4	0	0	0
414	4	0	0	0
415	3	0	0	1
416	0	4	0	0
417	4	0	0	0
418	0	0	0	4
419	0	4	0	0
420	4	0	0	0
421	0	0	4	0
422	4	0	0	0
423	4	0	0	0
424	0	0	4	0
425	1	0	3	0
426	0	4	0	0
427	0	0	0	7
428	0	0	7	0
429	0	0	0	6
430	7	0	0	0
431	5	1	0	0
432	7	0	0	0
433	2	5	0	0
434	7	0	0	0
435	7	0	0	0
436	7	0	0	0
437	0	0	0	7
438	7	0	0	0
439	7	0	0	0
440	0	0	0	7
441	5	0	2	0
442	7	0	0	0
443	5	1	0	1
444	7	0	0	0
445	0	7	0	0
446	7	0	0	0
447	0	0	7	0
448	0	7	0	0
449	0	0	0	7
450	8	0	0	0
451	0	8	0	0
452	8	0	0	0
453	5	3	0	0
454	0	7	0	0
455	0	8	0	0
456	8	0	0	0
457	0	0	8	0
458	0	8	0	0
459	0	0	0	7
460	0	7	0	0
461	0	0	0	8
462	0	1	0	6
463	0	7	0	0
464	6	0	0	0
465	0	0	6	0
466	6	0	0	0
467	0	6	0	0
468	8	0	0	0
469	0	0	8	0
470	0	0	6	0
471	6	0	1	0
472	6	0	0	0
473	0	7	0	0
474	7	0	0	0
475	0	0	6	0
476	6	0	0	0
477	0	0	6	0
478	0	0	6	0
479	7	0	0	0
480	7	0	0	0
481	1	6	0	0
482	0	0	0	7
483	2	0	0	4
484	7	0	0	0
485	1	0	5	0
486	5	0	2	0
487	0	0	0	8
488	0	7	0	0
489	8	0	0	0
490	0	0	0	8
491	0	0	0	8
492	7	0	1	0
493	0	0	0	8
494	4	0	0	4
495	0	9	0	1
496	10	0	0	0
497	10	0	0	0
498	0	10	0	0
499	9	0	0	0
500	0	9	0	0
501	10	0	0	0
502	0	0	11	0
503	0	0	0	11
504	11	0	0	0
505	0	0	11	0
506	0	11	0	0
507	10	0	0	0
508	11	0	0	0
509	0	11	0	0
510	0	0	0	11
511	0	11	0	0
512	0	0	0	11
513	0	11	0	0
514	0	0	0	11
515	10	0	0	0
516	0	0	0	11
517	0	0	0	11
518	0	0	10	0
519	0	0	0	11
520	0	0	11	0
521	0	0	0	12
522	13	0	0	0
523	0	13	0	0
524	12	0	0	0
525	0	0	0	12
526	4	0	9	0
527	9	4	0	0
528	12	0	0	0
529	11	0	1	0
530	11	0	1	0
531	0	1	8	4
532	13	0	0	0
533	0	0	0	13
534	13	0	0	0
535	0	0	12	0
536	13	0	0	0
537	0	0	10	2
538	0	0	12	0
539	0	0	0	12
540	12	0	0	0
541	1	11	0	0
542	0	0	12	0
543	11	0	0	0
544	0	0	11	0
545	11	0	0	0
546	0	11	0	0
547	11	0	0	0
548	0	11	0	0
549	0	7	0	4
550	11	0	0	0
551	11	0	0	0
552	0	0	11	0
553	0	0	10	0
554	11	0	0	0
555	11	0	0	0
556	0	0	11	0
557	0	10	0	0
558	0	10	0	0
559	0	0	0	11
560	0	0	0	10
561	10	0	0	0
562	0	0	10	0
563	10	0	0	0
564	0	10	0	0
565	9	0	0	0
566	5	0	1	0
567	0	0	6	0
568	5	0	1	0
569	0	0	0	6
570	3	0	0	0
571	0	0	3	0
572	3	0	0	0
573	0	0	2	0
574	1	0	1	0
575	1	0	0	0
576	1	0	0	0
577	0	0	1	0
578	1	0	0	0
579	1	0	0	0
580	0	1	0	0
581	1	0	0	0
582	1	0	0	0
583	1	0	0	0
584	1	0	0	0
585	0	0	0	1
586	1	0	0	0
587	1	0	0	0
588	1	0	0	0
589	1	0	0	0
590	0	0	1	0
591	0	1	0	0
592	0	1	0	0
593	1	0	0	0
594	0	0	1	0
595	0	1	0	0
654	0	0	1	0
655	0	1	0	0
656	2	0	0	0
657	0	0	2	0
658	2	0	0	0
659	2	0	0	0
660	0	0	0	2
661	0	2	0	0
662	0	0	0	2
663	0	0	0	2
664	0	2	0	0
665	2	0	0	0
666	2	0	0	0
667	0	0	2	0
668	0	0	2	0
669	0	0	2	0
670	0	2	0	0
671	2	0	0	0
672	2	0	0	0
673	2	0	0	0
674	0	0	0	2
675	0	0	2	0
676	0	0	2	0
677	0	0	0	2
678	2	0	0	0
679	0	2	0	0
680	2	0	0	0
681	0	0	0	2
682	0	2	0	0
683	2	0	0	0
684	1	0	0	0
685	1	1	0	0
686	0	2	0	0
687	0	2	0	0
688	1	0	0	1
689	0	0	0	2
690	1	0	1	0
691	0	0	0	2
692	0	2	0	0
693	2	0	0	0
694	0	2	0	0
695	0	2	0	0
696	0	2	0	0
697	2	0	0	0
698	0	0	2	0
699	2	0	0	0
700	2	0	0	0
701	0	2	0	0
702	0	0	0	2
703	0	0	0	2
704	0	0	0	2
705	0	0	2	0
706	2	0	0	0
707	2	0	0	0
708	0	0	0	2
709	0	0	2	0
710	0	2	0	0
711	2	0	0	0
712	0	0	0	2
713	0	0	2	0
714	0	0	2	0
715	0	0	2	0
716	0	0	0	2
717	2	0	0	0
718	2	0	0	0
719	2	0	0	0
720	2	0	0	0
721	0	0	2	0
722	0	0	0	2
723	1	0	0	0
724	0	0	1	0
725	0	0	0	1
726	2	0	0	0
727	0	0	2	0
728	2	0	0	0
729	0	0	2	0
730	0	0	2	0
731	2	0	0	0
732	0	0	2	0
733	2	0	0	0
734	2	0	0	0
735	0	0	2	0
736	1	0	1	0
737	1	1	0	0
738	0	0	0	2
739	0	0	0	2
740	0	0	0	2
741	0	1	0	1
742	2	0	0	0
743	0	0	2	0
744	0	2	0	0
745	0	2	0	0
746	0	2	0	0
747	2	0	0	0
748	0	0	1	0
749	1	0	0	0
750	0	0	1	0
751	0	0	1	0
752	0	0	0	1
753	1	0	0	0
754	1	0	0	0
755	0	0	0	1
756	1	0	0	0
757	0	1	0	0
758	0	1	0	0
759	0	1	0	0
760	1	0	0	0
769	0	0	1	0
770	0	1	0	0
771	1	0	0	0
772	0	0	0	1
773	0	0	0	1
774	3	0	0	0
775	0	0	0	3
776	0	3	0	0
777	3	0	0	0
778	0	0	3	0
779	3	0	0	0
780	3	0	0	0
781	0	0	3	0
782	0	0	3	0
783	3	0	0	0
784	0	0	3	0
785	0	3	0	0
786	0	3	0	0
787	3	0	0	0
788	0	3	0	0
789	0	3	0	0
790	0	3	0	0
791	0	3	0	0
792	2	0	0	0
793	0	2	0	0
794	2	0	0	0
918	0	0	0	1
919	0	0	1	0
920	0	1	0	0
921	1	0	0	0
922	0	1	0	0
923	0	1	0	0
924	1	0	0	0
925	0	0	1	0
926	0	0	1	0
927	0	1	0	0
928	0	1	0	0
929	1	0	0	0
930	1	0	0	0
931	0	1	0	0
932	0	0	0	1
933	0	0	1	0
934	1	0	0	0
935	0	0	1	0
936	1	0	0	0
937	0	0	1	0
938	1	0	0	0
939	1	0	0	0
940	0	1	0	0
941	0	1	0	0
942	1	0	0	0
943	1	0	0	0
944	0	0	1	0
945	0	0	1	0
946	0	0	1	0
947	0	0	1	0
948	1	0	0	0
949	1	0	0	0
950	0	0	1	0
951	0	0	0	1
952	0	0	1	0
953	1	0	0	0
954	0	1	0	0
955	1	0	0	0
956	0	0	0	1
957	1	0	0	0
958	0	0	1	0
959	0	1	0	0
960	1	0	0	0
961	0	0	1	0
962	0	0	1	0
963	1	0	0	0
964	1	0	0	0
965	0	1	0	0
966	0	0	0	1
967	1	0	0	0
968	0	1	0	0
969	0	0	0	1
970	1	0	0	0
971	0	0	1	0
972	0	0	0	1
973	1	0	0	0
974	0	1	0	0
975	0	1	0	0
976	0	1	0	0
977	0	0	0	1
978	0	0	0	1
979	0	1	0	0
980	1	0	0	0
981	0	0	1	0
982	0	0	1	0
983	1	0	0	0
984	1	0	0	0
985	0	1	0	0
986	1	0	0	0
987	1	0	0	0
988	1	0	0	0
989	0	0	0	1
990	1	0	0	0
991	0	0	1	0
992	0	1	0	0
993	1	0	0	0
994	0	0	0	1
995	0	0	1	0
996	0	0	1	0
997	1	0	0	0
998	0	0	0	1
999	0	0	1	0
1000	1	0	0	0
1001	0	1	0	0
1002	1	0	0	0
1003	0	1	0	0
1004	1	0	0	0
1005	0	0	0	2
1006	2	0	0	0
1007	2	0	0	0
1008	0	2	0	0
1009	0	2	0	0
1010	0	2	0	0
1011	2	0	0	0
1012	0	2	0	0
1013	0	2	0	0
1014	0	0	0	2
1015	0	0	2	0
1016	0	0	0	2
1017	0	0	0	2
1018	0	2	0	0
1019	0	2	0	0
1020	2	0	0	0
1021	0	0	2	0
1022	0	0	0	2
1023	0	0	2	0
1024	0	0	2	0
1025	0	0	2	0
1026	2	0	0	0
1027	0	0	2	0
1028	2	0	0	0
1029	0	2	0	0
1030	2	0	0	0
1031	0	0	0	2
1032	0	2	0	0
1033	0	0	0	3
1034	3	0	0	0
1035	0	0	0	3
1036	3	0	0	0
1037	2	0	0	0
1038	2	0	0	0
1039	2	0	0	0
1040	0	0	2	0
1041	2	0	0	0
1042	0	0	0	2
1043	0	0	2	0
1044	0	0	2	0
1045	2	0	0	0
1046	0	0	0	2
1047	2	0	0	0
1048	2	0	0	0
1049	0	0	0	2
1050	0	0	0	2
1051	0	2	0	0
1052	0	0	0	2
1053	1	0	1	0
1054	0	0	2	0
1055	0	0	2	0
1056	0	0	2	0
1057	0	0	0	2
1058	0	0	0	2
1059	2	0	0	0
1060	2	0	0	0
1061	2	0	0	0
1062	0	0	0	2
1063	2	0	0	0
1064	2	0	0	0
1065	2	0	0	0
1066	2	0	0	0
1067	0	0	0	2
1068	2	0	0	0
1069	0	0	2	0
1070	0	0	0	2
1071	1	0	0	0
1072	1	0	0	0
1073	0	0	1	0
1074	1	0	0	0
1075	2	0	0	0
1076	0	0	0	2
1077	0	0	2	0
1078	0	0	0	2
1079	2	0	0	0
1080	0	0	0	2
1081	2	0	0	0
1082	0	0	2	0
1083	0	2	0	0
1084	0	2	0	0
1085	0	2	0	0
1086	0	0	0	2
1087	0	0	2	0
1088	0	0	0	2
1089	0	2	0	0
1090	2	0	0	0
1091	0	0	2	0
1092	0	2	0	0
1093	2	0	0	0
1094	0	0	0	2
1095	0	0	0	2
1096	0	0	0	2
1097	0	0	0	2
1098	0	0	2	0
1099	0	0	2	0
1100	2	0	0	0
1101	0	3	0	0
1102	3	0	0	0
1103	0	0	0	3
1104	3	0	0	0
1105	2	0	0	0
1106	0	0	2	0
1107	2	0	0	0
1108	0	2	0	0
1109	2	0	0	0
1110	2	0	0	0
1111	0	0	1	0
1112	0	0	2	0
1113	0	0	2	0
1114	0	2	0	0
1115	0	2	0	0
1116	2	0	0	0
1117	2	0	0	0
1118	2	0	0	0
1119	0	0	2	0
1120	0	0	2	0
1121	2	0	0	0
1122	2	0	0	0
1123	0	2	0	0
1124	0	2	0	0
1125	0	2	0	0
1126	0	0	0	2
1127	0	0	0	2
1128	0	0	0	2
1129	2	0	0	0
1130	0	0	2	0
1131	2	0	0	0
1132	0	0	2	0
1133	2	0	0	0
1134	0	2	0	0
1135	0	0	0	2
1136	2	0	0	0
1137	0	0	0	2
1138	0	0	2	0
1139	0	0	0	2
1140	1	0	0	0
1141	0	0	2	0
1142	2	0	0	0
1143	0	1	0	1
1144	0	2	0	0
1145	0	0	2	0
1146	0	0	2	0
1147	0	0	0	1
1148	0	0	0	1
1149	0	1	0	0
1150	0	0	0	1
1151	0	0	0	1
1152	0	0	0	1
1153	1	0	0	0
1154	1	0	0	0
1155	1	0	0	0
1156	1	0	0	0
1157	0	1	0	0
1158	0	0	0	1
1159	0	0	0	1
1160	0	0	0	1
1161	1	0	0	0
1162	1	0	0	0
1163	0	0	2	0
1164	2	0	0	0
1165	0	0	2	0
1166	0	2	0	0
1167	0	0	0	2
1168	0	0	2	0
1169	2	0	0	0
1170	2	0	0	0
1171	0	2	0	0
1172	2	0	0	0
1173	1	0	0	0
1174	0	0	1	0
1175	0	1	0	0
1176	0	0	0	1
1177	1	0	0	0
1178	0	1	0	0
1179	1	0	0	0
1180	0	1	0	0
1181	1	0	0	0
1182	1	0	0	0
1183	0	0	1	0
1184	1	0	0	0
1185	1	0	0	0
1186	0	0	1	0
1187	0	0	0	1
1188	1	0	0	0
1189	1	0	0	0
1190	1	0	0	0
1191	1	0	0	0
1192	1	0	0	0
1193	1	0	0	0
1194	0	0	0	1
1195	0	0	0	1
1196	0	0	1	0
1197	0	0	1	0
1198	1	0	0	0
1199	0	0	0	1
1200	0	0	1	0
1201	1	0	0	0
1202	0	1	0	0
1203	1	0	0	0
1204	0	0	1	0
1205	1	0	0	0
1206	0	1	0	0
1207	1	0	0	0
1208	0	1	0	0
1209	0	1	0	0
1210	0	0	0	1
1211	0	0	0	1
1212	0	0	1	0
1213	0	0	0	1
1214	0	0	0	1
1215	0	0	1	0
1216	0	0	1	0
1217	0	0	0	1
1218	0	1	0	0
1219	0	1	0	0
1220	1	0	0	0
1221	1	0	0	0
1222	1	0	0	0
1223	1	0	0	0
1224	0	0	0	1
1225	0	0	1	0
1226	0	1	0	0
1227	1	0	1	0
1228	3	0	0	0
1229	3	0	0	0
1230	0	3	0	0
1231	0	3	0	0
1232	0	3	0	0
1233	3	0	0	0
1234	0	0	4	0
1235	3	0	0	0
1236	0	0	0	3
1237	0	0	0	3
1238	0	0	3	0
1239	0	0	0	3
1240	3	0	0	0
1241	3	0	0	0
1242	0	0	3	0
1243	2	0	0	1
1244	0	3	0	0
1245	0	3	0	0
1246	3	0	0	0
1247	0	0	0	3
1248	0	0	0	3
1249	0	1	0	2
1250	0	0	0	3
1251	3	0	0	0
1252	3	0	0	0
1253	1	0	2	0
1254	3	0	0	0
1255	0	0	3	0
1256	0	3	0	0
1257	3	0	0	0
1258	0	0	0	3
1259	0	0	0	3
1260	3	0	0	0
1261	0	0	3	0
1262	0	0	3	0
1263	3	0	0	0
1264	0	3	0	0
1265	0	3	0	0
1266	3	0	0	0
1267	0	0	3	0
1268	0	0	3	0
1269	0	0	3	0
1270	0	0	3	0
1271	0	3	0	0
1272	0	0	0	3
1273	3	0	0	0
1274	0	3	0	0
1275	3	0	0	0
1276	0	0	0	3
1277	0	0	0	3
1278	3	0	0	0
1279	0	0	3	0
1280	3	0	0	0
1281	3	0	0	0
1282	0	0	3	0
1283	3	0	0	0
1284	3	0	0	0
1285	3	0	0	0
1286	0	0	0	3
1287	0	0	3	0
1288	3	0	0	0
1289	0	0	0	3
1290	0	0	3	0
1291	3	0	0	0
1292	0	3	0	0
1293	3	0	0	0
1294	0	0	3	0
1295	0	3	0	0
1296	3	0	0	0
1297	0	0	0	3
1298	0	0	3	0
1299	0	2	0	1
1300	0	3	0	0
1301	3	0	0	0
1302	0	0	3	0
1303	0	0	2	0
1304	0	0	2	0
1305	2	0	0	0
1306	0	0	1	0
1307	0	0	0	1
1308	0	0	3	0
1309	0	0	3	0
1310	0	0	3	0
1311	3	0	0	0
1312	0	0	3	0
1313	0	0	3	0
1314	1	0	1	1
1315	0	3	0	0
1316	0	3	0	0
1317	0	2	0	1
1318	0	0	3	0
1319	0	0	3	0
1320	0	3	0	0
1321	0	3	0	0
1322	3	0	0	0
1323	0	2	0	1
1324	3	0	0	0
1325	3	0	0	0
1326	3	0	0	0
1327	0	0	3	0
1328	0	3	0	0
1329	3	0	0	0
1330	2	1	0	0
1331	0	0	3	0
1332	3	0	0	0
1333	0	0	3	0
1334	0	0	0	3
1335	1	0	2	0
1336	0	0	0	4
1337	0	0	0	4
1338	0	0	4	0
1339	0	0	4	0
1340	0	4	0	0
1341	0	0	0	4
1342	0	0	4	0
1343	4	0	0	0
1344	0	0	3	0
1345	0	0	4	0
1346	0	4	0	0
1347	4	0	0	0
1348	4	0	0	0
1349	0	0	0	4
1350	0	0	4	0
1351	4	0	0	0
1352	1	0	3	0
1353	0	4	0	0
1354	0	3	0	0
1355	4	0	0	0
1356	3	0	0	0
1357	0	0	3	0
1358	0	3	0	0
1359	3	0	0	0
1360	3	0	0	0
1361	2	0	0	0
1362	0	1	0	2
1363	2	0	0	0
1364	2	0	0	0
1365	0	0	0	2
1366	2	0	0	0
1367	0	0	0	2
1368	2	0	0	0
1369	2	0	0	0
1370	2	0	0	0
1371	0	2	0	0
1372	2	0	0	0
1373	0	0	0	1
1374	1	0	0	0
1375	1	0	0	0
1376	0	0	0	1
1377	0	0	1	0
1378	2	0	0	0
1379	0	0	0	2
1380	0	0	2	0
1381	0	2	0	0
1382	2	0	0	0
1383	0	0	2	0
1384	2	0	0	0
1385	2	0	0	0
1386	2	0	0	0
1387	0	0	2	0
1388	0	0	2	0
1389	0	2	0	0
1390	2	0	0	0
1391	2	0	0	0
1392	0	0	0	2
1393	0	0	0	2
1394	0	0	0	2
1395	0	0	0	2
1396	2	0	0	0
1397	2	0	0	0
1398	2	0	0	0
1399	0	0	2	0
1400	0	0	2	0
1401	0	2	0	0
1402	0	0	0	2
1403	0	2	0	0
1404	0	0	0	2
1405	2	0	0	0
1406	2	0	0	0
1407	1	0	0	0
1408	2	0	0	0
1409	0	0	2	0
1410	1	0	0	0
1411	1	0	0	0
1412	0	0	0	1
1413	0	0	0	1
1414	0	0	1	0
1415	0	0	0	1
1416	0	0	0	1
1417	1	0	0	0
1418	1	0	0	0
1419	1	0	0	0
1420	0	0	0	2
1421	0	0	2	0
1422	0	0	0	2
1423	0	0	0	2
1424	0	0	0	2
1425	0	1	0	1
1426	2	0	0	0
1427	2	0	0	0
1428	0	2	0	0
1429	0	0	0	2
1430	0	0	2	0
1431	0	0	0	2
1432	0	0	2	0
1433	0	0	2	0
1434	0	2	0	0
1435	2	0	0	0
1436	3	0	0	0
1437	0	0	3	0
1438	0	0	3	0
1439	3	0	0	0
1440	3	0	0	0
1441	0	0	3	0
1442	0	0	3	0
1443	0	0	3	0
1444	0	3	0	0
1445	3	0	0	0
1446	0	3	0	0
1447	2	2	0	0
1448	0	0	0	4
1449	4	0	0	0
1450	0	0	3	0
1451	0	3	0	0
1452	0	2	0	1
1453	3	0	0	0
1454	0	0	3	0
1455	3	0	0	0
1456	3	0	0	0
1457	3	0	0	0
1458	0	0	0	3
1459	0	0	0	3
1460	0	0	3	0
1461	0	3	0	0
1462	3	0	0	0
1463	0	0	3	0
1464	3	0	0	0
1465	0	0	3	0
1466	0	4	0	0
1467	0	4	0	0
1468	0	4	0	0
1469	0	4	0	0
1470	0	0	0	4
1471	3	0	0	0
1472	0	0	4	0
1473	1	0	3	0
1474	4	0	0	0
1475	3	0	0	0
1476	4	0	0	0
1477	4	0	0	0
1478	2	0	2	0
1479	0	0	4	0
1480	0	0	4	0
1481	0	0	4	0
1482	0	4	0	0
1483	0	0	0	4
1484	0	0	4	0
1485	0	0	0	4
1486	0	0	0	4
1487	0	0	4	0
1488	0	0	4	0
1489	4	0	0	0
1490	4	0	0	0
1491	4	0	0	0
1492	0	0	0	4
1493	0	0	4	0
1494	0	0	0	3
1495	0	0	3	0
1496	0	0	3	0
1497	3	0	0	0
1498	3	0	0	0
1499	3	0	0	0
1500	0	0	3	0
1501	0	0	3	0
1502	3	0	0	0
1503	2	0	0	0
1504	0	0	2	0
1505	0	0	2	0
1506	2	0	0	0
1507	0	2	0	0
1508	1	0	0	0
1509	0	0	0	1
1510	0	1	0	0
1511	1	0	0	0
1512	0	0	1	0
1513	1	0	0	0
1514	0	0	0	1
1515	0	0	1	0
1516	1	0	0	0
1517	1	0	0	0
1518	1	0	0	0
1534	0	1	0	0
1535	1	0	0	0
1536	0	0	1	0
1537	0	0	1	0
1538	0	1	0	0
1539	0	0	0	1
1540	1	0	0	0
1541	1	0	0	0
1542	0	0	0	1
1543	0	0	0	1
1544	0	0	0	1
1545	0	0	0	1
1546	0	0	0	1
1547	0	0	0	1
1548	1	0	0	0
1549	0	0	1	0
1550	0	0	1	0
1551	0	0	1	0
1552	1	0	0	0
1553	2	0	0	0
1554	2	0	0	0
1555	2	0	0	0
1556	0	0	0	2
1557	0	0	0	2
1558	0	0	0	2
1559	0	0	2	0
1560	0	0	2	0
1561	0	2	0	0
1562	0	2	0	0
1563	0	0	0	2
1564	0	0	0	2
1565	0	2	0	0
1566	0	2	0	0
1567	1	2	0	0
1568	3	0	0	0
1569	0	3	0	0
1570	3	0	0	0
1571	3	0	0	0
1572	0	0	3	0
1573	0	0	4	0
1574	0	0	4	0
1575	0	0	4	0
1576	4	0	0	0
1577	0	0	4	0
1578	0	0	4	0
1579	0	4	0	0
1580	0	4	0	0
1581	3	0	1	0
1582	0	0	4	0
1583	0	0	4	0
1584	2	0	2	0
1585	4	0	0	0
1586	3	0	0	0
1587	0	0	0	4
1588	0	0	0	4
1589	0	0	0	4
1590	0	3	0	1
1591	0	4	0	0
1592	0	0	0	4
1593	0	0	0	4
1594	0	4	0	0
1595	4	0	0	0
1596	0	0	4	0
1597	4	0	0	0
1598	3	0	1	0
1599	0	4	0	0
1600	4	0	0	0
1601	0	0	4	0
1602	3	0	1	0
1603	0	4	0	0
1604	0	4	0	0
1605	4	0	0	0
1606	0	0	3	0
1607	3	0	0	0
1608	0	0	3	0
1609	0	3	0	0
1610	0	3	0	0
1611	3	0	0	0
1612	3	0	0	0
1613	0	3	0	0
1614	3	0	0	0
1615	0	0	3	0
1616	0	3	0	0
1617	0	3	0	0
1618	0	3	0	0
1619	0	3	0	0
1620	3	0	0	0
1621	0	3	0	0
1622	0	3	0	0
1623	3	0	0	0
1624	0	0	3	0
1625	0	3	0	0
1626	3	0	0	0
1627	0	0	3	0
1628	2	0	0	0
1629	0	0	2	0
1630	2	0	0	0
1631	0	0	2	0
1632	0	3	0	0
1633	0	0	0	3
1634	0	0	0	3
1635	0	3	0	0
1636	3	0	0	0
1637	1	0	1	0
1638	0	0	2	0
1639	1	0	0	0
1640	0	0	0	1
1641	0	2	0	0
1642	0	0	2	0
1643	2	0	0	0
1644	0	0	2	0
1645	0	0	2	0
1646	2	0	0	0
1647	0	0	2	0
1648	2	0	0	0
1649	0	2	0	0
1650	2	0	0	0
1651	2	0	0	0
1652	0	2	0	0
1653	0	2	0	0
1654	0	2	0	0
1655	0	2	0	0
1656	0	2	0	0
1657	1	0	1	0
1658	0	2	0	0
1659	0	1	0	1
1660	0	2	0	0
1661	1	1	0	0
1662	0	0	2	0
1663	2	0	0	0
1664	2	0	0	0
1665	0	0	2	0
1666	0	2	0	0
1667	2	0	0	0
1668	0	0	2	0
1669	0	0	2	0
1670	2	0	0	0
1671	0	0	2	0
1672	0	1	0	1
1673	0	2	0	0
1674	0	0	2	0
1675	1	0	0	0
1676	1	0	1	0
1677	1	0	1	0
1678	0	0	2	0
1679	2	0	0	0
1680	0	2	0	0
1681	2	0	0	0
1682	0	0	2	0
1683	0	0	2	0
1684	0	0	2	0
1685	2	0	0	0
1686	2	0	0	0
1687	0	2	0	0
1688	0	2	0	0
1689	0	2	0	0
1690	0	0	0	2
1691	0	0	0	2
1692	2	0	0	0
1693	2	0	0	0
1694	0	1	0	1
1695	0	0	0	2
1696	0	0	1	1
1697	0	2	0	0
1698	0	2	0	0
1699	0	2	0	0
1700	0	0	0	2
1701	0	2	0	0
1702	2	0	0	0
1703	2	0	0	0
1704	1	0	0	0
1705	0	0	0	1
1706	0	4	0	0
1707	4	0	0	0
1708	0	4	0	0
1709	0	0	0	4
1710	0	4	0	0
1711	0	0	0	4
1712	0	0	0	4
1713	0	0	0	4
1714	0	0	4	0
1715	0	0	4	0
1716	0	4	0	0
1717	4	0	0	0
1718	0	0	4	0
1719	0	4	0	0
1720	0	0	4	0
1721	4	0	0	0
1722	0	4	0	0
1723	0	4	0	0
1724	0	4	0	0
1725	0	4	0	0
1726	0	0	0	4
1727	0	0	0	4
1728	0	0	4	0
1729	0	0	0	4
1730	0	4	0	0
1731	1	0	0	3
1732	0	4	0	0
1733	4	0	0	0
1734	4	0	0	0
1735	0	0	0	4
1736	4	0	0	0
1737	4	0	0	0
1738	4	0	0	0
1739	3	0	1	0
1740	1	0	3	0
1741	0	0	0	4
1742	4	0	0	0
1743	0	0	4	0
1744	0	0	3	0
1745	0	0	4	0
1746	0	0	4	0
1747	0	0	4	0
1748	0	3	0	1
1749	0	4	0	0
1750	4	0	0	0
1751	0	0	4	0
1752	1	0	3	0
1753	0	1	0	3
1754	4	0	0	0
1755	4	0	0	0
1756	3	0	1	0
1757	2	0	2	0
1758	0	0	4	0
1759	4	0	0	0
1760	2	0	2	0
1761	0	0	4	0
1762	0	4	0	0
1763	0	0	0	4
1764	0	4	0	0
1765	0	0	0	4
1766	0	4	0	1
1767	0	0	0	5
1768	0	0	0	5
1769	5	0	0	0
1770	0	0	5	0
1771	5	0	0	0
1772	0	5	0	0
1773	5	0	0	0
1774	0	5	0	0
1775	5	0	0	0
1776	0	0	4	0
1777	0	0	5	0
1778	4	0	0	0
1779	0	0	4	0
1780	0	4	0	0
1781	1	0	0	0
1782	0	0	1	0
1783	1	0	0	0
1784	0	0	0	1
1785	0	0	1	0
1786	1	0	0	0
1787	0	0	0	1
1788	1	0	0	0
1789	0	1	0	0
1790	1	0	0	0
1791	0	0	1	0
1792	0	0	0	1
1793	1	0	0	0
1794	0	0	0	1
1795	0	0	0	1
1796	1	0	0	0
1797	0	0	1	0
1798	1	0	0	0
1799	1	0	0	0
1800	0	0	1	0
1801	1	0	0	0
1802	0	1	0	0
1803	1	0	0	0
1804	0	0	0	1
1805	1	0	0	0
1806	1	0	0	0
1807	1	0	0	0
1808	0	0	0	1
1809	0	0	0	1
1810	0	0	0	1
1811	0	0	1	0
1812	0	1	0	0
1813	0	1	0	0
1814	1	0	0	0
1815	0	0	1	0
1816	0	0	1	0
1817	1	0	0	0
1818	1	0	0	0
1819	1	0	0	0
1820	1	0	0	0
1821	0	0	0	1
1822	0	0	1	0
1823	0	0	1	0
1824	1	0	0	0
1825	1	0	0	0
1826	1	0	0	0
1827	0	1	0	0
1828	0	1	0	0
1829	1	0	0	0
1830	1	0	0	0
1831	1	0	0	0
1832	1	0	0	0
1833	1	0	0	0
1834	0	0	0	1
1835	0	0	1	0
1836	1	0	0	0
1837	0	0	0	1
1838	1	0	0	0
1839	0	0	1	0
1840	0	0	2	0
1841	1	0	0	0
1842	0	0	1	0
1843	0	0	1	0
1844	1	0	0	0
1845	1	0	0	0
1846	0	0	0	1
1847	0	0	0	1
1848	0	0	1	0
1849	0	0	1	0
1850	1	0	0	0
1851	0	0	1	0
1852	0	0	1	0
1853	0	0	0	1
1854	0	0	0	1
1855	0	0	0	1
1856	0	0	0	1
1857	1	0	0	0
1858	0	0	0	1
1859	0	1	0	0
1860	1	0	0	0
1861	1	0	0	0
1862	1	0	0	0
1863	0	0	1	0
1864	0	0	0	1
1865	1	0	0	0
1866	1	0	0	0
1867	0	0	1	0
1868	0	0	1	0
1869	0	1	0	0
1870	1	0	0	0
1871	0	0	1	0
1872	0	0	0	1
1873	1	0	0	0
1874	0	0	0	1
1875	0	0	1	0
1876	1	0	0	0
1877	0	0	0	1
1878	0	1	0	0
1879	1	0	0	0
1880	1	0	0	0
1881	2	0	0	0
1882	0	0	0	2
1883	2	0	0	0
1884	1	1	0	0
1885	1	0	0	1
1886	0	0	0	2
1887	2	0	0	0
1888	0	0	0	2
1889	2	0	0	0
1890	0	0	2	0
1891	2	0	0	0
1892	2	0	0	0
1893	2	0	0	0
1894	0	0	0	2
1895	0	0	0	2
1896	0	0	0	2
1897	1	0	1	0
1898	0	0	0	2
1899	0	0	2	0
1900	0	0	2	0
1901	2	0	0	0
1902	1	0	0	0
1903	1	0	0	0
1904	1	0	0	0
1905	0	0	0	0
1906	1	0	0	0
1907	0	0	1	0
1908	0	0	1	0
1909	0	1	0	0
1910	0	0	0	1
1911	1	0	0	0
1912	0	0	0	1
1913	1	0	0	0
1914	0	0	1	0
1915	0	0	1	0
1916	0	0	0	1
1917	1	0	0	0
1918	0	2	0	0
1919	2	0	0	0
1920	0	0	2	0
1921	0	0	0	2
1922	2	0	0	0
1923	0	0	0	2
1924	0	0	0	2
1925	2	0	0	0
1926	0	0	2	0
1927	0	0	0	2
1928	1	0	1	0
1929	0	0	2	0
1930	0	0	2	0
1931	1	0	1	0
1932	0	2	0	0
1933	0	2	0	0
1934	0	1	0	1
1935	2	0	0	0
1936	0	2	0	0
1937	2	0	0	0
1938	0	2	0	0
1939	0	2	0	0
1940	0	0	0	2
1941	0	0	2	0
1942	0	0	0	2
1943	0	2	0	0
1944	2	0	0	0
1945	2	0	0	0
1946	0	2	0	0
1947	2	0	0	0
1948	0	0	0	2
1949	2	0	0	0
1950	2	0	0	0
1951	0	0	0	2
1952	0	0	0	2
1953	0	0	2	0
1954	0	0	2	0
1955	2	0	0	0
1956	2	0	0	0
1957	0	0	2	0
1958	0	0	2	0
1959	2	0	0	0
1960	2	0	0	0
1961	0	1	0	0
1962	2	0	0	0
1963	0	0	0	2
1964	0	0	2	0
1965	0	0	0	2
1966	0	0	0	2
1967	0	0	2	0
1968	2	0	0	0
1969	0	2	0	0
1970	0	0	0	2
1971	0	2	0	0
1972	2	0	0	0
1973	0	0	2	0
1974	0	2	0	0
1975	0	0	0	2
1976	0	0	0	2
1977	0	0	2	0
1978	0	0	1	0
1979	2	0	0	0
1980	0	0	0	2
1981	0	0	2	0
1982	0	2	0	0
1983	2	0	0	0
1984	0	2	0	0
1985	1	1	0	0
1986	0	2	0	0
1987	0	0	0	2
1988	2	0	0	0
1989	2	0	0	0
1990	1	0	0	0
1991	0	0	0	1
1992	0	0	0	1
1993	0	0	0	2
1994	0	0	0	2
1995	0	2	0	0
1996	0	2	0	0
1997	2	0	0	0
1998	2	0	0	0
1999	0	0	0	2
2000	0	0	0	2
2001	2	0	0	0
2002	0	0	1	0
2003	0	0	0	2
2004	0	2	0	0
2005	0	2	0	0
2006	0	2	0	0
2007	2	0	0	0
2008	0	0	0	2
2009	0	0	0	3
2010	1	0	2	0
2011	3	0	0	0
2012	2	0	1	0
2013	3	0	0	0
2014	0	3	0	0
2015	0	0	0	3
2016	0	0	3	0
2017	0	0	0	3
2018	3	0	0	0
2019	0	2	0	0
2020	0	2	0	0
2021	2	0	0	0
2022	0	0	2	0
2023	0	0	0	2
2024	2	0	0	0
2025	2	0	0	0
2026	2	0	0	0
2027	2	0	0	0
2028	0	1	0	1
2029	0	0	0	2
2030	2	0	0	0
2031	2	0	0	0
2032	2	0	0	0
2033	0	0	2	0
2034	0	2	0	0
2035	0	2	0	0
2036	2	0	1	0
2037	0	0	4	0
2038	0	0	4	0
2039	3	0	0	0
2040	3	0	0	0
2041	0	0	0	4
2042	0	0	4	0
2043	0	0	4	0
2044	5	0	0	0
2045	0	0	0	6
2046	0	0	6	0
2047	0	0	5	0
2048	0	6	0	0
2049	0	6	0	0
2050	0	5	0	0
2051	6	0	0	0
2052	6	0	0	0
2053	6	0	0	0
2054	0	0	6	0
2055	0	0	6	0
2056	0	0	0	6
2057	0	0	0	6
2058	6	0	0	0
2059	6	0	0	0
2060	6	0	0	0
2061	0	6	0	0
2062	6	0	0	0
2063	6	0	0	0
2064	0	0	0	6
2065	0	0	6	0
2066	0	0	6	0
2067	0	4	0	0
2068	0	4	0	0
2069	4	0	0	0
2070	0	0	0	4
2071	0	0	0	4
2072	0	0	4	0
2073	4	0	0	0
2074	0	4	0	0
2075	4	0	0	0
2076	0	0	4	0
2077	4	0	0	0
2078	4	0	0	0
2079	0	0	4	0
2080	4	0	0	0
2081	1	0	2	0
2082	4	0	0	0
2083	4	0	0	0
2084	4	0	0	0
2085	4	0	0	0
2086	0	0	0	4
2087	4	0	0	0
2088	4	0	0	0
2089	4	0	0	0
2090	4	0	0	0
2091	0	0	4	0
2092	0	4	0	0
2093	4	0	0	0
2094	0	0	0	4
2095	0	0	0	4
2096	4	0	0	0
2097	3	0	0	0
2098	0	4	0	0
2099	4	0	0	0
2100	0	0	4	0
2101	0	3	0	1
2102	4	0	0	0
2103	4	0	0	0
2104	0	0	0	4
2105	0	0	0	4
2106	0	0	0	4
2107	0	0	4	0
2108	0	0	0	4
2109	0	0	4	0
2110	4	0	0	0
2111	2	0	2	0
2112	0	0	4	0
2113	4	0	0	0
2114	4	0	0	0
2115	4	0	0	0
2116	0	0	0	4
2117	0	0	4	0
2118	0	0	2	0
2119	1	0	0	0
2121	1	0	0	0
2122	2	0	0	0
2123	0	0	2	0
2124	0	0	2	0
2125	2	0	0	0
2126	2	0	0	0
2127	0	0	1	0
2128	0	0	1	0
2129	2	0	0	0
2130	2	0	0	0
2131	2	0	0	0
2132	2	0	0	0
2133	2	0	0	0
2134	0	0	0	2
2135	0	0	0	2
2136	2	0	0	0
2137	0	2	0	0
2138	2	0	0	0
2139	2	0	0	0
2140	2	0	0	0
2141	2	0	0	0
2142	3	0	0	0
2143	0	0	0	3
2144	0	0	0	3
2145	0	0	3	0
2146	0	0	3	0
2147	0	0	3	0
2148	0	3	0	0
2149	0	3	0	0
2150	0	0	0	3
2151	0	0	3	0
2152	3	0	0	0
2153	3	0	0	0
2154	3	0	0	0
2155	3	0	0	0
2156	0	0	0	3
2157	0	3	0	0
2158	0	3	0	0
2159	3	0	0	0
2160	0	0	0	3
2161	3	0	0	0
2162	0	0	0	3
2163	3	0	0	0
2164	3	0	0	0
2165	0	3	0	0
2166	3	0	0	0
2167	0	3	0	0
2168	0	0	1	2
2169	0	3	0	0
2170	0	3	0	0
2171	3	0	0	0
2172	3	0	0	0
2173	0	0	0	4
2174	4	0	0	0
2175	0	0	0	4
2176	0	0	0	4
2177	0	0	0	4
2178	0	0	4	0
2179	0	4	0	0
2180	0	4	0	0
2181	4	0	0	0
2182	0	0	0	4
2183	4	0	0	0
2184	4	0	0	0
2185	4	0	0	0
2186	4	0	0	0
2187	4	0	0	0
2188	4	0	0	0
2189	0	0	4	0
2190	4	0	0	0
2191	4	0	0	0
2192	0	0	4	0
2193	0	0	3	0
2194	3	0	0	0
2195	0	3	0	0
2196	2	0	0	0
2197	0	0	2	0
2198	0	0	0	2
2199	2	0	0	0
2200	0	2	0	0
2201	0	0	0	2
2202	2	0	0	0
2203	2	0	0	0
2204	0	0	2	0
2205	0	0	0	2
2206	0	0	2	0
2207	0	0	2	0
2208	2	0	0	0
2209	0	0	2	0
2210	2	0	0	0
2211	2	0	0	0
2212	2	0	0	0
2213	2	0	0	0
2214	0	0	0	2
2215	0	0	0	2
2216	2	0	0	0
2217	0	0	1	0
2218	0	0	0	1
2219	2	0	0	0
2220	0	0	2	0
2221	2	0	0	0
2222	0	0	0	2
2223	0	0	0	2
2224	0	0	0	2
2225	0	2	0	0
2226	2	0	0	0
2227	0	0	2	0
2228	0	0	2	0
2229	0	0	2	0
2230	2	0	0	0
2231	2	0	0	0
2232	0	2	0	0
2233	0	0	0	2
2234	0	2	0	0
2235	2	0	0	0
2236	2	0	0	0
2237	0	0	0	2
2238	2	0	0	0
2239	2	0	0	0
2240	2	0	0	0
2241	2	0	0	0
2242	0	0	2	0
2243	2	0	0	0
2244	2	0	0	0
2245	0	2	0	0
2246	0	0	0	2
2247	0	2	0	0
2248	2	0	0	0
2249	2	0	0	0
2250	0	0	2	0
2251	2	0	0	0
2252	0	2	0	0
2253	0	0	0	2
2254	0	0	0	2
2255	0	0	0	2
2256	0	0	0	2
2257	0	0	2	0
2258	0	0	2	0
2259	0	0	2	0
2260	2	0	0	0
2261	0	0	2	0
2262	0	0	1	0
2263	0	0	0	2
2264	0	0	0	2
2265	0	2	0	0
2266	2	0	0	0
2267	2	0	0	0
2268	0	0	0	2
2269	0	0	0	2
2270	2	0	0	0
2271	0	0	2	0
2272	0	0	2	0
2273	2	0	0	0
2274	2	0	0	0
2275	0	0	0	2
2276	2	0	0	0
2277	0	2	0	0
2278	0	2	0	0
2279	2	0	0	0
2280	0	2	0	0
2281	2	0	0	0
2282	0	2	0	0
2283	0	2	0	0
2284	0	2	0	0
2285	2	0	0	0
2286	0	0	2	0
2287	0	1	1	0
2288	2	0	0	0
2289	0	0	2	0
2290	0	0	2	0
2291	0	0	1	0
2292	0	0	0	1
2293	0	0	0	1
2294	1	0	0	0
2295	1	0	0	0
2296	1	0	0	0
2339	0	0	0	1
2340	0	0	0	1
2341	0	0	0	1
2342	0	0	0	1
2343	0	0	0	1
2344	0	1	0	0
2345	3	0	0	0
2346	0	0	3	0
2347	0	0	0	3
2348	0	0	0	3
2349	0	3	0	0
2350	0	3	0	0
2351	0	0	0	3
2352	0	0	0	3
2353	0	0	0	3
2354	2	0	0	0
2355	0	0	3	0
2356	3	0	0	0
2357	0	0	0	3
2358	0	0	3	0
2359	3	0	0	0
2360	2	0	1	0
2361	0	0	3	0
2362	1	0	2	0
2363	0	3	0	0
2364	0	0	0	3
2365	0	0	0	3
2366	0	3	0	0
2367	3	0	0	0
2368	0	0	3	0
2369	0	0	3	0
2370	3	0	0	0
2371	3	0	0	0
2372	2	0	1	0
2373	0	0	0	4
2374	4	0	0	0
2375	0	0	0	4
2376	4	0	0	0
2377	0	4	0	0
2378	0	0	0	4
2379	0	0	4	0
2380	0	4	0	0
2381	4	0	0	0
2382	0	0	0	4
2383	0	0	0	4
2384	0	4	0	0
2385	4	0	0	0
2386	0	4	0	0
2387	0	4	0	0
2388	4	0	0	0
2389	0	0	0	4
2390	4	0	0	0
2391	0	4	0	0
2392	0	4	0	0
2393	0	2	0	2
2394	4	0	0	0
2395	0	0	4	0
2396	0	0	0	4
2397	4	0	0	0
2398	0	0	0	4
2399	4	0	0	0
2400	4	0	0	0
2401	3	0	0	0
2402	0	2	0	2
2403	4	0	0	0
2404	4	0	0	0
2405	0	0	0	4
2406	0	0	4	0
2407	4	0	0	0
2408	4	0	0	0
2409	4	0	0	0
2410	0	4	0	0
2411	4	0	0	0
2412	0	4	0	0
2413	0	4	0	0
2414	3	0	0	0
2415	0	0	3	0
2416	0	0	3	0
2417	1	0	0	0
2418	1	0	0	0
2419	0	0	0	1
2420	0	0	0	1
2421	1	0	0	0
2422	0	0	1	0
2423	1	0	0	0
2424	0	0	0	1
2425	1	0	0	0
2426	0	0	0	1
2427	0	1	0	0
2428	1	0	0	0
2429	1	0	0	0
2430	0	0	0	1
2431	1	0	0	0
2432	0	0	0	1
2433	1	0	0	0
2434	1	0	0	0
2435	0	0	0	1
2436	0	0	1	0
2437	0	0	0	1
2438	0	0	1	0
2439	0	1	0	0
2440	0	0	0	1
2441	0	0	0	1
2442	0	1	0	0
2443	0	1	0	0
2444	0	1	0	0
2445	0	1	0	0
2446	1	0	0	0
2447	0	0	1	0
2487	1	0	0	0
2488	0	1	0	0
2489	1	0	0	0
2490	1	0	0	0
2491	1	0	0	0
2492	1	0	0	0
2493	1	0	0	0
2494	0	0	0	1
2495	0	1	0	0
2496	0	0	0	1
2497	0	0	0	1
2498	1	0	0	0
2499	0	0	1	0
2500	1	0	0	0
2501	0	0	1	0
2502	0	1	0	0
2503	0	1	0	0
2504	0	1	0	0
2505	0	0	0	1
2506	0	0	0	1
2507	0	0	0	1
2508	1	0	0	0
2509	0	0	1	0
2510	1	0	0	0
2511	0	0	1	0
2512	0	2	0	0
2513	2	0	0	0
2514	0	2	0	0
2515	2	0	0	0
2516	2	0	0	0
2517	2	0	0	0
2518	2	0	0	0
2519	0	0	0	2
2520	0	2	0	0
2521	0	2	0	0
2522	2	0	0	0
2523	0	0	3	0
2524	3	0	0	0
2525	2	1	0	0
2526	3	0	0	0
2527	0	0	0	3
2528	1	0	2	0
2529	0	0	3	0
2530	0	0	0	3
2531	0	2	0	1
2532	3	0	0	0
2533	0	0	0	3
2534	0	3	0	0
2535	0	0	0	3
2536	2	0	1	0
2537	0	0	0	3
2538	0	3	0	0
2539	3	0	0	0
2540	3	0	0	0
2541	0	0	0	3
2542	3	0	0	0
2543	0	0	0	3
2544	3	0	0	0
2545	0	0	0	3
2546	0	0	3	0
2547	0	0	3	0
2548	3	0	0	0
2549	0	0	0	3
2550	0	0	3	0
2551	3	0	0	0
2552	0	4	0	0
2553	0	0	0	4
2554	0	0	0	4
2555	0	0	4	0
2556	0	0	0	4
2557	4	0	0	0
2558	0	0	0	4
2559	0	0	4	0
2560	0	0	0	4
2561	4	0	0	0
2562	0	0	4	0
2563	0	0	4	0
2564	4	0	0	0
2565	0	0	0	4
2566	0	4	0	0
2567	0	0	0	4
2568	0	0	4	0
2569	4	0	0	0
2570	0	4	0	0
2571	0	0	0	4
2572	0	0	0	4
2573	4	0	0	0
2574	0	0	4	0
2575	4	0	0	0
2576	4	0	0	0
2577	4	0	0	0
2578	0	0	0	4
2579	4	0	0	0
2580	0	0	4	0
2581	0	0	4	0
2582	0	0	4	0
2583	0	4	0	0
2584	3	0	0	0
2585	3	0	0	0
2586	0	3	0	0
2587	3	0	0	0
2588	0	0	0	3
2589	3	0	0	0
2590	0	0	3	0
2591	3	0	0	0
2592	0	0	3	0
2593	0	3	0	0
2594	3	0	0	0
2595	2	0	0	0
2596	2	0	0	0
2597	1	0	0	0
2598	1	0	0	0
2599	0	0	0	1
2600	1	0	0	0
2601	0	0	1	0
2602	1	0	0	0
2603	1	0	0	0
2604	0	0	1	0
2605	1	0	0	0
2606	0	0	1	0
2607	0	0	0	1
2608	0	0	0	1
2609	1	0	0	0
2610	1	0	0	0
2611	0	0	1	0
2612	1	0	0	0
2613	0	0	1	0
2614	1	0	0	0
2615	0	1	0	0
2616	0	1	0	0
2617	1	0	0	0
2618	0	0	0	1
2619	0	0	0	1
2620	0	0	0	1
2621	1	0	0	0
2622	0	0	0	1
2623	0	0	0	1
2624	1	0	0	0
2625	1	0	0	0
2626	1	0	0	0
2627	1	0	0	0
2628	0	0	0	1
2629	0	0	1	0
2630	0	0	1	0
2631	0	0	1	0
2632	0	0	1	0
2633	1	0	0	0
2634	0	0	0	1
2635	0	0	0	1
2636	0	0	0	1
2637	1	0	0	0
2638	0	1	0	0
2639	0	1	0	0
2640	1	0	0	0
2641	0	1	0	0
2642	1	0	0	0
2643	0	1	0	0
2644	0	1	0	0
2645	1	0	0	0
2646	0	0	2	0
2647	2	0	0	0
2648	0	2	0	0
2649	2	0	0	0
2650	2	0	0	0
2651	0	0	2	0
2652	2	0	0	0
2653	2	0	0	0
2654	2	0	0	0
2655	0	2	0	0
2656	3	0	0	0
2657	0	0	0	4
2658	0	4	0	0
2659	4	0	0	0
2660	0	0	4	0
2661	4	0	0	0
2662	4	0	0	0
2663	4	0	0	0
2664	0	0	4	0
2665	4	0	0	0
2666	4	0	0	0
2667	0	4	0	0
2668	0	4	0	0
2669	0	4	0	0
2670	0	4	0	0
2671	0	4	0	0
2672	4	0	0	0
2673	0	0	0	4
2674	0	0	0	4
2675	0	0	0	4
2676	0	4	0	0
2677	0	0	0	4
2678	1	0	0	3
2679	0	0	0	4
2680	0	0	4	0
2681	0	0	4	0
2682	4	0	0	0
2683	0	0	0	5
2684	0	0	5	0
2685	0	0	4	0
2686	0	0	5	0
2687	0	0	5	0
2688	0	0	0	5
2689	5	0	0	0
2690	0	0	0	5
2691	0	0	5	0
2692	5	0	0	0
2693	5	0	0	0
2694	0	5	0	0
2695	0	0	0	5
2696	0	5	0	0
2697	0	5	0	0
2698	5	0	0	0
2699	0	0	0	5
2700	0	5	0	0
2701	0	5	0	0
2702	0	0	0	4
2703	0	0	5	0
2704	5	0	0	0
2705	0	5	0	0
2706	6	0	0	0
2707	6	0	0	0
2708	6	0	0	0
2709	0	0	0	6
2710	0	0	6	0
2711	0	0	4	0
2712	5	0	0	0
2713	0	6	0	0
2714	6	0	0	0
2715	0	0	5	0
2716	0	0	0	6
2717	6	0	0	0
2718	0	6	0	0
2719	6	0	0	0
2720	0	0	6	0
2721	0	5	1	0
2722	0	7	0	0
2723	0	0	0	7
2724	7	0	0	0
2725	0	0	0	7
2726	7	0	0	0
2727	0	6	0	0
2728	6	0	0	0
2729	4	0	1	1
2730	0	6	0	0
2731	0	0	0	5
2732	0	0	5	0
2733	0	5	1	0
2734	0	6	0	0
2735	4	0	0	0
2736	0	0	4	0
2737	4	0	0	0
2738	3	0	0	1
2739	4	0	0	0
2740	4	0	0	0
2741	1	0	3	0
2742	0	0	4	0
2743	4	0	0	0
2744	0	0	0	4
2745	4	0	0	0
2746	0	0	4	0
2747	0	4	0	0
2748	0	0	0	4
2749	0	0	4	0
2750	0	0	4	0
2751	4	0	0	0
2752	0	4	0	0
2753	0	0	0	4
2754	0	0	3	0
2755	0	0	0	3
2756	0	4	0	0
2757	4	0	0	0
2758	4	0	0	0
2759	0	0	0	3
2760	0	0	4	0
2761	4	0	0	0
2762	0	0	0	4
2763	4	0	0	0
2764	0	0	0	4
2765	3	0	0	0
2766	0	4	0	0
2767	3	0	0	0
2768	2	0	2	0
2769	4	0	0	0
2770	4	0	0	0
2771	0	0	4	0
2772	0	1	0	3
2773	0	0	0	4
2774	4	0	0	0
2775	0	0	4	0
2776	0	0	0	2
2777	0	0	3	0
2778	0	0	3	0
2779	0	0	3	0
2780	2	0	0	0
2781	3	0	0	0
2782	3	0	0	0
2783	3	0	0	0
2784	0	0	0	3
2785	0	0	0	3
2786	3	0	0	0
2787	3	0	0	0
2788	3	0	0	0
2789	0	3	0	0
2790	0	2	0	1
2791	0	0	3	0
2792	0	0	2	0
2793	0	0	3	0
2794	0	3	0	0
2795	3	0	0	0
2796	1	0	0	0
2797	0	0	1	0
2798	0	0	0	1
2799	0	1	0	0
2800	1	0	0	0
2801	0	0	1	0
2802	1	0	0	0
2803	0	0	0	1
2804	0	0	0	1
2805	0	0	0	1
2806	1	0	0	0
2807	0	1	0	0
2808	0	0	0	1
2809	0	1	0	0
2810	1	0	0	0
2811	0	0	1	0
2812	0	0	1	0
2813	0	0	1	0
2814	1	0	0	0
2815	0	0	0	1
2816	0	0	0	1
2817	1	0	0	0
2818	1	0	0	0
2819	1	0	0	0
2820	0	0	1	0
2821	0	0	0	1
2822	1	0	0	0
2823	1	0	0	0
2824	0	0	1	0
2825	0	0	1	0
2826	0	1	0	0
2827	1	0	0	0
2828	0	0	1	0
2829	0	1	0	0
2830	0	0	0	1
2831	0	0	0	1
2832	0	0	0	1
2833	0	0	2	0
2834	0	0	0	2
2835	2	0	0	0
2836	2	0	0	0
2837	1	0	0	0
2838	0	2	0	0
2839	0	0	0	2
2840	0	1	0	1
2841	0	2	0	0
2842	0	0	0	2
2843	0	0	0	3
2844	3	0	0	0
2845	0	0	3	0
2846	0	0	3	0
2847	0	0	3	0
2848	0	0	3	0
2849	1	0	2	0
2850	0	0	3	0
2851	0	2	0	0
2852	0	3	0	0
2853	2	0	0	0
2854	3	0	0	0
2855	3	0	0	0
2856	0	0	2	0
2857	0	3	0	0
2858	3	0	0	0
2859	0	2	0	1
2860	0	0	0	2
2861	2	0	0	0
2862	2	0	0	0
2863	0	3	0	0
2864	3	0	0	0
2865	0	1	2	0
2866	3	0	0	0
2867	0	2	0	0
2868	2	0	0	0
2869	0	0	0	2
2870	1	1	0	0
2871	0	0	3	0
2872	0	0	0	2
2873	3	0	0	0
2874	0	3	0	0
2875	0	3	0	0
2876	2	0	0	0
2877	0	2	0	0
2878	0	0	0	3
2879	3	0	0	0
2880	2	0	0	0
2881	0	3	0	0
2882	0	0	0	3
2883	0	0	3	0
2884	3	0	0	0
2885	3	0	0	0
2886	0	0	2	0
2887	3	0	0	0
2888	3	0	0	0
2889	0	0	2	0
2890	0	3	0	0
2891	2	0	0	1
2892	0	0	3	0
2893	3	0	0	0
2894	3	0	0	0
2895	0	0	0	3
2896	0	0	0	3
2897	3	0	0	0
2898	0	0	3	0
2899	3	0	0	0
2900	3	0	0	0
2901	0	0	0	2
2902	0	0	0	3
2903	0	0	3	0
2904	0	0	3	0
2905	0	3	0	0
2906	3	0	0	0
2907	0	0	2	0
2908	2	0	0	0
2909	0	0	2	0
2910	2	0	0	0
2911	2	0	0	0
2912	0	2	0	0
2913	1	0	0	0
2914	0	0	2	0
2915	0	0	2	0
2916	1	0	1	0
2917	1	0	0	0
2918	1	0	0	0
2919	1	0	0	0
2920	0	0	0	1
2921	0	0	0	1
2922	0	1	0	0
2923	0	0	0	1
2924	1	0	0	0
2925	1	0	0	0
2926	1	0	0	0
2927	1	0	0	0
2928	0	0	1	0
2929	1	0	0	0
2930	1	0	0	0
2931	0	1	0	0
2932	0	1	0	0
2933	1	0	0	0
2934	0	0	1	0
2935	0	0	0	1
2936	1	0	0	0
2937	0	1	0	0
2938	1	0	0	0
2951	0	0	0	1
2952	0	0	0	0
2953	1	0	0	0
2954	0	1	0	0
2955	0	1	0	0
2956	0	1	0	0
2957	1	0	0	0
2958	0	0	0	1
2959	0	1	0	0
2960	1	0	0	0
2961	1	0	0	0
2962	1	0	0	0
2963	1	0	0	0
2964	0	0	1	0
2965	1	0	0	0
2966	0	1	0	0
2967	0	0	0	1
2968	0	0	0	1
2969	0	0	1	0
2970	1	0	0	0
2971	0	0	0	1
2972	1	0	0	0
2973	0	0	1	0
2974	0	1	0	0
2975	0	0	0	1
2976	0	0	1	0
2977	1	0	0	0
2978	1	0	0	0
2979	0	1	0	0
2980	0	0	0	1
2981	1	0	0	0
2982	0	1	0	0
2983	1	0	0	0
2984	0	0	1	0
2985	1	0	0	0
2986	1	0	0	0
2987	1	0	0	0
2988	0	1	0	0
2989	0	0	0	0
2990	0	0	1	0
2991	0	0	1	0
2992	0	0	1	0
2993	1	0	0	0
2994	0	1	0	0
2995	1	0	0	0
2996	0	0	1	0
2997	0	0	1	0
2998	0	0	1	0
2999	0	0	0	1
3000	0	1	0	0
3001	1	0	0	0
3002	1	0	0	0
3003	0	0	0	1
3004	0	0	1	0
3005	0	0	1	0
3006	1	0	0	0
3007	0	1	0	0
3008	1	0	0	0
3009	0	0	0	1
3010	1	0	0	0
3011	0	0	0	1
3012	0	1	0	0
3013	1	0	0	0
3014	1	0	0	0
3015	1	0	0	0
3016	0	0	0	1
3017	0	0	0	1
3018	0	0	0	1
3019	1	0	0	0
3020	0	1	0	0
3021	0	1	0	0
3022	1	0	0	0
3023	1	0	0	0
3024	0	0	1	0
3050	0	0	1	0
3051	1	0	0	0
3052	1	0	0	0
3053	0	0	1	0
3054	0	0	0	1
3055	1	0	0	0
3056	0	0	0	1
3057	0	0	1	0
3058	0	1	0	0
3059	1	0	0	0
3060	1	0	0	0
3061	1	0	0	0
3062	1	0	0	0
3063	1	0	0	0
3064	0	0	0	1
3065	0	0	1	0
3066	1	0	0	0
3067	0	0	1	0
3068	1	0	0	0
3069	1	0	0	0
3070	0	1	0	0
3071	0	0	0	1
3072	0	0	1	0
3073	0	1	0	0
3074	0	1	0	0
3075	0	1	0	0
3076	1	0	0	0
3077	0	1	0	0
3078	1	0	0	0
3079	0	1	0	0
3080	0	0	0	1
3081	1	0	0	0
3082	1	0	0	0
3083	0	0	0	1
3084	0	0	1	0
3085	1	0	0	0
3086	0	0	0	1
3087	0	0	1	0
3088	0	0	0	1
3089	1	0	0	0
3090	1	0	0	0
3091	1	0	0	0
3092	1	0	0	0
3093	0	1	0	0
3094	1	0	0	0
3095	0	0	1	0
3096	0	0	0	1
3097	0	0	0	1
3098	1	0	0	0
3099	1	0	0	0
3100	0	1	0	0
3101	1	0	0	0
3102	0	0	1	0
3103	1	0	0	0
3104	0	0	1	0
3105	0	0	1	0
3106	0	1	0	0
3107	2	0	0	0
3108	0	0	2	0
3109	0	0	0	2
3110	0	0	2	0
3111	0	2	0	0
3112	2	0	0	0
3113	2	0	0	0
3114	2	0	0	0
3115	2	0	0	0
3116	2	0	0	0
3117	2	0	0	0
3118	0	0	0	2
3119	3	0	0	0
3120	0	0	3	0
3121	0	2	1	0
3122	0	1	0	0
3123	1	0	0	1
3124	0	0	0	2
3125	0	0	2	0
3126	0	0	2	0
3127	2	0	0	0
3128	1	0	1	0
3129	2	0	0	0
3130	0	0	2	0
3131	0	2	0	0
3132	2	0	0	0
3133	0	0	0	2
3134	2	0	0	0
3135	0	0	2	0
3136	0	0	0	2
3137	2	0	0	0
3138	1	0	0	0
3139	0	0	0	2
3140	2	0	0	0
3141	0	0	0	2
3142	0	0	2	0
3143	0	0	2	0
3144	0	0	2	0
3145	0	0	2	0
3146	2	0	0	0
3147	2	0	0	0
3148	2	0	0	0
3149	0	0	2	0
3150	2	0	0	0
3151	0	2	0	0
3152	0	0	0	2
3153	0	2	0	0
3154	0	2	0	0
3155	0	0	0	2
3156	2	0	0	0
3157	2	0	0	0
3158	1	0	1	0
3159	0	0	0	2
3160	0	0	0	2
3161	0	0	0	1
3162	2	0	0	0
3163	0	0	2	0
3164	2	0	0	0
3165	0	2	0	0
3166	0	0	0	2
3167	2	0	0	0
3168	0	2	0	0
3169	0	2	0	0
3170	0	2	0	0
3171	2	0	0	0
3172	0	0	0	2
3173	0	2	0	0
3174	0	2	0	0
3175	2	0	0	0
3176	2	0	0	0
3177	2	0	0	0
3178	2	0	0	0
3179	1	0	0	0
3180	0	0	1	0
3181	1	0	0	0
3182	1	0	0	0
3183	1	0	0	0
3184	0	1	0	0
3185	1	0	0	0
3186	0	0	0	1
3187	0	0	1	0
3188	0	0	1	0
3189	0	0	1	0
3190	2	0	0	0
3191	0	0	1	0
3192	1	0	0	0
3193	0	1	0	0
3194	1	0	0	0
3195	0	0	0	1
3196	0	0	1	0
3197	0	0	1	0
3198	0	0	0	1
3199	0	0	1	0
3200	0	0	1	0
3201	1	0	0	0
3202	0	1	0	0
3203	1	0	0	0
3204	0	0	1	0
3205	1	0	0	0
3206	0	1	0	0
3207	0	0	0	1
3208	1	0	0	0
3209	0	0	0	1
3210	0	0	0	1
3211	0	0	1	0
3212	0	0	1	0
3213	0	1	0	0
3214	2	0	0	0
3215	2	0	0	0
3216	0	0	2	0
3217	0	2	0	0
3218	0	2	0	0
3219	2	0	0	0
3220	0	2	0	0
3221	0	3	0	0
3222	0	0	0	3
3223	0	0	3	0
3224	0	0	3	0
3225	4	0	0	0
3226	0	0	0	4
3227	0	0	0	4
3228	0	4	0	0
3229	0	4	0	0
3230	0	0	0	4
3231	0	0	4	0
3232	4	0	0	0
3233	0	0	4	0
3234	0	0	0	4
3235	0	0	4	0
3236	0	0	4	0
3237	0	0	4	0
3238	4	0	0	0
3239	2	0	1	0
3240	0	0	0	4
3241	0	0	0	4
3242	0	0	0	4
3243	0	0	4	0
3244	0	0	0	4
3245	0	0	0	4
3246	4	0	0	0
3247	4	0	0	0
3248	0	0	0	4
3249	4	0	0	0
3250	0	4	0	0
3251	0	4	0	0
3252	0	4	0	0
3253	0	4	0	0
3254	0	0	0	4
3255	0	4	0	0
3256	0	4	0	0
3257	0	3	0	1
3258	0	4	0	0
3259	0	0	0	4
3260	4	0	0	0
3261	0	0	4	0
3262	0	0	0	4
3263	4	0	0	0
3264	4	0	0	0
3265	5	0	0	0
3266	5	0	0	0
3267	0	0	0	5
3268	0	0	0	5
3269	6	0	0	0
3270	0	0	0	6
3271	0	0	6	0
3272	0	0	6	0
3273	0	0	0	6
3274	6	0	0	0
3275	0	3	0	4
3276	0	7	0	0
3277	7	0	0	0
3278	2	0	5	0
3279	0	8	0	0
3280	0	0	0	8
3281	1	0	8	0
3282	0	0	10	0
3283	10	0	0	0
3284	2	0	8	0
3285	10	0	0	0
3286	9	0	0	0
3287	9	0	0	0
3288	0	0	9	0
3289	9	0	0	0
3290	7	2	0	0
3291	0	9	0	0
3292	0	9	0	0
3293	0	7	0	0
3294	8	0	0	0
3295	0	0	0	8
3296	5	0	2	0
3297	3	0	4	0
3298	0	5	0	2
3299	7	0	0	0
3300	0	0	8	0
3301	0	0	8	0
3302	8	0	0	0
3303	0	0	8	0
3304	0	6	0	2
3305	8	0	0	0
3306	0	0	8	0
3307	8	0	0	0
3308	8	0	0	0
3309	8	0	0	0
3310	0	8	0	0
3311	0	0	0	8
3312	0	0	0	8
3313	0	0	0	9
3314	0	9	0	0
3315	0	0	0	9
3316	9	0	0	0
3317	0	0	0	10
3318	0	0	10	0
3319	0	0	0	10
3320	10	0	0	0
3321	0	0	10	0
3322	10	0	0	0
3323	0	1	0	9
3324	0	0	10	0
3325	0	0	10	0
3326	10	0	0	0
3327	0	0	10	0
3328	0	10	0	0
3329	10	0	0	0
3330	0	0	9	0
3331	0	10	0	0
3332	1	0	1	8
3333	10	0	0	0
3334	10	0	0	0
3335	0	0	0	10
3336	10	0	0	0
3337	0	0	9	0
3338	0	0	9	0
3339	0	0	10	0
3340	9	0	0	0
3341	9	0	0	0
3342	9	0	0	0
3343	0	9	0	0
3344	0	0	0	8
3345	8	0	0	0
3346	7	0	0	0
3347	7	0	0	0
3348	2	1	0	3
3349	0	0	0	5
3350	6	0	0	0
3351	0	0	6	0
3352	0	0	7	0
3353	7	0	0	0
3354	7	0	0	0
3355	7	0	0	0
3356	7	0	0	0
3357	0	0	6	0
3358	0	7	0	0
3359	7	0	0	0
3360	0	0	7	0
3361	0	0	7	0
3362	3	0	4	0
3363	0	0	0	5
3364	5	0	0	0
3365	0	0	0	5
3366	2	0	2	0
3367	0	0	0	4
3368	0	0	0	4
3369	3	0	0	0
3370	0	4	0	0
3371	0	0	0	4
3372	0	0	3	0
3373	3	0	0	0
3374	0	2	0	0
3375	3	0	0	0
3376	2	0	1	0
3377	1	0	2	0
3378	0	0	4	0
3379	0	0	4	0
3380	5	0	0	0
3381	5	0	0	0
3382	0	0	5	0
3383	0	0	6	0
3384	0	6	0	0
3385	6	0	0	0
3386	0	0	6	0
3387	6	0	0	0
3388	5	0	0	0
3389	5	0	0	0
3390	1	0	4	0
3391	0	0	0	5
3392	0	0	0	5
3393	3	0	2	0
3394	0	0	0	6
3395	0	0	0	6
3396	2	0	0	4
3397	0	6	0	0
3398	0	0	0	6
3399	5	1	0	0
3400	0	0	0	6
3401	6	0	0	0
3402	6	0	0	0
3403	2	5	0	0
3404	0	0	0	7
3405	0	0	7	0
3406	7	0	0	0
3407	7	0	0	0
3408	7	0	0	0
3409	0	7	0	0
3410	7	0	0	0
3411	7	0	0	0
3412	0	7	0	0
3413	7	0	0	0
3414	7	0	0	0
3415	7	0	0	0
3416	0	1	0	6
3417	0	7	0	0
3418	7	0	0	0
3419	1	0	6	0
3420	7	0	0	0
3421	7	0	0	0
3422	0	0	7	0
3423	6	0	1	0
3424	0	7	0	0
3425	0	0	0	8
3426	0	0	8	0
3427	7	0	0	0
3428	2	0	5	0
3429	0	0	0	7
3430	0	0	0	7
3431	6	0	0	0
3432	0	2	5	0
3433	7	0	0	0
3434	7	0	0	0
3435	0	0	7	0
3436	0	7	0	0
3437	7	0	0	0
3438	6	0	0	0
3439	0	0	0	7
3440	0	0	0	7
3441	0	7	0	0
3442	7	0	0	0
3443	0	0	7	0
3444	0	6	0	1
3445	0	0	0	7
3446	7	0	0	0
3447	0	0	7	0
3448	0	7	0	0
3449	0	0	0	7
3450	0	5	0	2
3451	0	0	0	8
3452	0	0	7	0
3453	0	7	0	0
3454	7	0	0	0
3455	6	0	0	0
3456	0	0	6	0
3457	6	0	0	0
3458	0	0	0	6
3459	0	0	0	6
3460	0	6	0	0
3461	7	0	0	0
3462	0	0	8	0
3463	0	0	8	0
3464	8	0	0	0
3465	0	4	0	2
3466	0	4	0	2
3467	6	0	0	0
3468	0	0	6	0
3469	6	0	0	0
3470	6	0	0	0
3471	0	0	6	0
3472	0	0	0	6
3473	7	0	0	0
3474	7	0	0	0
3475	7	0	0	0
3476	0	5	0	2
3477	8	0	0	0
3478	0	0	0	8
3479	8	0	0	0
3480	0	0	7	0
3481	0	0	0	8
3482	8	0	0	0
3483	8	0	0	0
3484	0	8	0	0
3485	7	0	0	0
3486	0	0	7	0
3487	7	0	0	0
3488	0	7	0	0
3489	0	0	0	7
3490	0	8	0	0
3491	8	0	0	0
3492	0	8	0	0
3493	8	0	0	0
3494	1	0	7	0
3495	0	0	0	8
3496	8	0	0	0
3497	0	0	0	7
3498	0	0	7	0
3499	0	7	0	0
3500	7	0	0	0
3501	0	0	0	7
3502	0	0	0	7
3503	6	0	1	0
3504	0	0	7	0
3505	0	0	7	0
3506	7	0	0	0
3507	7	0	0	0
3508	0	0	0	7
3509	0	6	0	1
3510	7	0	0	0
3511	0	0	0	7
3512	0	2	0	5
3513	0	7	0	0
3514	7	0	0	0
3515	3	0	4	0
3516	0	0	7	0
3517	0	7	0	0
3518	6	1	0	0
3519	0	7	0	0
3520	7	0	0	0
3521	5	0	0	0
3522	0	5	0	0
3523	0	5	0	0
3524	4	0	0	0
3525	0	0	4	0
3526	4	0	0	0
3527	0	0	0	4
3528	4	0	0	0
3529	4	0	0	0
3530	0	0	4	0
3531	4	0	0	0
3532	0	0	4	0
3533	0	0	0	3
3534	0	0	3	0
3535	3	0	0	0
3536	3	0	0	0
3537	0	0	0	3
3538	0	3	0	0
3539	3	0	0	0
3540	0	0	3	0
3541	3	0	0	0
3542	0	0	3	0
3543	1	1	0	0
3544	0	0	0	3
3545	3	0	0	0
3546	0	0	3	0
3547	0	0	0	3
3548	0	2	0	0
3549	2	0	0	0
3550	2	0	0	0
3551	0	2	0	0
3552	0	2	0	0
3553	3	0	0	0
3554	3	0	0	0
3555	3	0	0	0
3556	0	0	0	3
3557	3	0	0	0
3558	3	0	0	0
3559	0	0	0	3
3560	3	0	0	0
3561	0	0	3	0
3562	3	0	0	0
3563	3	0	0	0
3564	0	3	0	0
3565	2	0	0	0
3566	1	0	1	0
3567	0	0	0	2
3568	0	0	0	2
3569	1	0	1	0
3570	2	0	0	0
3571	0	0	0	2
3572	2	0	0	0
3573	2	0	0	0
3574	1	0	1	0
3575	2	0	0	0
3576	2	0	0	0
3577	2	0	0	0
3578	0	0	2	0
3579	0	0	2	0
3580	2	0	0	0
3581	2	0	0	0
3582	2	0	0	0
3583	1	0	1	0
3584	1	0	1	0
3585	0	0	2	0
3586	0	0	0	2
3587	0	2	0	0
3588	0	0	0	2
3589	2	0	0	0
3590	0	2	0	0
3591	0	2	0	0
3592	0	0	0	2
3593	0	0	2	0
3594	0	0	0	2
3595	0	2	0	0
3596	2	0	0	0
3597	0	0	0	2
3598	0	0	2	0
3599	0	0	2	0
3600	0	0	2	0
3601	0	0	0	2
3602	2	0	0	0
3603	0	2	0	0
3604	0	2	0	0
3605	2	0	0	0
3606	0	0	2	0
3607	0	2	0	0
3608	2	0	0	0
3609	0	2	0	0
3610	2	0	0	0
3611	0	1	0	1
3612	2	0	0	0
3613	2	0	0	0
3614	2	0	0	0
3615	0	0	2	0
3616	0	0	2	0
3617	1	0	0	0
3618	1	0	0	0
3619	0	0	0	1
3620	0	0	0	1
3621	0	0	1	0
3622	0	0	1	0
3623	0	1	0	0
3624	0	0	1	0
3625	0	0	1	0
3626	1	0	0	0
3627	1	0	0	0
3651	1	0	0	0
3652	0	0	1	0
3653	0	0	0	1
3654	1	0	0	0
3655	0	0	1	0
3656	0	0	0	1
3657	0	0	1	0
3658	0	0	1	0
3659	1	0	0	0
3660	1	0	0	0
3661	0	0	0	1
3662	0	1	0	1
3663	2	0	0	0
3664	0	0	2	0
3665	1	0	1	0
3666	2	0	0	0
3667	2	0	0	0
3668	2	0	0	0
3669	0	0	2	0
3670	0	0	0	2
3671	0	0	2	0
3672	0	1	0	0
3673	0	0	0	2
3674	0	0	3	0
3675	0	0	0	3
3676	0	0	0	3
3677	0	0	0	3
3678	0	3	0	0
3679	0	0	0	3
3680	1	0	2	0
3681	0	0	4	0
3682	4	0	0	0
3683	0	0	0	4
3684	0	0	4	0
3685	0	0	4	0
3686	3	0	0	1
3687	4	0	0	0
3688	0	0	0	4
3689	4	0	0	0
3690	0	0	4	0
3691	4	0	0	0
3692	0	0	1	3
3693	4	0	0	0
3694	4	0	0	0
3695	0	0	4	0
3696	0	0	3	0
3697	0	4	0	0
3698	0	0	0	4
3699	0	4	0	0
3700	4	0	0	0
3701	4	0	0	0
3702	0	0	4	0
3703	4	0	0	0
3704	2	0	1	1
3705	0	0	4	0
3706	4	0	0	0
3707	0	0	1	3
3708	0	4	0	0
3709	4	0	0	0
3710	0	0	0	5
3711	0	0	5	0
3712	5	0	0	0
3713	5	0	0	0
3714	5	0	0	0
3715	5	0	0	0
3716	2	0	3	0
3717	0	0	0	5
3718	5	0	0	0
3719	0	0	0	5
3720	0	5	0	0
3721	4	0	0	0
3722	0	4	0	0
3723	4	0	0	0
3724	0	0	2	0
3725	0	3	0	0
3726	3	0	0	0
3727	3	0	0	0
3728	0	0	0	3
3729	0	0	0	3
3730	0	0	3	0
3731	0	0	3	0
3732	3	0	0	0
3733	0	0	3	0
3734	3	0	0	0
3735	0	0	3	0
3736	0	3	0	0
3737	3	0	0	0
3738	2	0	0	0
3739	0	0	0	3
3740	0	0	3	0
3741	0	0	3	0
3742	0	3	0	0
3743	0	0	0	3
3744	3	0	0	0
3745	0	0	3	0
3746	0	0	0	3
3747	0	0	3	0
3748	3	0	0	0
3749	3	0	0	0
3750	0	0	0	3
3751	0	0	0	2
3752	0	0	0	3
3753	2	0	0	0
3754	2	0	0	0
3755	0	0	0	2
3756	0	2	0	0
3757	0	0	0	2
3758	0	0	2	0
3759	0	2	0	0
3760	0	2	0	0
3761	2	0	0	0
3762	0	2	0	0
3763	0	2	0	0
3764	0	1	0	1
3765	2	0	0	0
3766	0	0	0	1
3767	2	0	0	0
3768	0	0	2	0
3769	0	0	0	2
3770	2	0	0	0
3771	0	0	2	0
3772	0	1	0	0
3773	1	1	0	0
3774	2	0	0	0
3775	2	0	0	0
3776	1	0	1	0
3777	0	0	2	0
3778	2	0	0	0
3779	2	0	0	0
3780	2	0	0	0
3781	0	0	0	2
3782	2	0	0	0
3783	0	0	0	0
3784	0	0	0	1
3785	1	0	0	0
3786	0	0	1	0
3787	0	1	0	0
3788	0	0	0	1
3789	1	0	0	0
3790	0	0	1	0
3791	0	1	0	0
3792	0	0	0	1
3793	0	0	1	0
3794	0	0	0	1
3795	0	0	1	0
3796	1	0	0	0
3803	0	0	0	1
3804	0	1	0	0
3805	1	0	0	0
3806	0	0	1	0
3807	0	1	0	0
3808	0	0	0	1
3809	1	0	0	0
3810	1	0	0	0
3811	1	0	0	0
3812	1	0	0	0
3813	0	0	1	0
3814	0	0	1	0
3815	0	0	1	0
3816	0	0	1	0
3817	1	0	0	0
3818	2	0	0	0
3819	0	0	2	0
3820	0	2	0	0
3821	0	2	0	0
3822	2	0	0	0
3823	0	0	0	2
3824	2	0	0	0
3825	0	2	0	0
3826	2	0	0	0
3827	0	0	0	2
3828	0	0	2	0
3829	0	0	2	0
3830	2	0	0	0
3831	0	2	0	0
3832	2	0	0	0
3833	1	0	1	0
3834	0	0	2	0
3835	0	0	0	2
3836	2	0	0	0
3837	0	0	2	0
3838	2	0	0	0
3839	0	2	0	0
3840	0	0	0	2
3841	0	0	2	0
3842	0	0	0	2
3843	2	0	0	0
3844	0	0	2	0
3845	0	0	0	2
3846	0	2	0	0
3847	0	2	0	0
3848	2	0	0	0
3849	0	0	2	0
3850	0	0	2	0
3851	1	0	1	0
3852	2	0	0	0
3853	0	0	0	2
3854	2	0	0	0
3855	0	0	0	2
3856	0	0	2	0
3857	0	0	2	0
3858	0	2	0	0
3859	2	0	0	0
3860	2	0	0	0
3861	0	0	0	2
3862	0	0	0	2
3863	2	0	0	0
3864	0	0	2	0
3865	2	0	0	0
3866	0	0	0	2
3867	0	0	0	2
3868	0	0	2	0
3869	0	0	0	2
3870	2	0	0	0
3871	0	2	0	0
3872	2	0	0	0
3873	0	2	0	0
3874	2	0	0	0
3875	0	0	0	2
3876	0	0	0	1
3877	0	0	0	1
3878	1	0	0	0
3879	0	0	1	0
3880	1	0	0	0
3881	1	0	0	0
3882	0	0	1	0
3883	0	0	1	0
3884	1	0	0	0
3885	0	0	0	0
3886	1	0	0	0
3887	1	0	0	0
3888	1	0	0	0
3889	0	0	0	1
3890	0	1	0	0
3910	0	0	0	1
3911	1	0	0	0
3912	0	0	1	0
3913	0	1	0	0
3914	0	1	0	0
3915	1	0	0	0
3916	0	0	1	0
3917	0	0	0	1
3918	0	0	1	0
3919	0	0	1	0
3920	0	1	0	0
3921	0	0	0	1
3922	1	0	0	0
3923	0	1	0	0
3924	1	0	0	0
3925	0	0	0	0
3926	1	0	0	0
3927	0	0	1	0
3928	1	0	0	0
3929	1	0	0	0
3930	0	0	1	0
3931	0	1	0	0
3932	1	0	0	0
3933	0	0	1	0
3934	1	0	0	0
3935	0	0	1	0
3936	0	0	1	0
3937	0	0	0	1
3938	0	0	0	1
3939	1	0	0	0
3940	0	0	0	1
3941	0	1	0	0
3942	0	1	0	0
3943	0	1	0	0
3944	1	0	0	0
3945	0	0	1	0
3946	0	1	0	0
3947	1	0	0	0
3948	0	0	1	0
3949	1	0	0	0
3950	1	0	0	0
3951	1	0	0	0
3952	0	1	0	0
3953	1	0	0	0
3954	0	0	1	0
3955	0	0	1	0
3956	1	0	0	0
3957	0	1	0	0
3958	1	0	0	0
3959	1	0	0	0
3960	0	0	1	0
3961	1	0	0	0
3962	1	0	0	0
3963	1	0	0	0
3964	0	1	0	0
3965	1	0	0	0
3966	0	0	1	0
3967	0	1	0	0
3968	0	1	0	0
3969	0	0	0	1
3970	1	0	0	0
3971	0	1	0	0
3972	0	0	0	1
3973	1	0	0	0
3974	0	0	0	1
3975	1	0	0	0
3976	0	0	0	1
3977	1	0	0	0
3978	0	1	0	0
3979	1	0	0	0
3980	1	0	0	0
3981	0	0	0	0
3982	1	0	0	0
4074	0	0	1	0
4075	0	0	1	0
4076	0	0	0	1
4077	2	0	0	0
4078	0	0	0	2
4079	0	2	0	0
4080	1	1	0	0
4081	2	0	0	0
4082	2	0	0	0
4083	0	2	0	0
4084	2	0	0	0
4085	0	0	3	0
4086	0	0	3	0
4087	3	0	0	0
4088	3	0	0	0
4089	0	0	0	3
4090	0	0	0	3
4091	0	1	0	3
4092	0	0	4	0
4093	0	0	4	0
4094	3	0	1	0
4095	5	0	0	0
4096	0	0	0	4
4097	0	0	0	5
4098	0	5	0	0
4099	0	5	0	0
4100	0	5	0	0
4101	0	0	0	5
4102	5	0	0	0
4103	0	5	0	0
4104	5	0	0	0
4105	5	0	0	0
4106	0	0	0	5
4107	0	5	0	0
4108	0	5	0	0
4109	0	5	0	0
4110	0	5	0	0
4111	5	0	0	0
4112	5	0	0	0
4113	5	0	0	0
4114	0	0	5	0
4115	0	0	0	5
4116	0	5	0	0
4117	5	0	0	0
4118	0	0	5	0
4119	0	0	5	0
4120	0	0	5	0
4121	5	0	0	0
4122	0	0	5	0
4123	0	0	0	5
4124	5	0	0	0
4125	0	0	5	0
4126	0	0	0	5
4127	5	0	0	0
4128	0	0	5	0
4129	5	0	0	0
4130	5	0	0	0
4131	0	0	0	5
4132	0	5	0	0
4133	0	5	0	0
4134	5	0	0	0
4135	0	0	0	5
4136	0	0	5	0
4137	5	0	0	0
4138	5	0	0	0
4139	0	0	0	5
4140	5	0	0	0
4141	5	0	0	0
4142	5	0	0	0
4143	0	0	5	0
4144	5	0	0	0
4145	5	0	0	0
4146	0	0	0	5
4147	0	0	0	5
4148	5	0	0	0
4149	4	0	0	0
4150	4	0	0	0
4151	0	0	4	0
4152	4	0	0	0
4153	4	0	0	0
4154	4	0	0	0
4155	4	0	0	0
4156	0	0	0	4
4157	0	4	0	0
4158	4	0	0	0
4159	0	0	0	4
4160	4	0	0	0
4161	0	0	3	0
4162	0	0	3	0
4163	0	0	2	0
4164	0	2	0	0
4165	2	0	0	0
4166	0	0	2	0
4167	0	0	1	0
4168	0	0	0	1
4169	1	0	0	0
4187	0	1	0	0
4188	0	1	0	0
4189	0	0	0	1
4190	0	0	0	1
4191	1	0	0	0
4192	1	0	0	0
4193	0	0	1	0
4194	1	0	0	0
4195	0	1	0	0
4196	1	0	0	0
4197	0	0	1	0
4198	0	1	0	0
4199	1	0	0	0
4200	0	0	1	0
4201	0	0	0	1
4202	1	0	0	0
4203	0	1	0	0
4204	1	0	0	0
4205	1	0	0	0
4206	1	0	0	0
4207	0	0	0	1
4208	0	0	1	0
4209	0	0	1	0
4210	0	1	0	0
4211	1	0	0	0
4212	0	0	1	0
4213	0	0	0	1
4214	1	0	0	0
4215	0	0	0	1
4216	0	0	0	1
4217	0	1	0	0
4218	1	0	0	0
4219	0	0	0	1
4220	0	0	0	1
4221	0	1	0	0
4222	1	0	0	0
4223	0	1	0	0
4224	1	0	0	0
4225	1	0	0	0
4226	0	0	0	1
4227	0	0	0	1
4228	0	0	0	1
4229	0	0	0	1
4230	1	0	0	0
4231	1	0	0	0
4232	1	0	0	0
4233	1	0	0	0
4234	0	0	1	0
4235	1	0	0	0
4236	1	0	0	0
4237	1	0	0	0
4238	1	0	0	0
4239	0	0	1	0
4240	0	0	1	0
4241	0	0	1	0
4242	0	0	1	0
4243	0	0	1	0
4244	0	0	1	0
4245	1	0	0	0
4246	0	0	0	1
4247	0	0	0	1
4248	0	0	1	0
4249	0	0	1	0
4250	0	0	1	0
4251	0	0	1	0
4252	0	0	1	0
4253	0	0	1	0
4254	0	0	0	1
4255	1	0	0	0
4256	0	1	0	0
4257	1	0	0	0
4258	0	0	1	0
4259	0	0	0	1
4260	0	0	1	0
4261	0	1	0	0
4277	1	0	0	0
4278	0	0	1	0
4279	1	0	0	0
4280	0	1	0	0
4281	1	0	0	0
4282	0	0	0	1
4283	1	0	0	0
4284	1	0	0	0
4285	0	0	0	1
4286	1	0	0	0
4287	0	0	1	0
4288	0	1	0	0
4289	1	0	0	0
4290	1	0	0	0
4291	0	1	0	0
4292	1	0	0	0
4293	0	0	1	0
4294	1	0	0	0
4295	0	1	0	0
4296	1	0	0	0
4297	0	0	0	1
4298	1	0	0	0
4299	0	1	0	0
4300	1	0	0	0
4301	1	0	0	0
4302	1	0	0	0
4303	0	1	0	0
4304	0	0	0	1
4305	1	0	0	0
4306	1	0	0	0
4307	1	0	0	0
4308	0	0	1	0
4309	1	0	0	0
4310	1	0	0	0
4311	0	0	0	1
4312	0	0	0	1
4313	1	0	0	0
4314	0	1	0	0
4315	1	0	0	0
4316	1	0	0	0
4317	1	0	0	0
4318	1	0	0	0
4319	1	0	0	0
4320	0	1	0	0
4321	1	0	0	0
4322	1	0	0	0
4323	1	0	0	0
4324	0	0	0	1
4325	0	0	0	1
4326	1	0	0	0
4327	0	0	0	1
4328	1	0	0	0
4329	1	0	0	0
4330	1	0	0	0
4331	1	0	0	0
4332	1	0	0	0
4333	0	0	0	1
4334	0	0	0	1
4335	0	1	0	0
4336	1	0	0	0
4337	1	0	0	0
4338	1	0	0	0
4339	1	0	0	0
4340	0	0	0	1
4341	0	0	0	1
4342	0	0	0	1
4343	0	0	0	1
4344	0	1	0	0
4345	0	0	1	0
4346	0	0	1	0
4347	0	0	1	0
4348	0	0	0	1
4352	0	0	0	1
4353	0	0	0	1
4354	1	0	0	0
4355	0	1	0	0
4356	2	0	0	0
4357	0	0	2	0
4358	2	0	0	0
4359	0	0	2	0
4360	2	0	0	0
4361	0	2	0	0
4362	2	0	0	0
4363	0	0	2	0
4364	0	2	0	0
4365	2	0	0	0
4366	0	0	2	0
4367	2	0	0	0
4368	0	0	2	0
4369	3	0	0	0
4370	0	3	0	0
4371	0	3	0	0
4372	0	3	0	0
4373	0	1	0	2
4374	4	0	0	0
4375	0	0	0	4
4376	0	0	0	4
4377	0	0	0	4
4378	0	0	4	0
4379	0	0	4	0
4380	4	0	0	0
4381	4	0	0	0
4382	4	0	0	0
4383	0	0	4	0
4384	0	0	4	0
4385	4	0	0	0
4386	0	4	0	0
4387	0	4	0	0
4388	4	0	0	0
4389	0	0	4	0
4390	0	4	0	0
4391	0	4	0	0
4392	4	0	0	0
4393	4	0	0	0
4394	3	0	1	0
4395	0	4	0	0
4396	0	0	0	4
4397	4	0	0	0
4398	0	4	0	0
4399	0	0	0	4
4400	0	4	0	0
4401	0	0	0	4
4402	0	0	4	0
4403	0	0	4	0
4404	4	0	0	0
4405	4	0	0	0
4406	4	0	0	0
4407	0	0	5	0
4408	0	0	5	0
4409	0	0	0	5
4410	0	0	5	0
4411	5	0	0	0
4412	5	0	0	0
4413	0	0	5	0
4414	0	0	6	0
4415	0	0	6	0
4416	0	0	8	0
4417	0	8	0	0
4418	8	0	0	0
4419	0	0	8	0
4420	0	0	0	8
4421	8	0	0	0
4422	0	0	8	0
4423	0	0	0	8
4424	7	0	0	0
4425	7	0	0	0
4426	0	0	0	7
4427	7	0	0	0
4428	0	7	0	0
4429	7	0	0	0
4430	7	0	0	0
4431	0	0	7	0
4432	8	0	0	0
4433	0	0	0	8
4434	8	0	0	0
4435	8	0	0	0
4436	0	7	0	0
4437	7	0	0	0
4438	0	0	7	0
4439	0	0	0	6
4440	0	0	6	0
4441	7	0	0	0
4442	0	7	0	0
4443	7	0	0	0
4444	0	0	0	7
4445	7	0	0	0
4446	7	0	0	0
4447	7	0	0	0
4448	0	0	7	0
4449	0	0	8	0
4450	0	0	0	8
4451	4	0	3	0
4452	0	0	7	0
4453	0	0	0	7
4454	7	0	0	0
4455	0	7	0	0
4456	0	7	0	0
4457	7	0	0	0
4458	7	0	0	0
4459	0	0	6	0
4460	0	0	6	0
4461	6	0	0	0
4462	0	0	6	0
4463	0	0	6	0
4464	6	0	0	0
4465	6	0	0	0
4466	4	0	2	0
4467	0	0	6	0
4468	0	4	0	2
4469	6	0	0	0
4470	6	0	0	0
4471	6	0	0	0
4472	6	0	0	0
4473	6	0	0	0
4474	0	0	0	6
4475	0	6	0	0
4476	6	0	0	0
4477	0	0	0	6
4478	0	0	0	6
4479	6	0	0	0
4480	2	0	4	0
4481	0	0	5	0
4482	0	0	6	0
4483	6	0	0	0
4484	0	6	0	0
4485	0	0	0	6
4486	6	0	0	0
4487	0	0	0	6
4488	0	0	4	0
4489	0	0	5	0
4490	6	0	0	0
4491	6	0	0	0
4492	6	0	0	0
4493	5	0	0	0
4494	0	6	0	0
4495	6	0	0	0
4496	0	0	5	0
4497	6	0	0	0
4498	0	0	0	6
4499	0	0	5	0
4500	0	0	6	0
4501	0	6	0	0
4502	6	0	0	0
4503	0	0	6	0
4504	0	0	6	0
4505	0	0	0	6
4506	0	0	6	0
4507	3	3	0	0
4508	0	0	0	6
4509	0	0	6	0
4510	4	0	2	0
4511	0	0	0	6
4512	0	0	0	6
4513	0	0	6	0
4514	0	0	0	6
4515	0	0	6	0
4516	0	0	0	6
4517	0	0	6	0
4518	1	0	5	0
4519	0	6	0	0
4520	6	0	0	0
4521	0	0	6	0
4522	1	0	3	0
4523	0	0	0	4
4524	3	0	0	0
4525	0	0	3	0
4526	3	0	0	0
4527	0	3	0	0
4528	3	0	0	0
4529	0	0	3	0
4530	1	0	2	0
4531	3	0	0	0
4532	0	0	0	3
4533	0	0	3	0
4534	3	0	0	0
4535	0	0	2	0
4536	0	0	2	0
4537	2	0	0	0
4538	0	0	0	2
4539	0	1	0	1
4540	2	0	0	0
4541	0	0	3	0
4542	3	0	0	0
4543	3	0	0	0
4544	0	3	0	0
4545	3	0	0	0
4546	0	0	0	3
4547	0	0	3	0
4548	0	0	3	0
4549	3	0	0	0
4550	3	0	0	0
4551	0	0	0	3
4552	3	0	0	0
4553	0	0	3	0
4554	0	0	0	3
4555	0	0	0	3
4556	0	0	0	3
4557	2	0	1	0
4558	0	0	3	0
4559	0	0	0	3
4560	3	0	0	0
4561	3	0	0	0
4562	3	0	0	0
4563	1	0	2	0
4564	0	3	0	0
4565	2	0	0	1
4566	0	3	0	0
4567	0	3	0	0
4568	3	0	0	0
4569	0	0	0	2
4570	2	0	0	0
4571	0	0	0	2
4572	0	0	2	0
4573	0	0	0	2
4574	2	0	0	0
4575	0	0	0	2
4576	0	0	2	0
4577	0	0	1	1
4578	0	0	1	1
4579	0	0	0	2
4580	0	2	0	0
4581	2	0	0	0
4582	2	0	0	0
4583	0	0	2	0
4584	2	0	0	0
4585	2	0	0	0
4586	1	0	1	0
4587	2	0	0	0
4588	0	0	2	0
4589	0	2	0	0
4590	0	1	0	1
4591	2	0	0	0
4592	1	0	1	0
4593	1	0	0	1
4594	0	0	2	0
4595	0	0	2	0
4596	2	0	0	0
4597	0	0	0	2
4598	0	0	2	0
4599	0	0	2	0
4600	0	0	0	2
4601	0	0	0	2
4602	0	0	0	2
4603	0	0	0	2
4604	3	0	0	0
4605	0	3	0	0
4606	3	0	0	0
4607	0	0	3	0
4608	3	0	0	0
4609	0	3	0	0
4610	3	0	0	0
4611	0	0	0	3
4612	0	3	0	0
4613	2	0	0	0
4614	0	0	0	2
4615	0	0	0	2
4616	1	0	0	1
4617	0	0	0	2
4618	0	0	2	0
4619	2	0	0	0
4620	2	0	0	0
4621	2	0	0	0
4622	0	0	2	0
4623	0	2	0	0
4624	1	0	0	0
4625	0	0	1	0
4626	1	0	0	0
4627	0	1	0	0
4628	1	0	0	0
4629	0	0	0	1
4630	0	1	0	0
4631	0	1	0	0
4632	1	0	0	0
4633	1	0	0	0
4634	1	0	0	0
4635	1	0	0	0
4636	0	0	1	0
4637	0	0	0	1
4638	1	0	0	0
4639	1	0	0	0
4640	0	0	1	0
4641	0	0	0	1
4642	0	0	0	1
4643	0	1	0	0
4644	1	0	0	0
4645	0	0	1	0
4646	1	0	0	0
4647	1	0	0	0
4648	0	0	1	0
4649	0	0	0	1
4650	1	0	0	0
4651	0	1	0	0
4652	1	0	0	0
4653	0	1	0	0
4654	1	0	0	0
4655	0	0	0	1
4656	1	0	0	0
4657	0	1	0	0
4658	0	1	0	0
4659	1	0	0	0
4660	0	0	0	1
4661	0	0	0	1
4662	1	0	0	0
4663	0	0	1	0
4664	0	0	1	0
4665	0	0	1	0
4666	0	0	1	0
4667	1	0	0	0
4668	0	0	0	1
4669	0	0	1	0
4670	0	1	0	0
4671	0	0	0	1
4672	1	0	0	0
4673	0	0	1	0
4674	1	0	0	0
4675	0	0	0	1
4699	0	0	0	1
4700	0	0	0	2
4701	0	0	2	0
4702	0	2	0	0
4703	2	0	0	0
4704	2	0	0	0
4705	2	0	0	0
4706	0	2	0	0
4707	2	0	0	0
4708	0	0	2	0
4709	0	0	2	0
4710	2	0	0	0
4711	0	0	2	0
4712	2	0	0	0
4713	2	0	0	0
4714	2	0	0	0
4715	1	0	1	0
4716	1	0	1	0
4717	0	0	2	0
4718	2	0	0	0
4719	0	0	0	2
4720	0	0	0	2
4721	0	0	2	0
4722	0	0	2	0
4723	0	2	0	0
4724	2	0	0	0
4725	0	0	0	2
4726	0	0	0	2
4727	0	0	0	2
4728	0	0	2	0
4729	0	0	2	0
4730	0	0	2	0
4731	0	0	0	2
4732	0	2	0	0
4733	2	0	0	0
4734	0	0	0	2
4735	0	0	2	0
4736	0	0	2	0
4737	2	0	0	0
4738	0	0	1	1
4739	0	0	1	1
4740	0	2	0	0
4741	0	0	0	2
4742	0	2	0	0
4743	0	2	0	0
4744	2	0	0	0
4745	0	0	0	2
4746	2	0	0	0
4747	0	0	2	0
4748	2	0	0	0
4749	2	0	0	0
4750	0	0	0	2
4751	0	0	2	0
4752	0	0	2	0
4753	2	0	0	0
4754	0	0	2	0
4755	1	0	1	0
4756	0	0	0	2
4757	0	0	0	2
4758	0	0	2	0
4759	2	0	0	0
4760	0	0	2	0
4761	1	0	1	0
4762	1	0	1	0
4763	0	0	2	0
4764	2	0	0	0
4765	0	0	0	2
4766	2	0	0	0
4767	0	1	0	1
4768	2	0	0	0
4769	0	0	2	0
4770	0	2	0	0
4771	2	0	0	0
4772	0	1	0	0
4815	0	0	0	1
4816	0	0	0	1
4817	1	0	0	0
4818	0	0	0	1
4819	0	0	0	1
4820	0	0	0	1
4821	0	0	0	1
4822	0	0	1	0
4823	1	0	0	0
4824	0	0	0	1
4825	0	0	0	1
4826	0	0	1	0
4827	0	0	0	1
4828	0	0	0	1
4829	0	0	0	1
4830	0	0	0	1
4831	0	0	1	0
4832	0	1	0	0
4833	1	0	0	0
4834	0	0	1	0
4835	1	0	0	0
4836	0	1	0	0
4837	0	0	0	1
4838	0	1	0	0
4839	0	0	0	1
4840	0	0	1	0
4841	0	1	0	0
4842	0	1	0	0
4843	1	0	0	0
4844	0	0	0	1
4845	1	0	0	0
4846	1	0	0	0
4847	0	0	0	0
4848	1	0	0	0
4849	0	1	0	0
4850	0	0	0	0
4851	1	0	0	0
4852	0	0	0	0
4853	0	2	0	0
4854	0	1	0	0
4855	2	0	0	0
4856	0	0	0	2
4857	2	0	0	0
4858	0	0	0	2
4859	0	0	0	2
4860	2	0	0	0
4861	0	0	2	0
4862	0	0	2	0
4863	1	0	0	0
4864	0	1	1	0
4865	2	0	0	0
4866	1	1	0	0
4867	2	0	0	0
4868	0	0	0	2
4869	2	0	0	0
4870	0	0	2	0
4871	0	0	0	2
4872	0	0	0	2
4873	2	0	0	0
4874	0	0	1	1
4875	0	1	0	1
4876	1	0	0	1
4877	0	2	0	0
4878	0	0	0	2
4879	2	0	0	0
4880	0	0	2	0
4881	0	0	1	1
4882	0	0	0	2
4883	0	0	2	0
4884	0	1	0	1
4885	0	0	2	0
4886	2	0	0	0
4887	0	1	1	0
4888	0	0	0	2
4889	2	0	0	0
4890	0	0	0	2
4891	0	2	0	0
4892	1	0	1	0
4893	2	0	0	0
4894	0	0	2	0
4895	0	2	0	0
4896	2	0	0	0
4897	0	0	2	0
4898	0	0	2	0
4899	2	0	0	0
4900	0	2	0	0
4901	1	0	0	0
4902	0	0	0	1
4903	1	0	0	0
4904	1	0	0	0
4905	0	1	0	0
4906	1	0	0	0
4907	1	0	0	0
4908	0	0	1	0
4909	0	0	1	0
4910	0	0	0	1
4911	0	0	0	0
4912	0	0	1	0
4913	0	0	1	0
4914	1	0	0	0
4915	0	0	0	1
4916	0	1	0	0
4917	0	0	0	1
4918	0	1	0	0
4919	0	0	0	1
4920	1	0	0	0
4921	0	1	0	0
4922	1	0	0	0
4923	1	0	0	0
4924	0	0	0	1
4927	0	0	0	1
4928	0	0	0	1
4929	0	0	1	0
4930	0	0	1	0
4931	0	1	0	0
4932	1	0	0	0
4933	0	0	0	1
4934	0	0	0	1
4935	0	0	1	0
4936	1	0	0	0
4937	0	1	0	0
4938	1	0	0	0
4939	0	0	1	0
4940	0	1	0	0
4941	1	0	0	0
4942	0	0	0	1
4943	0	0	0	1
4944	0	0	1	0
4945	1	0	0	0
4946	0	0	0	2
4947	2	0	0	0
4948	2	0	0	0
4949	1	1	0	0
4950	2	0	0	0
4951	0	2	0	0
4952	0	2	0	0
4953	2	0	0	0
4954	2	0	0	0
4955	2	0	0	0
4956	1	0	1	0
4957	2	0	0	0
4958	2	0	0	0
4959	0	0	2	0
4960	2	0	0	0
4961	0	0	2	0
4962	2	0	0	0
4963	2	0	0	0
4964	2	0	0	0
4965	0	0	2	0
4966	0	2	0	0
4967	0	2	0	0
4968	2	0	0	0
4969	0	2	0	0
4970	0	2	0	0
4971	0	1	0	2
4972	0	3	0	0
4973	0	0	0	3
4974	0	0	3	0
4975	0	3	0	0
4976	0	3	0	0
4977	0	0	0	3
4978	3	0	0	0
4979	0	0	3	0
4980	0	0	0	3
4981	0	0	4	0
4982	0	0	0	4
4983	0	0	0	4
4984	4	0	0	0
4985	0	0	4	0
4986	2	0	2	0
4987	4	0	0	0
4988	4	0	0	0
4989	4	0	0	0
4990	0	0	0	4
4991	0	0	0	4
4992	4	0	0	0
4993	0	0	4	0
4994	0	0	0	4
4995	4	0	0	0
4996	0	0	4	0
4997	4	0	0	0
4998	0	0	4	0
4999	0	0	4	0
5000	4	0	0	0
5001	0	0	0	4
5002	3	0	0	0
5003	1	0	2	0
5004	3	0	0	0
5005	0	0	0	3
5006	0	0	3	0
5007	0	0	3	0
5008	3	0	0	0
5009	3	0	0	0
5010	0	3	0	0
5011	3	0	0	0
5012	3	0	0	0
5013	0	3	0	0
5014	0	3	0	0
5015	0	3	0	0
5016	0	3	0	0
5017	0	3	0	0
5018	3	0	0	0
5019	0	0	3	0
5020	3	0	0	0
5021	2	0	0	0
5022	0	0	2	0
5023	2	0	0	0
5024	0	1	0	1
5025	0	2	0	0
5026	2	0	0	0
5027	0	0	2	0
5028	0	0	2	0
5029	0	0	2	0
5030	1	0	1	0
5031	0	2	0	0
5032	0	2	0	0
5033	0	0	2	0
5034	0	2	0	0
5035	2	0	0	0
5036	0	0	2	0
5037	2	0	0	0
5038	0	0	2	0
5039	0	0	2	0
5040	0	0	2	0
5041	3	0	0	0
5042	3	0	0	0
5043	0	2	0	0
5044	0	2	0	0
5045	2	0	0	0
5046	0	0	0	2
5047	2	0	0	0
5048	0	2	0	0
5049	2	0	0	0
5050	2	0	0	0
5051	0	0	0	2
5052	0	0	2	0
5053	2	0	0	0
5054	2	0	0	0
5055	0	0	0	2
5056	0	0	2	0
5057	0	0	2	0
5058	2	0	0	0
5059	0	2	0	0
5060	2	0	0	0
5061	0	2	0	0
5062	0	0	0	2
5063	2	0	0	0
5064	0	0	1	0
5065	2	0	0	0
5066	0	0	2	0
5067	0	2	0	0
5068	0	0	0	2
5069	0	0	0	2
5070	0	0	0	2
5071	0	0	0	2
5072	2	0	0	0
5073	0	0	2	0
5074	2	0	0	0
5075	2	0	0	0
5076	0	0	2	0
5077	2	0	0	0
5078	2	0	0	0
5079	0	2	0	0
5080	0	0	0	2
5081	0	0	0	2
5082	2	0	0	0
5083	2	0	0	0
5084	0	0	2	0
5085	0	2	0	0
5086	2	0	0	0
5087	0	0	2	0
5088	0	0	2	0
5089	2	0	0	0
5090	1	0	0	0
5091	0	0	1	0
5092	0	1	0	0
5093	0	0	0	1
5094	0	0	1	0
5095	0	0	0	1
5096	0	0	0	1
5097	1	0	0	0
5098	0	0	1	0
5099	1	0	0	0
5100	0	1	0	0
5101	1	0	0	0
5102	0	1	0	0
5103	0	0	0	1
5104	0	0	0	1
5105	0	1	0	0
5106	0	1	0	0
5107	0	1	0	0
5108	0	0	1	0
5109	1	0	0	0
5110	0	0	1	0
5111	1	0	0	0
5112	0	1	0	0
5113	0	1	0	0
5114	1	0	0	0
5115	0	0	0	1
5116	0	0	1	0
5117	0	0	1	0
5118	0	1	0	0
5119	0	0	0	1
5120	0	0	0	1
5121	0	1	0	0
5122	1	0	0	0
5123	0	0	0	1
5124	0	0	1	0
5125	0	0	1	0
5126	1	0	0	0
5127	0	0	0	1
5128	0	0	0	1
5129	1	0	0	0
5130	0	0	1	0
5131	0	0	1	0
5132	1	0	0	0
5133	0	1	0	0
5134	1	0	0	0
5135	0	0	0	0
5136	0	0	0	1
5137	1	0	0	0
5138	0	0	0	1
5139	1	0	0	0
5140	0	0	0	1
5141	0	1	0	0
5142	0	0	0	1
5143	1	0	0	0
5144	0	0	0	1
5145	0	0	1	0
5146	1	0	0	0
5147	1	0	0	0
5148	1	0	0	0
5149	0	1	0	0
5150	0	1	0	0
5151	0	0	0	1
5152	1	0	0	0
5153	0	0	0	1
5154	0	0	1	0
5155	0	0	1	0
5156	0	0	1	0
5157	0	0	1	0
5158	1	0	0	0
5159	0	0	0	1
5160	1	0	0	0
5161	0	1	0	0
5162	0	0	0	1
5163	0	0	0	1
5164	0	0	1	0
5165	0	0	1	0
5166	1	0	0	0
5167	0	1	0	0
5168	2	0	0	0
5169	0	0	2	0
5170	0	0	2	0
5171	1	0	0	0
5172	0	0	1	0
5173	0	0	0	1
5174	0	0	0	1
5175	0	0	1	0
5176	1	0	0	0
5177	0	0	1	0
5178	1	0	0	0
5179	0	1	0	0
5180	0	0	0	1
5181	1	0	0	0
5182	0	0	0	1
5183	1	0	0	0
5184	1	0	0	0
5185	0	0	0	1
5186	1	0	0	0
5187	1	0	0	0
5188	0	0	1	0
5189	1	0	0	0
5190	1	0	0	0
5191	0	0	0	1
5192	1	0	0	0
5193	0	1	0	0
5194	0	0	0	1
5195	0	0	1	0
5196	0	1	0	0
5197	1	0	0	0
5198	1	0	0	0
5199	0	1	0	0
5200	1	0	0	0
5201	1	0	0	0
5202	0	1	0	0
5203	0	0	0	1
5204	1	0	0	0
5205	0	1	0	0
5206	0	0	0	1
5207	0	0	1	0
5208	0	0	0	1
5209	0	0	0	1
5210	0	0	0	1
5211	1	0	0	0
5212	0	0	0	1
5213	0	0	0	1
5214	0	2	0	0
5215	2	0	0	0
5216	0	0	0	2
5217	0	0	0	2
5218	0	0	0	2
5219	0	2	0	0
5220	2	0	0	0
5221	0	0	2	0
5222	2	0	0	0
5223	2	0	0	0
5224	0	0	0	2
5225	0	0	0	2
5226	0	0	2	0
5227	0	0	2	0
5228	0	0	2	0
5229	0	0	0	2
5230	0	0	2	0
5231	0	2	0	0
5232	0	2	0	0
5233	2	0	0	0
5234	1	0	1	0
5235	0	2	0	0
5236	2	0	0	0
5237	0	0	0	2
5238	2	0	0	0
5239	0	0	2	0
5240	0	1	0	0
5241	1	0	0	0
5242	0	0	1	0
5243	1	0	0	0
5244	1	0	0	0
5245	0	0	0	1
5246	1	0	0	0
5247	0	0	1	0
5248	0	0	1	0
5249	1	0	0	0
5250	1	0	0	0
5251	0	0	0	1
5252	0	1	0	0
5253	0	0	0	1
5254	0	0	0	1
5255	0	0	1	0
5256	0	1	0	0
5257	0	0	1	0
5258	0	0	1	0
5259	0	1	0	0
5260	1	0	0	0
5261	0	0	1	0
5262	1	0	0	0
5263	0	0	1	0
5264	1	0	0	0
5265	2	0	0	0
5266	0	0	2	0
5267	2	0	0	0
5268	0	0	2	0
5269	0	2	0	0
5270	2	0	0	0
5271	2	0	0	0
5272	0	0	3	0
5273	3	0	0	0
5274	3	0	0	0
5275	3	0	0	0
5276	0	0	0	3
5277	0	0	3	0
5278	0	0	3	0
5279	3	0	0	0
5280	0	0	3	0
5281	0	3	0	0
5282	0	3	0	0
5283	3	0	0	0
5284	2	0	1	0
5285	0	0	0	3
5286	2	0	0	0
5287	0	0	2	0
5288	2	0	0	0
5289	0	2	0	0
5290	0	2	0	0
5291	0	2	0	0
5292	0	0	0	2
5293	2	0	0	0
5294	2	0	0	0
5295	0	0	2	0
5296	0	2	0	0
5297	0	0	0	2
5298	1	0	1	0
5299	0	0	2	0
5300	2	0	0	0
5301	0	0	2	0
5302	0	2	0	0
5303	0	2	0	0
5304	2	0	0	0
5305	0	0	0	2
5306	0	0	2	0
5307	0	0	2	0
5308	2	0	0	0
5309	1	0	0	0
5310	0	2	0	0
5311	0	2	0	0
5312	2	0	0	0
5313	0	0	0	2
5314	0	2	0	0
5315	0	2	0	0
5316	0	0	2	0
5317	0	0	2	0
5318	0	0	2	0
5319	2	0	0	0
5320	2	0	0	0
5321	0	0	2	0
5322	0	0	0	2
5323	0	2	0	0
5324	2	0	0	0
5325	0	0	2	0
5326	0	2	0	0
5327	0	2	0	0
5328	0	0	0	2
5329	0	0	2	0
5330	2	0	0	0
5331	2	0	0	0
5332	2	0	0	0
5333	0	2	0	0
5334	0	0	0	2
5335	0	1	0	0
5336	0	1	0	0
5337	0	0	0	1
5338	0	0	0	1
5339	0	0	1	0
5340	0	0	0	1
5341	1	0	0	0
5342	1	0	0	0
5343	0	0	0	1
5348	0	0	1	0
5349	0	0	0	1
5350	0	0	0	2
5351	2	0	0	0
5352	0	0	0	2
5353	0	0	0	2
5354	0	0	2	0
5355	0	0	0	1
5356	2	0	0	0
5357	2	0	0	0
5358	2	0	0	0
5359	1	1	0	0
5360	2	0	0	0
5361	1	0	0	0
5362	0	0	0	2
5363	0	0	2	0
5364	0	1	0	1
5365	2	0	0	0
5366	0	0	2	0
5367	0	2	0	0
5368	0	0	0	2
5369	2	0	0	0
5370	0	1	0	1
5371	0	2	0	0
5372	2	0	0	0
5373	0	0	0	2
5374	0	0	0	2
5375	0	0	2	0
5376	0	0	0	2
5377	0	1	0	1
5378	0	0	0	2
5379	2	0	0	0
5380	0	0	2	0
5381	0	0	0	2
5382	0	0	0	2
5383	0	0	0	2
5384	0	0	2	0
5385	0	2	0	0
5386	0	0	0	2
5387	0	0	0	2
5388	0	0	0	3
5389	0	3	0	0
5390	3	0	0	0
5391	0	0	3	0
5392	2	0	0	0
5393	0	3	0	0
5394	3	0	0	0
5395	3	0	0	0
5396	3	0	0	0
5397	3	0	0	0
5398	0	0	3	0
5399	0	0	3	0
5400	0	3	0	0
5401	0	0	0	4
5402	0	0	0	4
5403	4	0	0	0
5404	0	0	4	0
5405	0	0	4	0
5406	0	4	0	0
5407	4	0	0	0
5408	0	0	0	4
5409	0	0	0	4
5410	0	0	0	4
5411	0	4	0	0
5412	0	4	0	0
5413	0	0	0	4
5414	4	0	0	0
5415	0	0	0	4
5416	0	0	4	0
5417	1	0	3	0
5418	0	4	0	0
5419	4	0	0	0
5420	0	0	3	0
5421	0	0	3	0
5422	3	0	0	0
5423	2	0	0	0
5424	0	0	2	0
5425	2	0	0	0
5426	2	0	0	0
5427	0	0	2	0
5428	0	2	0	0
5429	0	0	2	0
5430	0	0	2	0
5431	2	0	0	0
5432	0	0	2	0
5433	2	0	0	0
5434	0	2	0	0
5435	2	0	0	0
5436	1	0	1	0
5437	0	2	0	0
5438	0	0	2	0
5439	2	0	0	0
5440	0	2	0	0
5441	0	0	2	0
5442	2	0	0	0
5443	2	0	0	0
5444	1	0	1	0
5445	0	3	0	0
5446	1	0	2	0
5447	0	3	0	0
5448	0	0	0	3
5449	0	3	0	0
5450	0	3	0	0
5451	0	0	0	3
5452	0	2	1	0
5453	0	3	0	0
5454	3	0	0	0
5455	3	0	0	0
5456	0	0	3	0
5457	0	3	0	0
5458	3	0	0	0
5459	0	0	3	0
5460	0	0	0	3
5461	0	0	3	0
5462	3	0	0	0
5463	0	0	2	0
5464	0	0	2	0
5465	2	0	0	0
5466	0	0	0	2
5467	0	2	0	0
5468	2	0	0	0
5469	0	0	0	2
5470	0	2	0	0
5471	2	0	0	0
5472	2	0	0	0
5473	2	0	0	0
5474	2	0	0	0
5475	0	0	0	2
5476	0	2	0	0
5477	0	2	0	0
5478	0	0	0	2
5479	2	0	0	0
5480	0	0	0	2
5481	2	0	0	0
5482	0	0	0	2
5483	0	2	0	0
5484	2	0	0	0
5485	2	0	0	0
5486	2	0	0	0
5487	0	0	2	0
5488	0	2	0	0
5489	2	0	0	0
5490	0	0	1	0
5491	0	0	0	1
5492	0	0	1	0
5493	1	0	0	0
5494	0	0	1	0
5495	0	0	0	1
5496	1	0	0	0
5497	0	0	0	1
5498	1	0	0	0
5499	0	0	0	1
5500	0	0	1	0
5501	0	0	0	1
5502	1	0	0	0
5503	1	0	0	0
5504	0	0	0	1
5505	0	0	1	0
5506	0	0	0	1
5507	0	0	0	1
5508	1	0	0	0
5515	0	1	0	0
5516	0	0	0	1
5517	1	0	0	0
5518	0	0	1	0
5519	0	1	0	0
5520	1	0	0	0
5521	1	0	0	0
5522	0	0	1	0
5523	1	0	0	0
5524	0	0	1	0
5525	0	0	0	1
5526	1	0	0	0
5527	0	0	1	0
5528	1	0	0	0
5529	0	0	0	1
5530	0	0	0	1
5531	1	0	0	0
5532	0	0	0	1
5533	1	0	0	0
5534	0	0	1	0
5535	1	0	0	0
5536	0	0	0	1
5537	0	0	0	1
5538	1	0	0	0
5539	0	0	1	0
5540	0	0	1	0
5541	1	0	0	0
5542	0	0	1	0
5543	0	0	0	1
5544	1	0	0	0
5545	0	0	1	0
5546	0	1	0	0
5547	1	0	0	0
5548	0	0	1	0
5549	0	1	0	0
5550	0	0	0	1
5551	0	0	0	1
5552	0	0	0	1
5553	0	0	1	0
5554	1	0	0	0
5555	0	0	0	1
5556	1	0	0	0
5557	1	0	0	0
5558	0	0	0	1
5559	1	0	0	0
5560	0	0	1	0
5561	0	2	0	0
5562	2	0	0	0
5563	0	1	0	1
5564	0	0	0	2
5565	2	0	0	0
5566	2	0	0	0
5567	0	0	0	2
5568	0	2	0	0
5569	1	0	0	1
5570	0	0	0	2
5571	2	0	0	0
5572	1	0	1	0
5573	0	2	0	0
5574	1	0	0	0
5575	2	0	0	0
5576	0	0	0	2
5577	2	0	0	0
5578	0	0	2	0
5579	0	0	0	2
5580	0	0	0	2
5581	0	0	2	0
5582	0	0	0	2
5583	0	0	2	0
5584	0	0	0	2
5585	0	0	2	0
5586	0	0	2	0
5587	2	0	0	0
5588	0	0	0	1
5589	0	1	0	0
5590	1	0	0	0
5591	0	0	0	1
5592	1	0	0	0
5593	0	0	1	0
5594	0	1	0	0
5595	1	0	0	0
5596	0	0	0	1
5597	1	0	0	0
5598	0	0	0	1
5599	0	1	0	0
5600	0	0	0	1
5601	1	0	0	0
5602	0	0	1	0
5603	1	0	0	0
5604	1	0	0	0
5605	0	0	0	1
5606	1	0	0	0
5607	0	0	0	1
5608	1	0	0	0
5609	0	0	1	0
5610	0	0	1	0
5611	1	0	0	0
5612	0	0	0	0
5613	1	0	0	0
5614	0	1	0	0
5615	0	0	0	1
5616	0	0	1	0
5617	0	0	0	1
5618	0	0	0	2
5619	2	0	0	0
5620	3	0	0	0
5621	1	0	2	0
5622	3	0	0	0
5623	0	3	0	0
5624	3	0	0	0
5625	3	0	0	0
5626	3	0	0	0
5627	0	0	3	0
5628	2	0	0	0
5629	2	0	0	0
5630	2	0	0	0
5631	2	0	0	0
5632	2	0	0	0
5633	0	0	0	2
5634	2	0	0	0
5635	0	0	2	0
5636	2	0	0	0
5637	0	1	0	1
5638	2	0	0	0
5639	0	0	2	0
5640	0	0	2	0
5641	0	0	0	1
5642	0	0	0	2
5643	2	0	0	0
5644	2	0	0	0
5645	0	0	0	2
5646	0	0	0	2
5647	2	0	0	0
5648	1	0	1	0
5649	2	0	0	0
5650	2	0	0	0
5651	0	0	2	0
5652	1	0	0	0
5653	2	0	0	0
5654	0	0	0	2
5655	0	0	0	1
5656	2	0	0	0
5657	0	0	1	0
5658	1	0	1	0
5659	0	0	3	0
5660	3	0	0	0
5661	3	0	0	0
5662	3	0	0	0
5663	0	0	3	0
5664	3	0	0	0
5665	0	0	3	0
5666	0	3	0	0
5667	3	0	0	0
5668	0	0	3	0
5669	3	0	0	0
5670	3	0	0	0
5671	0	0	3	0
5672	4	0	0	0
5673	0	4	0	0
5674	4	0	0	0
5675	0	0	3	1
5676	0	0	0	4
5677	0	0	4	0
5678	0	0	4	0
5679	0	4	0	0
5680	4	0	0	0
5681	4	0	0	0
5682	0	0	0	4
5683	0	0	4	0
5684	3	0	0	0
5685	0	0	3	0
5686	3	0	0	0
5687	0	0	3	0
5688	0	0	0	3
5689	0	0	3	0
5690	3	0	0	0
5691	0	0	3	0
5692	0	0	2	0
5693	0	0	2	0
5694	0	0	1	0
5695	0	0	2	0
5696	1	0	0	0
5697	0	0	0	1
5698	2	0	0	0
5699	0	2	0	0
5700	0	2	0	0
5701	0	0	2	0
5702	2	0	0	0
5703	0	0	2	0
5704	0	0	2	0
5705	2	0	0	0
5706	2	0	0	0
5707	0	0	0	2
5708	0	0	0	2
5709	0	0	2	0
5710	0	0	2	0
5711	0	2	0	0
5712	0	2	0	0
5713	2	0	0	0
5714	0	2	0	0
5715	2	0	0	0
5716	2	0	0	0
5717	0	0	0	2
5718	0	0	2	0
5719	0	0	2	0
5720	0	0	0	2
5721	0	0	2	0
5722	0	0	2	0
5723	2	0	0	0
5724	0	0	0	2
5725	2	0	0	0
5726	0	0	0	2
5727	0	0	3	0
5728	0	0	3	0
5729	0	0	2	0
5730	0	0	2	0
5731	0	2	0	0
5732	2	0	0	0
5733	0	0	0	2
5734	0	2	0	0
5735	0	0	0	2
5736	0	0	0	2
5737	2	0	0	0
5738	0	0	2	0
5739	0	0	2	0
5740	0	2	0	0
5741	0	0	0	2
5742	0	0	0	2
5743	0	0	0	2
5744	0	0	0	2
5745	0	0	2	0
5746	0	0	2	0
5747	2	0	0	0
5748	0	0	0	2
5749	0	0	2	0
5750	2	0	0	0
5751	0	0	0	2
5752	2	0	0	0
5753	1	0	0	0
5754	0	0	0	2
5755	2	0	0	0
5756	2	0	0	0
5757	0	0	0	2
5758	0	0	2	0
5759	2	0	0	0
5760	0	0	2	0
5761	0	0	0	2
5762	2	0	0	0
5763	0	0	2	0
5764	0	0	2	0
5765	0	0	2	0
5766	0	0	0	2
5767	0	0	2	0
5768	0	0	2	0
5769	0	0	0	2
5770	0	0	2	0
5771	0	0	2	0
5772	0	0	2	0
5773	0	0	1	0
5774	1	0	0	0
5775	1	0	0	0
5776	0	1	0	0
5777	0	0	0	1
5778	0	0	0	1
5779	0	0	1	0
5780	0	0	0	1
5781	0	0	1	0
5782	0	0	1	0
5783	0	0	1	0
5784	0	0	0	2
5785	0	2	0	0
5786	2	0	0	0
5787	0	2	0	0
5788	2	0	0	0
5789	0	0	1	0
5790	0	0	0	2
5791	0	2	0	0
5792	0	0	0	2
5793	2	0	0	0
5794	0	0	0	2
5795	0	0	0	2
5796	2	0	0	0
5797	0	0	0	2
5798	0	0	2	0
5799	0	0	1	0
5800	0	0	1	0
5801	0	0	1	0
5802	0	0	0	1
5803	1	0	0	0
5804	0	1	0	0
5805	0	1	0	0
5806	0	0	0	1
5807	0	0	1	0
5808	0	0	0	1
5809	0	0	1	0
5810	0	0	0	1
5811	0	0	1	0
5812	0	0	1	0
5813	1	0	0	0
5814	1	0	0	0
5815	1	0	0	0
5816	0	0	0	0
5817	1	0	0	0
5818	1	0	0	0
5819	0	0	1	0
5820	0	1	0	0
5821	0	0	0	1
5822	1	0	0	0
5823	1	0	0	0
5824	1	0	0	0
5825	1	0	0	0
5826	0	1	0	0
5827	0	1	0	0
5828	1	0	0	0
5829	0	1	0	0
5830	0	0	0	1
5831	0	1	0	0
5832	0	0	0	0
5833	1	0	0	0
5834	0	0	0	1
5835	0	0	0	1
5836	0	1	0	0
5837	0	0	0	1
5838	0	0	1	0
5839	0	0	0	0
5840	0	0	1	0
5841	0	1	0	0
5842	1	0	0	0
5843	0	0	0	1
5844	0	1	0	0
5845	1	0	0	0
5846	0	0	1	0
5847	1	0	0	0
5848	0	0	0	1
5849	0	0	1	0
5850	0	1	0	0
5851	0	0	0	1
5852	1	0	0	0
5853	1	0	0	0
5854	0	0	1	0
5855	0	0	1	0
5856	0	1	0	0
5857	0	0	0	0
5872	0	0	1	0
5873	0	1	0	0
5874	1	0	0	0
5875	0	1	0	0
5876	1	0	0	0
5877	1	0	0	0
5878	0	0	0	1
5879	0	0	1	0
5880	0	0	0	1
5881	0	0	0	1
5882	0	0	0	2
5883	0	0	2	0
5884	0	0	2	0
5885	0	0	2	0
5886	0	2	0	0
5887	0	0	0	2
5888	2	0	0	0
5889	0	2	0	0
5890	2	0	0	0
5891	0	2	0	0
5892	1	0	1	0
5893	0	0	0	2
5894	0	0	2	0
5895	0	2	0	0
5896	0	2	0	0
5897	0	0	0	2
5898	0	0	1	0
5899	0	0	0	2
5900	0	0	1	0
5901	0	0	0	2
5902	2	0	0	0
5903	0	2	0	0
5904	0	2	0	0
5905	1	1	0	0
5906	2	0	0	0
5907	0	2	0	0
5908	0	0	0	0
5909	0	0	2	0
5910	3	0	0	0
5911	0	3	0	0
5912	0	3	0	0
5913	0	2	0	0
5914	0	3	0	0
5915	3	0	0	0
5916	3	0	0	0
5917	0	3	0	0
5918	0	2	0	0
5919	0	3	0	0
5920	1	0	2	0
5921	0	3	0	0
5922	2	0	0	0
5923	3	0	0	0
5924	0	0	3	0
5925	3	0	0	0
5926	3	0	0	0
5927	3	0	0	0
5928	0	0	0	3
5929	2	0	1	0
5930	0	0	3	0
5931	0	0	0	3
5932	0	0	0	3
5933	2	0	0	0
5934	0	0	0	3
5935	0	0	3	0
5936	0	0	3	0
5937	0	0	3	0
5938	3	0	0	0
5939	3	0	0	0
5940	3	0	0	0
5941	0	0	0	3
5942	0	0	3	0
5943	0	0	0	2
5944	2	0	0	0
5945	2	0	0	0
5946	0	2	0	0
5947	2	0	0	0
5948	0	0	2	0
5949	2	0	0	0
5950	2	0	0	0
5951	2	0	0	0
5952	2	0	0	0
5953	0	0	0	2
5954	0	0	0	2
5955	0	0	0	2
5956	0	0	0	2
5957	2	0	0	0
5958	2	0	0	0
5959	0	1	0	1
5960	2	0	0	0
5961	0	0	0	2
5962	0	0	2	0
5963	0	0	0	2
5964	0	0	2	0
5965	0	0	2	0
5966	1	0	0	0
5967	1	0	1	0
5968	2	0	0	0
5969	2	0	0	0
5970	2	0	0	0
5971	0	0	0	2
5972	0	0	2	0
5973	2	0	0	0
5974	0	2	0	0
5975	2	0	0	0
5976	0	0	0	2
5977	0	0	2	0
5978	0	0	3	0
5979	0	0	0	3
5980	0	0	2	0
5981	0	0	2	0
5982	2	0	0	0
5983	0	0	0	2
5984	0	2	0	0
5985	2	0	0	0
5986	0	0	2	0
5987	2	0	0	0
5988	0	0	0	2
5989	0	0	2	0
5990	0	2	0	0
5991	2	0	0	0
5992	0	0	0	2
5993	0	0	2	0
5994	2	0	0	0
5995	0	0	2	0
5996	0	0	2	0
5997	2	0	0	0
5998	0	0	0	2
5999	2	0	0	0
6000	0	0	0	2
6001	2	0	0	0
6002	2	0	0	0
6003	0	0	0	2
6004	0	2	0	0
6005	2	0	0	0
6006	0	0	2	0
6007	0	0	0	2
6008	0	0	0	2
6009	0	0	0	2
6010	2	0	0	0
6011	0	0	0	2
6012	0	0	2	0
6013	0	0	2	0
6014	0	0	2	0
6015	3	0	0	0
6016	0	1	0	1
6017	0	2	0	0
6018	2	0	0	0
6019	2	0	0	0
6020	2	0	0	0
6021	0	0	2	0
6022	0	1	0	1
6023	0	1	0	1
6024	0	0	0	2
6025	2	0	0	0
6026	2	0	0	0
6027	3	0	0	0
6028	0	0	3	0
6029	0	3	0	0
6030	0	2	0	0
6031	3	0	0	0
6032	0	0	0	3
6033	0	0	3	0
6034	0	0	0	3
6035	0	0	3	0
6036	0	0	0	3
6037	3	0	0	0
6038	3	0	0	0
6039	3	0	0	0
6040	0	0	3	0
6041	0	0	0	3
6042	0	0	0	3
6043	0	0	3	0
6044	3	0	0	0
6045	0	3	0	0
6046	0	3	0	0
6047	0	2	0	0
6048	0	3	0	0
6049	2	0	0	0
6050	1	2	0	0
6051	0	0	0	3
6052	0	2	0	0
6053	0	0	0	2
6054	0	0	2	0
6055	0	0	0	2
6056	0	0	2	0
6057	0	0	0	2
6058	0	2	0	0
6059	2	0	0	0
6060	0	1	0	1
6061	0	0	0	2
6062	0	0	0	2
6063	0	0	0	2
6064	2	0	0	0
6065	0	1	1	0
6066	2	0	0	0
6067	0	1	0	1
6068	0	0	0	2
6069	0	0	2	0
6070	0	0	0	2
6071	1	0	1	0
6072	0	2	0	0
6073	2	0	0	0
6074	2	0	0	0
6075	2	0	0	0
6076	0	0	0	2
6077	0	0	2	0
6078	0	1	0	1
6079	0	0	0	2
6080	2	0	0	0
6081	0	1	0	0
6082	0	0	0	1
6083	0	0	1	0
6084	0	0	0	1
6085	0	0	0	1
6086	1	0	0	0
6087	0	1	0	0
6088	1	0	0	0
6089	1	0	0	0
6090	1	0	0	0
6091	0	0	0	1
6163	0	0	1	0
6164	1	0	0	0
6165	0	0	0	1
6166	1	0	0	0
6167	1	0	0	0
6168	0	0	1	0
6169	1	0	0	0
6170	1	0	0	0
6171	1	0	0	0
6172	0	1	0	0
6173	1	0	0	0
6174	0	0	1	0
6175	1	0	0	0
6176	1	0	0	0
6177	1	0	0	0
6178	0	0	1	0
6179	0	1	0	0
6180	0	0	1	0
6181	0	0	0	1
6182	1	0	0	0
6183	0	0	0	1
6184	0	0	1	0
6185	0	1	0	0
6186	1	0	0	0
6187	0	1	0	0
6188	0	0	0	1
6189	0	0	0	1
6190	0	0	0	1
6191	0	0	0	1
6192	0	0	0	1
6193	0	0	0	1
6194	1	0	0	0
6195	0	0	0	1
6196	1	0	0	0
6197	0	0	1	0
6198	1	0	0	0
6199	0	1	0	0
6200	0	1	0	0
6201	0	0	0	2
6202	0	0	2	0
6203	2	0	0	0
6204	0	0	0	2
6205	2	0	0	0
6206	0	0	0	2
6207	2	0	0	0
6208	0	0	2	0
6209	0	0	0	2
6210	2	0	0	0
6211	0	2	0	0
6212	0	2	0	0
6213	2	0	0	0
6214	0	2	0	0
6215	0	0	0	2
6216	0	0	0	2
6217	1	0	0	0
6218	1	0	0	0
6219	0	0	0	1
6220	1	0	0	0
6221	1	0	0	0
6222	0	0	2	0
6223	0	0	1	0
6224	2	0	0	0
6225	0	0	1	1
6226	2	0	0	0
6227	2	0	0	0
6228	0	1	1	0
6229	2	0	0	0
6230	2	0	0	0
6231	0	1	0	1
6232	0	0	0	2
6233	0	2	0	0
6234	0	1	0	1
6235	1	0	0	1
6236	0	1	1	0
6237	0	0	0	2
6238	0	0	3	0
6239	3	0	0	0
6240	0	0	3	0
6241	0	0	0	2
6242	3	0	0	0
6243	0	0	0	3
6244	3	0	0	0
6245	0	0	1	1
6246	3	0	0	0
6247	0	1	0	2
6248	0	0	0	3
6249	3	0	0	0
6250	3	0	0	0
6251	0	0	0	3
6252	3	0	0	0
6253	3	0	0	0
6254	3	0	0	0
6255	0	0	0	3
6256	0	0	0	3
6257	0	0	3	0
6258	0	1	0	2
6259	3	0	0	0
6260	3	0	0	0
6261	0	0	0	3
6262	1	0	0	1
6263	0	3	0	0
6264	0	3	0	0
6265	0	0	0	3
6266	0	3	0	0
6267	2	0	0	0
6268	3	0	0	0
6269	0	3	0	0
6270	0	3	0	0
6271	2	0	1	0
6272	0	0	0	3
6273	2	0	1	0
6274	3	0	0	0
6275	0	3	0	0
6276	3	0	0	0
6277	0	3	0	0
6278	3	0	0	0
6279	1	0	1	0
6280	0	0	2	0
6281	0	2	0	0
6282	0	2	0	0
6283	0	0	0	1
6284	0	0	1	0
6285	0	0	0	1
6286	0	1	0	0
6287	0	1	0	0
6288	1	0	0	0
6289	1	0	0	0
6290	1	0	0	0
6291	0	0	1	0
6292	0	0	1	0
6293	0	0	0	1
6294	0	1	0	0
6295	0	0	0	1
6296	0	1	0	0
6297	0	0	0	1
6298	0	0	0	1
6299	0	0	0	1
6300	0	0	0	1
6301	0	0	1	0
6302	1	0	0	0
6303	0	1	0	0
6304	0	1	0	0
6305	0	1	0	0
6306	1	0	0	0
6307	1	0	0	0
6308	0	0	0	1
6309	0	0	0	1
6310	0	1	0	0
6311	0	1	0	0
6312	0	0	0	1
6313	1	0	0	0
6314	0	0	0	1
6315	1	0	0	0
6316	0	1	0	0
6317	1	0	0	0
6318	0	0	0	1
6319	0	0	0	1
6320	0	0	0	0
6321	0	0	0	1
6322	0	0	0	1
6323	0	0	1	0
6324	0	0	0	1
6325	0	0	1	0
6326	0	1	0	0
6327	0	0	0	1
6328	0	1	0	0
6329	0	1	0	0
6330	1	0	0	0
6331	0	0	1	0
6332	0	1	0	0
6333	0	0	0	1
6334	0	0	1	0
6335	0	0	1	0
6336	0	0	0	1
6337	0	0	0	1
6346	0	1	0	0
6347	0	0	0	1
6348	1	0	0	0
6349	1	0	0	0
6350	1	0	0	0
6351	0	0	1	0
6352	0	0	0	1
6353	0	0	1	0
6354	0	0	0	1
6355	1	0	0	0
6356	1	0	0	0
6357	0	0	0	1
6358	1	0	0	0
6359	1	0	0	0
6360	0	0	0	1
6361	1	0	0	0
6362	1	0	0	0
6363	0	0	1	0
6364	1	0	0	0
6365	0	1	0	0
6366	1	0	0	0
6367	0	0	0	1
6368	0	0	0	1
6369	0	1	0	0
6370	1	0	0	0
6371	1	0	0	0
6372	0	0	0	2
6373	0	0	1	0
6374	0	0	2	0
6375	0	0	2	0
6376	3	0	0	0
6377	0	3	0	0
6378	3	0	0	0
6379	0	0	3	0
6380	0	0	3	0
6381	2	0	1	0
6382	0	2	0	0
6383	0	3	0	0
6384	3	0	0	0
6385	0	0	0	2
6386	0	0	3	0
6387	0	2	0	0
6388	1	2	0	0
6389	3	0	0	0
6390	0	0	1	1
6391	4	0	0	0
6392	4	0	0	0
6393	0	0	0	4
6394	0	0	5	0
6395	0	0	0	5
6396	1	4	0	0
6397	5	0	0	0
6398	0	0	5	0
6399	0	5	0	0
6400	4	0	0	1
6401	0	6	0	0
6402	6	0	0	0
6403	0	0	6	0
6404	0	0	0	6
6405	6	0	0	0
6406	0	6	0	0
6407	6	0	0	0
6408	6	0	0	0
6409	0	0	0	6
6410	0	0	6	0
6411	0	1	0	5
6412	6	0	0	0
6413	0	6	0	0
6414	6	0	0	0
6415	0	6	0	0
6416	6	0	0	0
6417	0	0	0	6
6418	0	0	5	0
6419	0	0	6	0
6420	6	0	0	0
6421	6	0	0	0
6422	0	0	0	6
6423	0	0	0	6
6424	6	0	0	0
6425	6	0	0	0
6426	0	0	6	0
6427	0	6	0	0
6428	0	7	0	0
6429	7	0	0	0
6430	0	0	7	0
6431	0	0	0	7
6432	2	0	5	0
6433	0	0	7	0
6434	0	0	0	6
6435	6	0	0	1
6436	0	0	0	7
6437	0	7	0	0
6438	7	0	0	0
6439	7	0	0	0
6440	0	7	0	0
6441	0	1	0	6
6442	0	7	0	0
6443	7	0	0	0
6444	7	0	0	0
6445	0	5	0	1
6446	0	0	0	6
6447	5	0	0	0
6448	0	5	0	0
6449	0	0	0	5
6450	0	0	5	0
6451	0	0	0	5
6452	0	0	0	5
6453	3	0	2	0
6454	5	0	0	0
6455	5	0	0	0
6456	0	0	0	5
6457	0	0	5	0
6458	0	0	5	0
6459	0	0	0	5
6460	5	0	0	0
6461	0	0	5	0
6462	0	5	0	0
6463	0	5	0	0
6464	0	0	0	4
6465	4	0	0	0
6466	0	0	4	0
6467	0	4	0	0
6468	2	0	0	0
6469	0	0	2	0
6470	2	0	0	0
6471	2	0	0	0
6472	0	0	2	0
6473	0	0	1	0
6474	0	0	1	0
6475	0	0	1	0
6476	1	0	0	0
6477	0	0	1	0
6478	1	0	0	0
6479	0	0	0	1
6480	1	0	0	0
6481	1	0	0	0
6482	0	0	0	1
6483	0	1	0	0
6484	1	0	0	0
6485	0	0	0	1
6486	0	0	0	1
6487	1	0	0	0
6488	0	0	1	0
6489	1	0	0	0
6490	0	0	0	1
6491	0	1	0	0
6492	0	0	0	1
6493	0	0	2	0
6494	2	0	0	0
6495	2	0	0	0
6496	2	0	0	0
6497	2	0	0	0
6498	0	0	0	2
6499	1	1	0	0
6500	0	0	0	1
6501	1	0	0	0
6502	1	0	0	0
6503	0	1	0	0
6504	1	0	0	0
6505	0	0	1	0
6506	1	0	0	0
6507	0	1	0	0
6508	1	0	0	0
6509	1	0	0	0
6510	0	0	0	1
6511	0	0	1	0
6512	0	1	0	1
6513	0	2	0	0
6514	2	0	0	0
6515	2	0	0	0
6516	2	0	0	0
6517	2	0	0	0
6518	0	1	0	0
6519	2	0	0	0
6520	2	0	0	0
6521	0	0	0	1
6522	2	0	0	0
6523	2	0	0	0
6524	0	0	0	1
6525	1	0	0	0
6526	0	0	1	0
6527	0	0	0	2
6528	1	1	0	0
6529	0	2	0	0
6530	1	0	0	0
6531	1	0	0	0
6532	0	1	0	0
6533	0	0	0	1
6534	0	0	0	2
6535	2	0	0	0
6536	2	0	0	0
6537	0	0	0	1
6538	1	0	1	0
6539	2	0	0	0
6540	2	0	0	0
6541	0	0	0	1
6542	0	1	0	0
6543	0	0	0	1
6544	0	0	1	0
6545	0	0	0	2
6546	2	0	0	0
6547	0	0	2	0
6548	1	1	0	0
6549	2	0	0	0
6550	2	0	0	0
6551	0	0	0	1
6552	0	0	0	2
6553	1	0	0	0
6554	1	0	0	2
6555	0	0	1	1
6556	0	0	0	4
6557	0	0	4	0
6558	0	0	0	5
6559	5	0	0	0
6560	0	4	0	0
6561	5	0	0	0
6562	5	0	0	0
6563	0	0	4	0
6564	5	0	0	0
6565	0	4	0	0
6566	0	5	0	0
6567	0	4	0	1
6568	3	0	2	0
6569	3	0	2	0
6570	0	5	0	1
6571	6	0	0	0
6572	6	0	0	0
6573	0	0	0	6
6574	6	0	0	0
6575	6	0	0	0
6576	0	2	0	4
6577	6	0	0	0
6578	0	6	0	0
6579	6	0	0	0
6580	6	0	0	0
6581	0	0	5	0
6582	5	0	1	0
6583	6	0	0	0
6584	6	0	0	0
6585	6	0	0	0
6586	6	0	0	0
6587	0	0	6	0
6588	0	1	0	5
6589	6	0	0	0
6590	0	0	0	6
6591	6	0	0	0
6592	6	0	0	0
6593	0	0	6	0
6594	1	0	5	0
6595	6	0	0	0
6596	0	0	0	6
6597	6	0	0	0
6598	0	0	6	0
6599	0	0	6	0
6600	5	0	1	0
6601	0	6	0	0
6602	0	6	0	0
6603	6	0	0	0
6604	0	0	6	0
6605	0	0	6	0
6606	6	0	0	0
6607	0	6	0	0
6608	6	0	0	0
6609	6	0	0	0
6610	4	0	2	0
6611	0	6	0	0
6612	6	0	0	0
6613	0	0	0	6
6614	0	0	0	6
6615	0	6	0	0
6616	0	0	0	6
6617	5	0	0	2
6618	0	0	0	8
6619	0	0	7	0
6620	0	8	0	0
6621	8	0	0	0
6622	7	0	0	0
6623	0	7	0	0
6624	7	0	0	0
6625	0	0	6	0
6626	0	0	6	0
6627	1	0	0	4
6628	0	0	5	0
6629	5	0	0	0
6630	1	4	0	0
6631	5	0	0	0
6632	0	0	0	6
6633	6	0	0	0
6634	5	0	0	0
6635	0	0	0	5
6636	4	0	0	0
6637	0	0	4	0
6638	0	0	4	0
6639	4	0	0	0
6640	0	0	4	0
6641	4	0	0	0
6642	0	2	0	2
6643	4	0	0	0
6644	0	0	0	4
6645	4	0	0	0
6646	4	0	0	0
6647	0	0	4	0
6648	4	0	0	0
6649	0	2	2	0
6650	4	0	0	0
6651	4	0	0	0
6652	0	0	4	0
6653	0	3	0	0
6654	2	2	0	0
6655	0	4	0	0
6656	4	0	0	0
6657	0	0	0	4
6658	0	0	0	4
6659	0	0	4	0
6660	0	0	0	4
6661	4	0	0	0
6662	4	0	0	0
6663	0	4	0	0
6664	2	2	0	0
6665	0	0	0	4
6666	0	0	0	4
6667	4	0	0	0
6668	0	0	4	0
6669	0	0	0	4
6670	2	0	0	0
6671	2	0	0	0
6672	3	0	0	0
6673	0	0	3	0
6674	3	0	0	0
6675	0	1	0	0
6676	1	0	0	0
6677	1	0	0	0
6678	1	0	0	0
6679	0	0	0	1
6680	0	0	1	0
6681	0	0	1	0
6682	1	0	0	0
6683	1	0	0	0
6684	0	1	0	0
6685	1	0	0	0
6686	0	1	0	0
6687	1	0	0	0
6688	1	0	0	0
6689	0	1	0	0
6690	0	0	0	1
6691	0	0	0	1
6692	0	0	0	1
6693	1	0	0	0
6782	0	1	0	0
6783	2	0	0	0
6784	0	2	0	0
6785	2	0	0	0
6786	0	0	0	2
6787	2	0	0	0
6788	0	0	2	0
6789	0	1	0	1
6790	0	0	0	2
6791	0	0	0	2
6792	0	0	0	2
6793	2	0	0	0
6794	2	0	0	0
6795	0	0	0	2
6796	0	0	0	2
6797	0	0	2	0
6798	0	1	0	1
6799	2	0	0	0
6800	0	0	2	0
6801	2	0	0	0
6802	0	0	2	0
6803	0	0	2	0
6804	2	0	0	0
6805	0	0	2	0
6806	2	0	0	0
6807	2	0	0	0
6808	0	0	0	2
6809	0	0	0	2
6810	0	0	0	2
6811	0	0	0	2
6812	0	0	0	2
6813	0	2	0	0
6814	0	0	0	2
6815	2	0	0	0
6816	0	0	0	2
6817	0	0	0	2
6818	0	0	2	0
6819	0	2	0	0
6820	1	0	1	0
6821	2	0	0	0
6822	0	0	0	2
6823	2	0	0	0
6824	0	2	0	0
6825	2	0	0	0
6826	0	0	0	1
6827	0	1	0	0
6828	1	0	0	0
6829	0	0	1	0
6830	0	0	1	0
6831	0	0	0	1
6832	0	1	0	0
6833	0	0	0	1
6834	0	0	1	0
6835	0	0	0	1
6836	0	0	0	1
6837	0	0	0	1
6838	1	0	0	0
6839	1	0	0	0
6840	0	0	0	1
6841	1	0	0	0
6922	0	0	0	1
6923	0	0	2	0
6924	0	0	1	0
6925	0	2	0	0
6926	2	0	0	0
6927	0	0	2	0
6928	0	0	2	0
6929	0	0	2	0
6930	0	0	2	0
6931	0	0	2	0
6932	0	0	0	2
6933	2	0	0	0
6934	0	0	2	0
6935	0	0	2	0
6936	2	0	0	0
6937	0	2	0	0
6938	0	0	3	0
6939	4	0	0	0
6940	0	0	4	0
6941	0	4	0	0
6942	4	0	0	0
6943	4	0	0	0
6944	0	0	0	3
6945	0	0	5	0
6946	0	0	0	5
6947	4	0	0	0
6948	0	0	0	5
6949	0	0	5	0
6950	0	8	0	0
6951	0	8	0	0
6952	0	8	0	0
6953	0	8	0	0
6954	0	0	0	8
6955	0	8	0	0
6956	0	8	0	0
6957	0	7	0	1
6958	8	0	0	0
6959	0	0	0	9
6960	0	0	0	9
6961	0	0	9	0
6962	0	9	0	0
6963	9	0	0	0
6964	0	0	9	0
6965	0	0	9	0
6966	9	0	0	0
6967	8	0	0	0
6968	9	0	0	0
6969	0	9	0	0
6970	9	0	0	0
6971	0	0	0	9
6972	9	0	0	0
6973	9	0	0	0
6974	4	4	0	1
6975	9	0	0	0
6976	0	0	0	8
6977	0	0	9	0
6978	0	4	0	5
6979	9	0	0	0
6980	8	1	0	0
6981	0	5	0	4
6982	0	0	0	10
6983	0	11	0	0
6984	11	0	0	0
6985	11	0	0	0
6986	7	0	4	0
6987	0	0	0	11
6988	11	0	0	0
6989	0	0	0	11
6990	0	11	0	0
6991	11	0	0	0
6992	0	11	0	0
6993	11	0	0	0
6994	0	0	11	0
6995	0	0	11	0
6996	10	0	1	0
6997	0	11	0	0
6998	0	0	0	11
6999	8	0	3	0
7000	0	3	0	8
7001	0	0	0	11
7002	12	0	0	0
7003	0	1	0	10
7004	0	0	0	11
7005	1	0	11	0
7006	7	0	5	0
7007	0	7	0	5
7008	9	0	0	0
7009	0	9	0	0
7010	0	0	9	0
7011	0	0	0	9
7012	0	0	9	0
7013	9	0	0	0
7014	0	0	0	8
7015	0	0	9	0
7016	0	0	9	0
7017	9	0	0	0
7018	0	0	9	0
7019	0	0	9	0
7020	8	0	0	0
7021	6	0	1	0
7022	7	0	0	0
7023	1	0	0	0
7024	2	0	0	0
7025	2	0	0	0
7026	2	0	0	0
7027	2	0	0	0
7028	2	0	0	0
7029	0	0	0	2
7030	0	1	0	0
7031	1	0	0	0
7032	0	0	0	1
7033	0	1	0	0
7034	1	0	0	0
7035	0	0	1	0
7036	1	0	0	0
7037	0	1	0	0
7038	1	0	0	0
7039	0	0	1	0
7040	1	0	0	0
7041	0	0	1	0
7042	1	0	0	0
7043	0	1	0	0
7044	1	0	0	0
7045	0	0	0	1
7046	0	0	0	1
7047	0	1	0	0
7048	1	0	0	0
7049	0	0	1	0
7050	1	0	0	0
7051	0	1	0	0
7052	0	1	0	0
7053	0	0	0	1
7054	0	0	1	0
7055	0	0	1	0
7056	2	0	0	0
7057	0	0	2	0
7058	0	0	2	0
7059	2	0	0	0
7060	0	0	2	0
7061	0	0	2	0
7062	2	0	0	0
7063	1	0	1	0
7064	2	0	0	0
7065	0	0	0	2
7066	2	0	0	0
7067	0	0	0	2
7068	0	0	2	0
7069	2	0	0	0
7070	1	0	1	0
7071	0	0	2	0
7072	0	0	2	0
7073	2	0	0	0
7074	0	1	0	0
7075	1	0	0	0
7076	1	0	0	0
7077	0	0	0	1
7078	0	0	0	1
7079	0	0	2	0
7080	0	0	2	0
7081	2	0	0	0
7082	0	0	2	0
7083	2	0	0	0
7084	2	0	0	0
7085	1	0	1	0
7086	0	0	0	2
7087	0	0	2	0
7088	3	0	0	0
7089	3	0	0	0
7090	0	0	0	4
7091	0	0	0	4
7092	3	0	1	0
7093	0	0	0	4
7094	4	0	0	0
7095	0	3	0	1
7096	4	0	0	0
7097	3	1	0	0
7098	4	0	0	0
7099	0	0	0	4
7100	4	0	0	0
7101	0	0	0	4
7102	4	0	0	0
7103	4	0	0	0
7104	4	0	0	0
7105	0	0	4	0
7106	0	0	0	4
7107	1	0	4	0
7108	0	0	5	0
7109	0	0	0	5
7110	5	0	0	0
7111	0	0	5	0
7112	5	0	0	0
7113	5	0	0	0
7114	5	0	0	0
7115	0	0	0	5
7116	0	0	0	5
7117	5	0	0	0
7118	5	0	0	0
7119	1	0	4	0
7120	0	5	0	0
7121	0	5	0	0
7122	5	0	0	0
7123	0	0	0	5
7124	0	0	0	5
7125	2	0	3	0
7126	0	0	5	0
7127	0	0	5	0
7128	5	0	0	0
7129	4	0	1	0
7130	0	0	0	4
7131	5	0	0	0
7132	1	0	4	0
7133	0	4	0	0
7134	3	0	0	0
7135	0	4	0	0
7136	0	4	0	0
7137	0	4	0	0
7138	4	0	0	0
7139	0	4	0	0
7140	0	2	0	2
7141	1	0	3	0
7142	3	1	0	0
7143	1	0	3	0
7144	0	0	3	1
7145	0	4	0	0
7146	4	0	0	0
7147	4	0	0	0
7148	4	0	0	0
7149	3	0	0	0
7150	4	0	0	0
7151	0	0	4	0
7152	0	0	4	0
7153	4	0	0	0
7154	0	0	4	0
7155	3	0	0	0
7156	0	0	3	0
7157	0	0	0	4
7158	0	0	4	0
7159	0	0	4	0
7160	0	0	0	3
7161	0	0	3	0
7162	0	0	2	0
7163	2	0	0	0
7164	0	0	2	0
7165	2	0	0	0
7166	0	0	2	0
7167	2	0	0	0
7168	0	0	2	0
7169	2	0	0	0
7170	2	0	0	0
7171	2	0	0	0
7172	2	0	0	0
7173	2	0	0	0
7174	2	0	0	0
7175	0	0	2	0
7176	2	0	0	0
7177	0	0	2	0
7178	0	2	0	0
7179	2	0	0	0
7180	0	0	2	0
7181	0	0	0	2
7248	1	0	0	0
7249	1	0	0	0
7250	0	1	0	0
7251	0	0	1	0
7252	0	1	0	0
7253	0	0	0	1
7254	0	0	1	0
7255	1	0	0	0
7256	0	1	0	0
7257	0	0	1	0
7258	0	0	1	0
7259	0	0	0	1
7260	1	0	0	0
7261	0	1	0	0
7262	1	0	0	0
7263	0	0	1	0
7264	0	0	1	0
7265	0	1	0	0
7266	0	1	0	0
7267	1	0	0	0
7268	0	0	1	0
7269	1	0	0	0
7270	0	1	0	0
7271	1	0	0	0
7272	1	0	0	0
7273	0	1	0	0
7274	0	0	0	1
7275	0	0	1	0
7276	0	0	0	1
7277	0	0	0	1
7278	1	0	0	0
7279	0	0	0	1
7280	0	1	0	0
7281	0	0	0	1
7282	0	0	1	0
7283	0	0	1	0
7284	0	0	0	1
7285	1	0	0	0
7286	0	0	0	1
7287	1	0	0	0
7288	0	0	1	0
7289	0	0	0	1
7290	0	0	1	0
7291	0	1	0	0
7292	1	0	0	0
7293	1	0	0	0
7294	0	1	0	0
7295	1	0	0	0
7296	0	0	1	0
7297	0	1	0	0
7298	1	0	0	0
7299	1	0	0	0
7300	1	0	0	0
7301	0	0	1	0
7302	0	0	0	1
7303	1	0	0	0
7304	1	0	0	0
7305	0	0	0	1
7306	0	0	0	1
7307	0	0	0	1
7308	0	0	1	0
7309	0	1	0	0
7310	0	0	0	1
7311	0	0	1	0
7312	1	0	0	0
7313	0	0	1	0
7314	1	0	0	0
7315	0	0	1	0
7316	0	1	0	0
7317	0	0	0	2
7318	2	0	0	0
7319	0	0	0	2
7320	2	0	0	0
7321	0	0	2	0
7322	2	0	0	0
7323	0	0	2	0
7324	0	0	2	0
7325	0	2	0	0
7326	0	0	2	0
7327	0	2	0	0
7328	2	0	0	0
7329	2	0	0	0
7330	0	1	0	0
7331	2	0	0	0
7332	0	0	2	0
7333	0	2	0	0
7334	2	0	0	0
7335	0	1	0	1
7336	2	0	0	0
7337	0	0	0	2
7338	0	0	2	0
7339	0	0	0	2
7340	0	0	0	2
7341	0	0	2	0
7342	0	2	0	0
7343	2	0	0	0
7344	2	0	0	0
7345	0	1	0	0
7346	0	0	0	2
7347	0	2	0	0
7348	2	0	0	0
7349	0	2	0	0
7350	1	0	1	0
7351	0	0	2	0
7352	0	0	0	2
7353	0	2	0	0
7354	0	0	0	2
7355	0	0	2	0
7356	0	0	2	0
7357	0	0	2	0
7358	0	0	2	0
7359	0	2	0	0
7360	2	0	0	0
7361	0	0	0	1
7362	0	0	0	1
7363	1	0	0	0
7364	1	0	0	0
7365	0	1	0	0
7366	0	1	0	0
7367	1	0	0	0
7368	0	0	1	0
7369	0	0	0	0
7370	0	0	0	1
7371	0	1	0	0
7372	0	1	0	0
7373	1	0	0	0
7374	0	0	1	0
7375	0	0	1	0
7376	0	1	0	0
7377	1	0	0	0
7378	1	0	0	0
7379	0	0	1	0
7380	1	0	0	0
7381	0	0	1	0
7382	0	0	0	1
7383	0	1	0	0
7384	0	1	0	0
7385	0	0	0	1
7386	0	0	1	0
7387	0	0	1	0
7400	1	0	0	0
7401	0	1	0	0
7402	0	1	0	0
7403	0	0	0	1
7404	1	0	0	0
7405	1	0	0	0
7406	1	0	0	0
7407	0	0	1	0
7408	0	0	1	0
7409	1	0	0	0
7410	0	0	0	1
7411	0	1	0	0
7412	1	0	0	0
7413	1	0	0	0
7414	0	1	0	0
7415	1	0	0	0
7416	0	0	1	0
7417	0	1	0	0
7418	0	0	0	1
7419	0	1	0	0
7420	0	1	0	0
7421	0	0	0	1
7422	1	0	0	0
7423	0	0	1	0
7424	0	0	1	0
7425	1	0	0	0
7426	0	1	0	0
7427	0	0	0	1
7428	0	0	0	1
7429	0	0	0	1
7430	0	0	1	0
7431	0	0	1	0
7432	0	0	1	0
7433	0	0	1	0
7434	0	2	0	0
7435	0	0	0	2
7436	0	0	2	0
7437	0	2	0	0
7438	0	0	0	2
7439	0	2	0	0
7440	0	0	0	2
7441	0	0	2	0
7442	0	0	2	0
7443	2	0	0	0
7444	2	0	0	0
7445	1	0	1	0
7446	2	0	0	0
7447	0	2	0	0
7448	0	0	0	2
7449	0	2	0	0
7450	2	0	0	0
7451	0	0	0	2
7452	0	2	0	0
7453	0	0	0	2
7454	0	0	2	0
7455	0	2	0	0
7456	2	0	0	0
7457	0	2	0	0
7458	0	2	0	0
7459	2	0	0	0
7460	0	2	0	0
7461	0	0	0	2
7462	2	0	0	0
7463	2	0	0	0
7464	0	0	0	2
7465	0	0	2	0
7466	0	0	0	2
7467	0	0	2	0
7468	0	2	0	0
7469	0	2	0	0
7470	0	0	0	2
7471	0	0	0	2
7472	0	0	1	0
7473	0	0	1	0
7474	1	0	0	0
7475	1	0	0	0
7476	0	1	0	0
7477	0	0	0	1
7478	0	1	0	0
7479	0	0	1	0
7480	1	0	0	0
7481	0	0	1	0
7482	0	0	0	1
7483	0	0	0	1
7484	0	0	1	0
7485	0	0	1	0
7486	1	0	0	0
7487	0	0	1	0
7488	0	0	0	1
7489	1	0	0	0
7490	1	0	0	0
7491	0	0	0	1
7492	1	0	0	0
7493	1	0	0	0
7494	1	0	0	0
7495	0	0	0	1
7496	0	1	0	0
7497	0	0	0	1
7498	0	1	0	0
7499	1	0	0	0
7500	1	0	0	0
7501	1	0	0	0
7502	1	0	0	0
7503	1	0	0	0
7504	0	0	1	0
7505	1	0	0	0
7529	0	0	0	1
7530	0	0	1	0
7531	0	1	0	0
7532	1	0	0	0
7533	0	0	1	0
7534	0	0	0	1
7535	0	0	1	0
7536	0	0	1	0
7537	0	0	1	0
7538	1	0	0	0
7539	0	0	0	1
7540	1	0	0	0
7541	0	0	1	0
7542	1	0	0	0
7543	0	0	1	0
7544	1	0	0	0
7545	1	0	0	0
7546	1	0	0	0
7547	0	0	0	1
7548	0	0	0	1
7549	1	0	0	0
7550	0	0	1	0
7551	0	0	0	1
7552	1	0	0	0
7553	1	0	0	0
7554	0	0	0	1
7555	0	0	0	1
7556	1	0	0	0
7557	0	1	0	0
7558	1	0	0	0
7559	0	1	0	0
7560	1	0	0	0
7561	1	0	0	0
7562	0	0	1	0
7563	0	2	0	0
7564	2	0	0	0
7565	0	2	0	0
7566	2	0	0	0
7567	2	0	0	0
7568	0	0	0	2
7569	2	0	0	0
7570	0	0	0	2
7571	2	0	0	0
7572	0	2	0	0
7573	2	0	0	0
7574	0	0	3	0
7575	0	0	3	0
7576	0	0	0	3
7577	0	0	0	3
7578	3	0	0	0
7579	0	3	0	0
7580	0	0	0	3
7581	0	0	0	3
7582	0	0	3	0
7583	3	0	0	0
7584	3	0	0	0
7585	0	0	3	0
7586	3	0	0	0
7587	0	3	0	0
7588	0	0	0	3
7589	0	3	0	0
7590	0	0	3	0
7591	0	3	0	0
7592	3	0	0	0
7593	3	0	0	0
7594	3	0	0	0
7595	1	0	2	0
7596	0	3	0	0
7597	0	3	0	0
7598	3	0	0	0
7599	0	0	3	0
7600	0	3	0	0
7601	2	0	0	0
7602	0	0	2	0
7603	0	0	2	0
7604	2	0	0	0
7605	0	0	2	0
7606	2	0	0	0
7607	2	0	0	0
7608	2	0	0	0
7609	2	0	0	0
7610	2	0	0	0
7611	0	0	0	2
7612	0	0	2	0
7613	2	0	0	0
7614	2	0	0	0
7615	2	0	0	0
7616	1	0	1	0
7617	0	0	2	0
7618	0	0	2	0
7619	2	0	0	0
7620	0	0	0	2
7621	0	0	0	2
7622	0	0	0	2
7623	0	0	2	0
7624	0	0	0	2
7625	0	0	0	2
7626	2	0	0	0
7627	0	0	2	0
7628	0	2	0	0
7629	2	0	0	0
7630	0	0	0	2
7631	1	0	0	1
7632	0	0	2	0
7633	0	0	2	0
7634	2	0	0	0
7635	0	1	0	0
7636	1	0	0	0
7637	0	0	1	0
7638	0	0	0	1
7639	0	0	0	1
7640	0	0	1	0
7641	0	0	1	0
7642	1	0	0	0
7643	1	0	0	0
7644	1	0	0	0
7645	1	0	0	0
7647	0	0	0	1
7648	0	0	0	0
7649	0	0	0	1
7650	0	0	1	0
7651	0	0	0	1
7652	0	0	1	0
7653	0	0	1	0
7654	1	0	0	0
7655	1	0	0	0
7656	0	1	0	0
7657	0	0	0	1
7658	0	0	1	0
7659	0	0	1	0
7660	0	0	0	0
7661	0	0	0	1
7662	0	0	0	1
7663	0	0	1	0
7664	1	0	0	0
7665	0	1	0	0
7666	1	0	0	0
7667	0	0	0	1
7668	1	0	0	0
7669	0	0	0	1
7670	0	1	0	0
7671	1	0	0	0
7672	1	0	0	0
7673	1	0	0	0
7674	1	0	0	0
7675	0	0	0	1
7676	0	0	1	0
7677	0	0	1	0
7678	0	0	0	1
7679	0	0	0	1
7680	0	0	1	0
7681	0	0	0	1
7682	0	0	0	0
7683	0	0	1	0
7684	0	0	0	1
7685	1	0	0	0
7686	0	0	0	1
7687	1	0	0	0
7688	0	0	0	1
7689	1	0	0	0
7690	1	0	0	0
7691	1	0	0	0
7692	1	0	0	0
7693	1	0	0	0
7694	0	0	0	1
7695	1	0	0	0
7696	0	0	0	1
7697	0	0	0	1
7698	0	1	0	0
7699	1	0	0	0
7700	0	0	0	1
7701	1	0	0	0
7702	1	0	0	0
7703	0	0	0	1
7704	0	0	1	0
7705	1	0	0	0
7706	0	0	0	1
7707	1	0	0	0
7708	0	0	1	0
7773	0	0	1	0
7774	0	0	1	0
7775	0	0	1	0
7776	1	0	0	0
7777	0	0	0	0
7778	1	0	0	0
7779	0	1	0	0
7780	0	0	0	2
7781	0	2	0	0
7782	2	0	0	0
7783	0	2	0	0
7784	0	2	0	0
7785	0	0	0	2
7786	0	0	0	2
7787	0	0	0	2
7788	0	0	2	0
7789	0	0	0	2
7790	0	2	0	0
7791	0	0	2	0
7792	0	0	0	2
7793	0	0	0	2
7794	0	0	0	2
7795	0	2	0	0
7796	2	0	0	0
7797	0	0	2	0
7798	2	0	0	0
7799	0	2	0	0
7800	0	2	0	0
7801	0	2	0	0
7802	0	0	0	2
7803	0	0	0	2
7804	2	0	0	0
7805	0	0	0	2
7806	0	2	0	0
7807	0	2	0	0
7808	0	2	0	0
7809	2	0	0	0
7810	2	0	0	0
7811	0	0	1	0
7812	0	2	0	0
7813	0	2	0	0
7814	0	2	0	0
7815	0	0	2	0
7816	2	0	0	0
7817	0	0	2	0
7818	0	0	2	0
7819	0	0	2	0
7820	1	0	1	0
7821	2	0	0	0
7822	0	2	0	0
7823	0	0	0	2
7824	0	2	0	0
7825	0	0	2	0
7826	2	0	0	0
7827	0	2	0	0
7828	3	0	0	0
7829	0	0	3	0
7830	0	0	3	0
7831	0	3	0	0
7832	0	0	0	3
7833	0	3	0	0
7834	0	0	3	0
7835	0	0	3	0
7836	3	0	0	0
7837	3	0	0	0
7838	0	0	3	0
7839	3	0	0	0
7840	3	0	0	0
7841	0	0	0	3
7842	0	3	0	0
7843	0	0	3	0
7844	2	0	1	0
7845	3	0	0	0
7846	0	0	3	0
7847	3	0	0	0
7848	2	0	0	0
7849	0	0	2	0
7850	2	0	0	0
7851	2	0	0	0
7852	0	0	2	0
7853	0	0	2	0
7854	0	0	0	1
7855	0	0	1	0
7856	0	0	1	0
7857	1	0	0	0
7858	0	0	1	0
7859	1	0	0	0
7860	0	0	1	0
7861	0	1	0	0
7862	1	0	0	0
7863	1	0	0	0
7864	0	0	1	0
7865	1	0	0	0
7866	0	1	0	0
7867	1	0	0	0
7882	0	1	0	0
7883	0	0	1	0
7884	1	0	0	0
7885	0	0	0	1
7886	0	0	0	1
7887	1	0	0	0
7888	0	0	1	0
7889	0	0	0	1
7890	0	0	1	0
7891	1	0	0	0
7892	1	0	0	0
7893	0	1	0	0
7894	0	0	1	0
7895	0	0	1	0
7896	1	0	0	0
7897	0	0	0	1
7898	0	0	0	1
7899	0	1	0	0
7900	0	0	0	1
7901	0	0	0	1
7902	1	0	0	0
7903	0	0	1	0
7904	0	1	0	0
7905	1	0	0	0
7906	0	1	0	0
7907	0	0	0	1
7908	0	0	0	1
7909	0	0	1	0
7910	0	1	0	0
7911	0	0	0	1
7912	0	0	0	1
7913	0	0	1	0
7914	0	0	1	0
7915	0	0	1	0
7916	1	0	0	0
7917	1	0	0	0
7918	0	0	1	0
7919	1	0	0	0
7920	0	0	0	1
7921	0	1	0	0
7922	0	0	0	1
7923	0	0	1	0
7924	0	1	0	0
7925	0	0	1	0
7926	0	0	1	0
7927	1	0	0	0
7928	1	0	0	0
7929	0	1	0	0
7930	0	1	0	0
7931	0	0	0	1
7932	0	0	1	0
7933	0	0	0	1
7934	0	0	1	0
7935	0	1	0	0
7936	0	1	0	0
7937	0	0	0	1
7938	0	1	0	0
7939	0	0	0	1
7940	0	0	0	1
7941	0	1	0	0
7942	1	0	0	0
7943	0	0	1	0
7944	0	1	0	0
7945	0	0	0	1
7946	1	0	0	0
7947	0	1	0	0
7948	0	1	0	0
7949	2	0	0	0
7950	0	2	0	0
7951	0	2	0	0
7952	2	0	0	0
7953	2	0	0	0
7954	0	0	0	2
7955	0	0	0	2
7956	0	0	2	0
7957	2	0	0	0
7958	0	0	2	0
7959	2	0	0	0
7960	0	0	2	0
7961	2	0	0	0
7962	0	2	0	0
7963	0	0	0	2
7964	0	0	0	2
7965	0	0	0	2
7966	2	0	0	0
7967	0	0	0	2
7968	2	0	0	0
7969	0	0	0	2
7970	0	0	0	2
7971	0	0	2	0
7972	1	0	0	0
7973	0	0	0	2
7974	0	0	0	2
7975	0	0	2	0
7976	0	0	0	2
7977	2	0	0	0
7978	0	0	2	0
7979	0	2	0	0
7980	0	0	2	0
7981	2	0	0	0
7982	0	0	2	0
7983	1	0	0	0
7984	0	0	1	0
7985	0	1	0	0
7986	1	0	0	0
7987	0	0	1	0
7988	0	0	0	1
7989	0	0	1	0
7990	0	0	1	0
7991	1	0	0	0
7992	1	0	0	0
7993	0	1	0	0
7994	0	0	0	1
7995	0	0	0	1
7996	0	1	0	0
7997	0	0	0	1
7998	0	0	1	0
7999	0	0	2	0
8000	0	0	2	0
8001	2	0	0	0
8002	0	2	0	0
8003	0	0	2	0
8004	0	2	0	0
8005	2	0	0	0
8006	0	0	2	0
8007	0	2	0	0
8008	2	0	0	0
8009	0	0	2	0
8010	0	2	0	0
8011	0	2	0	0
8012	0	0	0	2
8013	0	2	0	0
8014	2	0	0	0
8015	0	0	2	0
8016	0	0	2	0
8017	0	0	2	0
8018	0	0	2	0
8019	2	0	0	0
8020	0	2	0	0
8021	0	0	0	2
8022	1	0	1	0
8023	0	2	0	0
8024	2	0	0	0
8025	0	0	2	0
8026	2	0	0	0
8027	0	0	2	0
8028	1	0	1	0
8029	0	0	2	0
8030	0	0	2	0
8031	0	0	2	0
8032	0	0	0	2
8033	0	0	2	0
8034	0	0	2	0
8035	0	0	2	0
8036	2	0	0	0
8037	2	0	0	0
8038	0	0	2	0
8039	0	2	0	0
8040	0	1	0	1
8041	0	1	0	0
8042	0	0	0	2
8043	0	0	0	2
8044	2	0	0	0
8045	2	0	0	0
8046	0	0	2	0
8047	0	0	0	3
8048	2	0	0	0
8049	0	0	0	3
8050	0	2	0	1
8051	0	0	0	3
8052	0	0	3	0
8053	0	0	3	0
8054	0	0	3	0
8055	3	0	0	0
8056	1	0	1	0
8057	0	1	1	0
8058	0	1	0	1
8059	0	2	0	0
8060	0	0	0	2
8061	0	0	0	2
8062	1	0	1	0
8063	0	0	0	2
8064	1	0	1	0
8065	0	1	0	0
8066	2	0	0	0
8067	0	0	2	0
8068	0	1	0	1
8069	2	0	0	0
8070	0	0	1	1
8071	0	0	1	0
8072	0	0	1	0
8073	0	0	1	0
8074	0	0	1	0
8075	0	0	1	0
8076	0	0	0	1
8077	0	1	0	0
8078	0	0	0	1
8079	1	0	0	0
8080	0	0	1	0
8081	1	0	0	0
8082	1	0	0	0
8083	0	1	0	0
8084	0	0	0	1
8085	1	0	0	0
8086	1	0	0	0
8087	1	0	0	0
8088	0	0	1	0
8089	2	0	0	0
8090	2	0	0	0
8091	0	0	2	0
8092	2	0	0	0
8093	0	0	2	0
8094	0	0	0	2
8095	0	0	2	0
8096	0	2	0	0
8097	0	0	0	2
8098	2	0	0	0
8099	0	0	0	2
8100	0	0	0	2
8101	2	0	0	0
8102	0	0	2	0
8103	0	0	0	2
8104	0	2	0	0
8105	0	0	0	2
8106	0	0	2	0
8107	0	2	0	0
8108	0	0	0	2
8109	0	0	0	2
8110	0	0	2	0
8111	2	0	0	0
8112	0	0	0	2
8113	2	0	0	0
8114	0	1	0	1
8115	0	2	0	0
8116	2	0	0	0
8117	0	1	0	0
8118	1	0	0	0
8119	0	0	1	0
8120	0	1	0	0
8121	1	0	0	0
8122	1	0	0	0
8123	0	0	0	1
8124	1	0	0	0
8125	0	0	1	0
8126	0	1	0	0
8127	1	0	0	0
8128	0	0	1	0
8129	0	0	0	2
8130	1	0	0	0
8131	0	0	1	0
8132	0	2	0	0
8133	0	0	0	2
8134	0	0	2	0
8135	2	0	0	0
8136	2	0	0	0
8137	0	0	2	0
8138	0	0	1	0
8139	1	0	0	0
8140	1	0	0	0
8141	0	1	0	0
8142	1	0	0	0
8143	0	0	1	0
8144	1	0	0	0
8145	0	0	0	1
8146	1	0	0	0
8147	0	0	1	0
8148	0	0	1	0
8149	1	0	0	0
8150	0	0	0	0
8151	0	0	0	1
8152	0	1	0	0
8153	0	0	0	1
8154	1	0	0	0
8155	0	0	1	0
8156	1	0	0	0
8157	1	0	0	0
8158	0	0	0	0
8159	0	0	0	2
8160	2	0	0	0
8161	2	0	0	0
8162	0	0	0	2
8163	2	0	0	0
8164	0	2	0	0
8165	2	0	0	0
8166	2	0	0	0
8167	2	0	0	0
8168	0	0	2	0
8169	2	0	0	0
8170	3	0	0	0
8171	0	0	0	3
8172	0	0	0	3
8173	0	0	0	3
8174	0	0	3	0
8175	0	0	0	3
8176	3	0	0	0
8177	0	0	3	0
8178	3	0	0	0
8179	0	0	3	0
8180	0	3	0	0
8181	0	0	0	3
8182	3	0	0	0
8183	0	0	0	3
8184	0	3	0	0
8185	0	2	0	1
8186	0	0	3	0
8187	0	3	0	0
8188	3	0	0	0
8189	4	0	0	0
8190	0	4	0	0
8191	4	0	0	0
8192	0	0	0	4
8193	4	0	0	0
8194	0	4	0	0
8195	0	4	0	0
8196	0	0	0	4
8197	4	0	0	0
8198	0	3	1	0
8199	4	0	0	0
8200	5	0	0	0
8201	0	0	4	0
8202	5	0	0	0
8203	4	0	1	0
8204	0	0	0	4
8205	4	0	0	0
8206	4	0	0	0
8207	0	0	4	0
8208	4	0	0	0
8209	0	4	0	0
8210	4	0	0	0
8211	0	0	4	0
8212	0	0	4	0
8213	0	0	4	0
8214	0	4	0	0
8215	0	0	0	4
8216	0	0	0	4
8217	3	0	0	1
8218	0	0	5	0
8219	5	0	0	0
8220	5	0	0	0
8221	0	0	5	0
8222	0	2	0	3
8223	5	0	0	0
8224	0	0	5	0
8225	0	5	0	0
8226	0	0	0	5
8227	0	0	0	5
8228	0	1	0	4
8229	0	0	5	0
8230	0	5	0	0
8231	1	0	0	4
8232	5	0	0	0
8233	0	0	0	5
8234	5	0	0	0
8235	5	0	0	0
8236	5	0	0	0
8237	5	0	0	0
8238	0	0	0	5
8239	0	0	5	0
8240	0	0	5	0
8241	0	0	5	0
8242	0	0	5	0
8243	0	0	5	0
8244	0	0	5	0
8245	0	5	0	0
8246	5	0	0	0
8247	6	0	0	0
8248	0	0	7	0
8249	0	0	0	7
8250	0	0	7	0
8251	0	0	7	0
8252	0	0	0	7
8253	0	7	0	0
8254	7	0	0	0
8255	7	0	0	0
8256	7	0	0	0
8257	7	0	0	0
8258	7	0	0	0
8259	0	0	7	0
8260	0	7	0	0
8261	7	0	0	0
8262	0	0	7	0
8263	0	5	0	1
8264	7	0	0	0
8265	0	0	0	7
8266	7	0	0	0
8267	0	0	7	0
8268	0	0	0	7
8269	0	0	0	7
8270	0	0	7	0
8271	0	0	7	0
8272	7	0	0	0
8273	0	0	0	7
8274	0	0	7	0
8275	0	0	7	0
8276	0	7	0	0
8277	0	7	0	0
8278	0	0	0	7
8279	0	0	7	0
8280	0	7	0	0
8281	0	0	0	7
8282	0	0	8	0
8283	0	0	0	7
8284	8	0	0	0
8285	8	0	0	0
8286	1	0	5	2
8287	7	0	0	0
8288	0	0	8	0
8289	8	0	0	0
8290	3	4	0	0
8291	7	0	0	0
8292	0	0	7	0
8293	7	0	0	0
8294	3	0	0	4
8295	0	0	0	7
8296	4	0	3	0
8297	7	0	0	0
8298	0	0	7	0
8299	5	0	2	0
8300	4	3	0	0
8301	0	0	7	0
8302	7	0	0	0
8303	3	0	4	0
8304	0	7	0	0
8305	0	0	0	7
8306	0	4	3	0
8307	7	0	0	0
8308	0	0	7	0
8309	0	7	0	0
8310	0	7	0	0
8311	7	0	0	0
8312	0	0	6	1
8313	0	6	0	0
8314	6	0	0	0
8315	0	0	6	0
8316	0	6	0	0
8317	4	0	0	0
8318	0	1	2	0
8319	3	0	0	0
8320	0	0	2	0
8321	0	0	2	0
8322	0	0	1	0
8323	1	0	0	0
8324	0	0	1	0
8325	0	0	0	1
8326	1	0	0	0
8327	0	0	1	0
8328	0	0	1	0
8329	1	0	0	0
8330	0	0	1	0
8331	0	1	0	0
8332	1	0	0	0
8333	0	0	1	0
8334	0	1	0	0
8335	0	0	1	0
8336	0	0	0	1
8337	0	1	0	0
8338	0	0	0	1
8339	0	1	0	0
8340	0	0	0	0
8341	1	0	0	0
8342	0	0	0	0
8343	1	0	0	0
8344	0	2	0	0
8345	0	0	0	1
8346	0	0	0	1
8347	1	0	0	0
8348	0	0	1	0
8349	1	0	0	0
8350	0	0	0	1
8351	1	0	0	0
8352	1	0	0	0
8353	1	0	0	0
8354	0	0	0	1
8355	2	0	0	0
8356	0	0	0	2
8357	0	0	2	0
8358	0	0	2	0
8359	1	0	1	0
8360	0	0	2	0
8361	0	3	0	0
8362	3	0	0	0
8363	0	3	0	0
8364	0	0	0	3
8365	0	0	1	2
8366	3	0	0	0
8367	0	3	0	0
8368	3	0	0	0
8369	3	0	0	0
8370	0	0	3	0
8371	0	3	0	0
8372	3	0	0	0
8373	1	0	2	0
8374	0	3	0	0
8375	3	0	0	0
8376	3	0	0	0
8377	0	3	0	0
8378	3	0	0	0
8379	0	3	0	0
8380	3	0	0	0
8381	0	1	2	0
8382	0	3	0	0
8383	0	3	0	0
8384	1	2	0	0
8385	2	1	0	0
8386	0	3	0	0
8387	3	0	0	0
8388	2	1	0	0
8389	0	0	0	3
8390	4	0	0	0
8391	4	0	0	0
8392	0	0	0	5
8393	0	2	3	0
8394	1	3	0	0
8395	0	0	1	4
8396	0	0	4	0
8397	1	4	0	0
8398	0	1	0	4
8399	0	0	0	5
8400	0	0	5	0
8401	0	0	0	5
8402	0	0	4	0
8403	0	5	0	0
8404	0	5	0	0
8405	0	0	0	5
8406	0	0	5	0
8407	0	0	4	0
8408	0	5	0	0
8409	0	0	0	5
8410	0	0	5	0
8411	0	4	1	0
8412	5	0	0	0
8413	5	0	0	0
8414	0	0	5	0
8415	0	5	0	0
8416	4	0	0	0
8417	0	4	0	0
8418	4	0	0	0
8419	3	0	0	0
8420	0	0	3	0
8421	3	0	0	0
8422	0	0	3	0
8423	1	0	2	0
8424	3	0	0	0
8425	1	0	1	0
8426	0	0	2	0
8427	2	0	0	0
8428	2	0	0	0
8429	0	0	2	0
8430	2	0	0	0
8431	2	0	0	0
8432	0	0	2	0
8433	2	0	0	0
8434	2	0	0	0
8435	0	0	2	0
8436	0	0	0	2
8437	2	0	0	0
8438	0	0	2	0
8439	0	0	2	0
8440	0	2	0	0
8441	0	0	0	2
8442	0	0	0	2
8443	0	0	0	2
8444	0	2	0	0
8445	0	2	0	0
8446	2	0	0	0
8447	0	0	2	0
8448	0	0	0	2
8449	0	2	0	0
8450	2	0	0	0
8451	0	0	2	0
8452	2	0	0	0
8453	0	2	0	0
8454	0	2	0	0
8455	0	0	0	2
8456	0	2	0	0
8457	2	0	0	0
8458	0	0	2	0
8459	0	0	2	0
8460	0	0	0	2
8461	0	0	2	0
8462	0	2	0	0
8463	0	2	0	0
8464	0	0	0	2
8465	0	0	1	1
8466	0	0	0	2
8467	2	0	0	0
8468	2	0	0	0
8469	0	0	2	0
8470	2	0	0	0
8471	0	1	0	0
8472	0	2	0	0
8473	2	0	0	0
8474	2	0	0	0
8475	0	0	0	2
8476	0	0	2	0
8477	2	0	0	0
8478	0	1	0	0
8479	0	0	0	1
8480	0	0	0	1
8481	0	0	0	1
8482	0	0	0	1
8483	1	0	0	0
8484	1	0	0	0
8485	0	0	3	0
8486	0	0	4	0
8487	0	1	3	0
8488	4	0	0	0
8489	0	0	4	0
8490	0	4	0	0
8491	4	0	0	0
8492	0	0	0	3
8493	0	0	0	4
8494	0	3	0	1
8495	0	0	4	0
8496	4	0	0	0
8497	0	0	0	4
8498	0	4	0	0
8499	0	0	0	4
8500	0	3	0	0
8501	3	0	0	0
8502	0	0	4	0
8503	0	4	0	0
8504	0	0	0	3
8505	0	0	0	4
8506	0	4	0	0
8507	0	0	0	4
8508	0	0	0	4
8509	0	0	0	4
8510	0	0	0	3
8511	1	0	0	3
8512	4	0	0	0
8513	4	0	0	0
8514	6	0	0	0
8515	6	0	0	0
8516	0	0	5	0
8517	6	0	0	0
8518	5	0	0	0
8519	6	0	0	0
8520	5	0	0	0
8521	0	0	4	0
8522	0	0	3	0
8523	0	0	5	0
8524	0	0	4	0
8525	0	0	5	0
8526	0	0	4	0
8527	5	0	0	0
8528	0	5	0	0
8529	0	0	0	5
8530	0	0	5	0
8531	0	0	5	0
8532	5	0	0	0
8533	2	0	0	3
8534	0	0	5	0
8535	0	0	3	0
8536	0	0	4	0
8537	0	0	0	5
8538	0	0	0	5
8539	5	0	0	0
8540	5	0	0	0
8541	0	0	0	4
8542	0	0	0	4
8543	0	4	0	1
8544	5	0	0	0
8545	0	5	0	0
8546	0	0	0	5
8547	0	5	0	0
8548	0	4	0	1
8549	4	1	0	0
8550	5	0	0	0
8551	0	0	5	0
8552	5	0	0	0
8553	5	0	0	0
8554	5	0	0	0
8555	3	0	0	0
8556	0	0	5	0
8557	0	0	2	0
8558	0	2	0	0
8559	2	0	0	0
8560	2	0	0	0
8561	0	0	2	0
8562	2	0	0	0
8563	2	0	0	0
8564	2	0	0	0
8565	0	0	0	2
8566	0	2	0	0
8567	0	2	0	0
8568	0	0	0	2
8569	0	0	0	2
8570	0	0	2	0
8571	2	0	0	0
8572	0	0	0	2
8573	0	0	0	2
8574	0	0	0	2
8575	0	0	2	0
8576	0	0	0	2
8577	0	0	2	0
8578	0	0	2	0
8579	0	0	2	0
8580	0	0	0	2
8581	0	1	0	1
8582	0	0	0	2
8583	2	0	0	0
8584	0	0	0	2
8585	0	1	0	0
8680	1	0	0	0
8681	0	0	1	0
8682	0	0	0	2
8683	0	0	1	1
8684	0	0	2	0
8685	2	0	0	0
8686	0	2	0	0
8687	0	2	0	0
8688	0	2	0	0
8689	2	0	0	0
8690	2	0	0	0
8691	0	0	2	0
8692	0	0	2	0
8693	0	0	2	0
8694	2	0	0	0
8695	2	0	0	0
8696	0	0	2	0
8697	0	0	0	2
8698	2	0	0	0
8699	0	0	2	0
8700	2	0	0	0
8701	5	0	0	0
8702	0	0	5	0
8703	4	0	0	0
8704	0	0	5	0
8705	1	0	4	0
8706	0	5	0	0
8707	0	6	0	0
8708	6	0	0	0
8709	6	0	0	0
8710	0	6	0	0
8711	5	0	1	0
8712	6	0	0	0
8713	3	0	3	0
8714	0	0	6	0
8715	0	0	6	0
8716	5	0	0	0
8717	0	0	6	0
8718	6	0	0	0
8719	6	0	0	0
8720	5	0	0	0
8721	5	0	0	0
8722	0	6	0	0
8723	5	0	0	0
8724	5	0	0	0
8725	0	6	0	0
8726	3	0	0	3
8727	0	0	6	0
8728	0	0	0	5
8729	0	1	0	5
8730	0	0	0	6
8731	0	0	6	0
8732	0	3	0	3
8733	0	0	0	6
8734	6	0	0	0
8735	0	5	0	0
8736	5	0	0	0
8737	0	6	0	0
8738	0	6	0	0
8739	0	6	0	0
8740	0	0	0	6
8741	4	2	0	0
8742	0	0	0	6
8743	3	0	2	0
8744	3	0	0	3
8745	0	0	6	0
8746	0	5	0	0
8747	0	6	0	0
8748	2	0	0	3
8749	2	0	3	0
8750	0	5	0	0
8751	5	0	0	0
8752	0	0	0	5
8753	0	0	5	0
8754	0	0	5	0
8755	4	0	0	0
8756	4	0	0	0
8757	0	0	0	4
8758	0	0	4	0
8759	0	0	4	0
8760	4	0	0	0
8761	1	0	3	0
8762	0	0	4	0
8763	3	0	0	0
8764	0	0	0	4
8765	0	0	4	0
8766	2	1	0	0
8767	1	0	0	3
8768	0	0	4	0
8769	4	0	0	0
8770	0	0	1	3
8771	4	0	0	0
8772	0	0	3	0
8773	4	0	0	0
8774	0	0	4	0
8775	4	0	0	0
8776	1	0	0	0
8777	0	0	1	0
8778	0	0	0	1
8779	1	0	0	0
8780	0	0	0	1
8781	0	0	0	1
8782	1	0	0	0
8783	1	0	0	0
8784	1	0	0	0
8785	0	0	1	0
8786	0	0	0	1
8787	0	0	1	0
8788	0	0	1	0
8789	0	0	1	0
8790	0	0	0	1
8791	0	0	1	0
8792	0	0	0	1
8793	0	0	0	1
8794	0	0	0	1
8795	0	0	1	0
8796	1	0	0	0
8797	0	1	0	0
8798	1	0	0	0
8799	0	0	1	0
8800	0	1	0	0
8801	1	0	0	0
8802	0	0	1	0
8803	0	1	0	0
8804	0	1	0	0
8805	0	0	0	1
8806	1	0	0	0
8807	0	0	1	0
8808	0	1	0	0
8809	1	0	0	0
8810	0	1	0	0
8811	0	0	1	0
8812	0	1	0	0
8813	1	0	0	0
8814	0	0	1	0
8815	1	0	0	0
8816	0	1	0	0
