	A	C	G	T
186	0	1	0	0
187	0	0	1	0
188	0	0	1	0
189	0	1	0	0
190	1	0	0	0
191	1	0	0	0
192	0	0	1	0
193	1	0	0	0
194	0	0	1	0
195	0	0	1	0
196	0	1	0	0
197	0	0	1	0
198	1	0	0	0
199	0	0	1	0
200	1	0	0	0
201	0	0	1	0
202	0	1	0	0
203	0	0	1	0
204	0	0	1	0
205	0	1	0	0
206	0	0	1	0
207	0	0	1	0
208	0	1	0	0
209	0	0	0	1
210	0	0	1	0
211	0	0	1	0
212	0	0	0	1
213	0	0	1	0
214	1	0	0	0
215	0	0	1	0
216	0	0	0	1
217	1	0	0	0
218	0	1	0	0
219	0	0	1	0
220	0	1	0	0
221	0	1	0	0
222	1	0	0	0
223	1	0	0	0
224	0	0	0	0
225	1	0	0	0
226	0	0	0	1
227	0	0	0	1
228	0	0	0	1
229	1	0	0	0
230	0	0	0	1
231	0	0	0	1
232	0	0	0	1
233	0	0	1	0
234	1	0	0	0
235	0	1	0	0
236	0	0	0	1
237	1	0	0	0
238	0	0	1	0
239	0	1	0	0
240	0	0	1	0
241	0	0	1	0
242	1	0	0	0
243	0	0	1	0
244	0	0	1	0
245	0	1	0	0
246	0	0	0	1
247	1	0	0	0
248	0	0	1	0
249	1	0	0	0
250	1	0	0	0
251	0	0	1	0
252	0	0	1	0
253	1	0	0	0
254	0	0	1	0
468	1	0	0	0
469	0	0	1	0
470	0	0	1	0
471	1	0	0	0
472	1	0	0	0
473	0	1	0	0
474	1	0	0	0
475	0	0	2	0
476	2	0	0	0
477	0	0	2	0
478	0	0	2	0
479	2	0	0	0
480	1	0	0	0
481	2	0	0	0
482	0	0	0	2
483	0	0	0	2
484	2	0	0	0
485	2	0	0	0
486	2	0	0	0
487	0	0	0	2
488	0	2	0	0
489	2	0	0	0
490	0	0	0	2
491	0	0	0	2
492	2	0	0	0
493	0	0	0	2
494	0	0	0	2
495	0	2	0	0
496	2	0	0	0
497	2	0	0	0
498	0	2	0	0
499	2	0	0	0
500	0	2	0	0
501	2	0	0	0
502	0	0	2	0
503	0	0	0	2
504	2	0	0	0
505	0	0	2	0
506	0	2	0	0
507	2	0	0	0
508	2	0	0	0
509	0	2	0	0
510	0	0	0	2
511	0	2	0	0
512	0	0	0	2
513	0	2	0	0
514	0	0	0	2
515	2	0	0	0
516	0	0	0	2
517	0	0	0	2
518	0	0	2	0
519	0	0	0	2
520	0	0	2	0
521	0	0	0	2
522	2	0	0	0
523	0	2	0	0
524	2	0	0	0
525	0	0	0	2
526	0	2	0	0
527	2	0	0	0
528	2	0	0	0
529	2	0	0	0
530	1	0	1	0
531	2	0	0	0
532	2	0	0	0
533	0	0	0	2
534	2	0	0	0
535	0	0	2	0
536	2	0	0	0
537	0	0	0	2
538	0	0	2	0
539	0	0	0	2
540	2	0	0	0
541	0	2	0	0
542	0	0	2	0
543	2	0	0	0
544	0	0	2	0
545	2	0	0	0
546	0	2	0	0
547	2	0	0	0
548	0	2	0	0
549	0	2	0	0
550	2	0	0	0
551	2	0	0	0
552	0	0	2	0
553	0	0	2	0
554	2	0	0	0
555	2	0	0	0
556	0	0	2	0
557	0	1	0	0
558	0	1	0	0
559	0	0	0	1
560	0	0	0	1
561	1	0	0	0
562	0	0	1	0
563	1	0	0	0
564	0	1	0	0
565	1	0	0	0
566	1	0	0	0
567	0	0	1	0
568	1	0	0	0
569	0	0	0	1
680	0	0	0	0
681	0	1	0	0
682	0	1	0	0
683	1	0	0	0
684	0	0	1	0
685	0	1	0	0
686	0	1	0	0
687	0	1	0	0
688	0	1	0	0
689	0	0	0	1
690	1	0	0	0
691	0	0	0	1
692	0	1	0	0
693	1	0	0	0
694	0	1	0	0
695	0	1	0	0
696	0	1	0	0
697	1	0	0	0
698	0	0	1	0
699	1	0	0	0
700	1	0	0	0
701	0	1	0	0
702	0	1	0	0
703	0	0	0	1
704	0	0	0	1
705	0	0	1	0
706	1	0	0	0
707	1	0	0	0
708	0	0	0	1
709	0	0	1	0
710	0	1	0	0
711	1	0	0	0
712	0	0	0	1
713	0	0	1	0
714	0	0	1	0
715	0	0	1	0
716	0	0	0	1
717	1	0	0	0
718	1	0	0	0
719	1	0	0	0
720	1	0	0	0
721	0	0	1	0
722	0	1	0	0
723	1	0	0	0
724	0	0	1	0
725	0	0	0	1
726	1	0	0	0
727	0	0	1	0
728	1	0	0	0
729	0	0	1	0
730	0	0	1	0
731	1	0	0	0
732	0	0	1	0
733	1	0	0	0
734	1	0	0	0
735	0	0	1	0
736	0	0	1	0
737	0	1	0	0
738	0	0	0	1
739	0	0	0	1
740	0	0	0	1
741	0	0	0	1
742	1	0	0	0
743	0	0	1	0
744	0	1	0	0
745	0	1	0	0
746	0	1	0	0
747	1	0	0	0
748	0	0	1	0
749	1	0	0	0
750	0	0	1	0
751	0	0	1	0
752	0	0	0	1
753	1	0	0	0
754	1	0	0	0
755	0	0	0	1
756	1	0	0	0
757	0	1	0	0
758	0	1	0	0
759	0	1	0	0
760	1	0	0	0
761	0	0	0	1
762	0	0	1	0
763	0	0	0	1
764	0	0	0	1
765	0	0	0	1
766	1	0	0	0
767	0	0	0	1
768	1	0	0	0
769	0	0	1	0
770	0	1	0	0
771	1	0	0	0
772	0	0	0	1
773	0	0	0	1
774	33	0	0	0
775	0	0	0	41
776	0	41	0	0
777	41	0	0	0
778	0	0	41	0
779	41	0	0	0
780	41	0	0	0
781	0	0	40	0
782	0	0	41	0
783	41	0	0	0
784	0	0	41	0
785	0	40	0	0
786	0	41	0	0
787	41	0	0	0
788	0	41	0	0
789	0	41	0	0
790	0	41	0	0
791	0	41	0	0
792	41	0	0	0
793	0	41	0	0
794	40	0	0	0
832	0	1	0	0
833	1	0	0	0
834	1	0	0	0
835	0	0	1	0
836	0	0	0	0
837	1	0	0	0
838	0	0	1	0
839	0	1	0	0
840	0	1	0	0
841	1	0	0	0
842	0	0	0	0
843	0	0	1	0
844	0	1	0	0
845	1	0	0	0
846	1	0	0	0
847	1	0	0	0
848	0	0	0	1
849	0	0	1	0
850	0	0	0	1
851	0	0	0	1
852	1	0	0	0
853	1	0	0	0
854	1	0	0	0
855	1	0	0	0
856	0	0	1	0
857	1	0	0	0
858	0	0	0	1
859	1	0	0	0
860	0	2	0	0
861	0	2	0	0
862	2	0	0	0
863	0	0	0	2
864	0	2	0	0
865	2	0	0	0
866	2	0	0	0
867	0	0	0	2
868	0	0	2	0
869	2	0	0	0
870	2	0	0	0
871	0	0	2	0
872	2	0	0	0
873	0	0	2	0
874	0	0	2	0
875	0	2	0	0
876	0	0	0	2
877	0	0	1	0
878	0	2	0	0
879	2	0	0	0
880	0	0	2	0
881	2	0	0	0
882	2	0	0	0
883	0	0	0	2
884	0	0	2	0
885	0	0	2	0
886	0	0	2	0
887	2	0	0	0
888	0	0	0	2
889	2	0	0	0
890	0	0	2	0
891	1	0	1	0
892	0	0	0	2
893	0	0	0	2
894	2	0	0	0
895	0	2	0	0
896	2	0	0	0
897	0	0	0	2
898	0	2	0	0
899	0	2	0	0
900	2	0	0	0
901	0	0	2	0
902	0	0	0	2
903	2	0	0	0
904	0	1	0	0
905	1	0	0	0
906	0	0	0	1
907	0	0	1	0
908	0	1	0	0
909	1	0	0	0
910	0	0	1	0
911	0	0	1	0
912	0	0	1	0
913	0	1	0	0
914	0	1	0	0
915	0	0	0	1
916	1	0	0	0
917	0	0	0	1
918	0	0	0	1
919	0	0	1	0
920	0	1	0	0
921	1	0	0	0
922	0	1	0	0
923	0	1	0	0
924	1	0	0	0
925	0	0	1	0
926	0	0	1	0
927	0	1	0	0
928	0	1	0	0
929	1	0	0	0
930	1	0	0	0
931	1	0	0	0
932	0	0	0	1
933	0	0	1	0
934	1	0	0	0
935	0	0	1	0
936	1	0	0	0
937	0	0	1	0
938	1	0	0	0
939	1	0	0	0
940	0	1	0	0
941	0	1	0	0
942	1	0	0	0
943	1	0	0	0
944	0	0	2	0
945	0	0	2	0
946	0	0	2	0
947	0	0	2	0
948	2	0	0	0
949	2	0	0	0
950	0	0	2	0
951	0	0	0	3
952	0	0	3	0
953	3	0	0	0
954	0	3	0	0
955	3	0	0	0
956	0	0	0	2
957	3	0	0	0
958	0	0	3	0
959	0	3	0	0
960	3	0	0	0
961	0	0	3	0
962	0	0	3	0
963	3	0	0	0
964	3	0	0	0
965	0	3	0	0
966	0	0	0	2
967	2	0	0	0
968	0	2	0	0
969	0	0	0	2
970	2	0	0	0
971	0	0	2	0
972	0	0	0	2
973	2	0	0	0
974	0	2	0	0
975	0	2	0	0
976	0	2	0	0
977	0	0	0	2
978	0	0	0	2
979	0	2	0	0
980	2	0	0	0
981	0	0	2	0
982	0	0	2	0
983	2	0	0	0
984	2	0	0	0
985	0	2	0	0
986	2	0	0	0
987	1	0	0	0
988	2	0	0	0
989	0	0	0	2
990	2	0	0	0
991	0	0	2	0
992	0	2	0	0
993	2	0	0	0
994	0	0	0	2
995	0	0	2	0
996	0	0	2	0
997	2	0	0	0
998	0	0	0	2
999	0	0	2	0
1000	2	0	0	0
1001	0	2	0	0
1002	2	0	0	0
1003	1	0	0	0
1004	0	0	1	0
1005	0	0	0	1
1006	1	0	0	0
1007	1	0	0	0
1008	0	1	0	0
1009	0	1	0	0
1010	0	1	0	0
1011	1	0	0	0
1012	0	1	0	0
1013	0	1	0	0
1014	0	0	0	1
1015	0	0	1	0
1016	0	0	0	1
1017	0	0	0	1
1018	0	1	0	0
1019	0	1	0	0
1020	1	0	0	0
1021	0	0	1	0
1022	0	1	0	0
1023	0	0	1	0
1024	0	0	1	0
1025	0	0	1	0
1040	0	0	1	0
1041	1	0	0	0
1042	0	0	0	1
1043	0	0	1	0
1044	0	0	1	0
1045	1	0	0	0
1046	0	0	0	1
1047	1	0	0	0
1048	0	0	1	0
1049	0	0	0	1
1050	0	0	0	1
1051	0	1	0	0
1052	0	0	0	1
1053	0	0	1	0
1054	0	0	1	0
1055	0	0	1	0
1056	0	0	0	1
1057	0	0	0	1
1058	0	0	0	1
1059	1	0	0	0
1060	1	0	0	0
1061	1	0	0	0
1062	0	0	0	1
1063	1	0	0	0
1064	1	0	0	0
1065	0	0	1	0
1066	1	0	0	0
1067	0	0	0	1
1068	1	0	0	0
1069	0	0	1	0
1070	0	0	0	1
1071	1	0	0	0
1072	1	0	0	0
1073	0	0	1	0
1074	1	0	0	0
1075	1	0	0	0
1076	0	0	0	1
1077	0	0	1	0
1078	0	0	0	1
1079	1	0	0	0
1080	0	0	0	1
1081	1	0	0	0
1082	0	0	1	0
1083	0	1	0	0
1084	0	1	0	0
1085	0	1	0	0
1086	0	0	0	1
1087	0	0	1	0
1088	0	0	0	1
1089	0	1	0	0
1090	1	0	0	0
1091	0	0	1	0
1092	0	1	0	0
1093	1	0	0	0
1094	0	0	0	1
1095	0	0	0	1
1096	0	0	0	1
1097	0	0	0	1
1098	0	0	1	0
1099	0	0	1	0
1100	1	0	0	0
1101	0	0	0	1
1102	1	0	0	0
1103	0	0	0	1
1104	1	0	0	0
1105	1	0	0	0
1106	1	0	0	0
1107	1	0	0	0
1108	0	1	0	0
1109	1	0	0	0
1110	1	0	0	0
1111	0	0	1	0
1260	1	0	0	0
1261	0	0	1	0
1262	0	0	1	0
1263	1	0	0	0
1264	0	1	0	0
1265	0	1	0	0
1266	1	0	0	0
1267	0	0	1	0
1268	0	0	1	0
1269	0	0	1	0
1270	0	0	1	0
1271	0	1	0	0
1272	0	0	0	1
1273	1	0	0	0
1274	0	1	0	0
1275	1	0	0	0
1276	0	0	0	1
1277	0	0	0	1
1278	1	0	0	0
1279	0	0	1	0
1280	1	0	0	0
1281	1	0	0	0
1282	0	0	1	0
1283	1	0	0	0
1284	1	0	0	0
1285	1	0	0	0
1286	0	0	0	1
1287	0	0	1	0
1288	1	0	0	0
1289	0	0	0	1
1290	0	0	1	0
1291	1	0	0	0
1292	0	1	0	0
1293	1	0	0	0
1294	0	0	1	0
1295	0	1	0	0
1296	1	0	0	0
1297	0	0	0	1
1298	0	0	1	0
1299	1	0	0	0
1300	0	1	0	0
1301	1	0	0	0
1302	0	0	1	0
1460	0	0	1	0
1461	0	1	0	0
1462	1	0	0	0
1463	0	0	1	0
1464	1	0	0	0
1465	0	0	1	0
1466	0	1	0	0
1467	0	0	0	1
1468	0	1	0	0
1469	0	1	0	0
1470	0	0	0	1
1471	1	0	0	0
1472	0	0	1	0
1473	1	0	0	0
1474	1	0	0	0
1475	1	0	0	0
1476	1	0	0	0
1477	1	0	0	0
1478	1	0	0	0
1479	0	0	1	0
1480	0	0	1	0
1481	0	0	1	0
1482	0	1	0	0
1483	0	0	0	1
1484	0	0	1	0
1485	0	0	0	1
1486	0	0	0	1
1487	0	0	1	0
1488	0	0	1	0
1489	1	0	0	0
1490	1	0	0	0
1491	1	0	0	0
1492	0	0	0	1
1493	0	0	1	0
1494	0	0	0	1
1495	0	0	1	0
1496	0	0	1	0
1497	1	0	0	0
1498	1	0	0	0
1499	1	0	0	0
1500	0	0	1	0
1501	0	0	1	0
1502	1	0	0	0
1503	1	0	0	0
1504	0	0	1	0
1505	0	0	1	0
1506	1	0	0	0
1507	0	1	0	0
1508	1	0	0	0
1509	0	0	0	1
1510	0	1	0	0
1511	1	0	0	0
1512	1	0	0	0
1513	1	0	0	0
1514	0	0	0	1
1515	0	0	1	0
1516	1	0	0	0
1517	1	0	0	0
1518	1	0	0	0
1519	0	0	1	0
1520	1	0	0	0
1521	0	0	0	1
1522	0	0	0	1
1523	0	0	1	0
1524	0	0	0	1
1525	1	0	0	0
1526	0	1	0	0
1527	0	0	0	1
1528	0	0	1	0
1529	1	0	0	0
1530	0	0	1	0
1531	1	0	0	0
1532	0	0	1	0
1533	0	0	1	0
1534	0	1	0	0
1707	1	0	0	0
1708	0	1	0	0
1709	0	0	0	1
1710	0	1	0	0
1711	0	0	0	1
1712	0	0	0	1
1713	0	0	0	1
1714	0	0	1	0
1715	0	0	1	0
1716	0	1	0	0
1717	1	0	0	0
1718	0	0	1	0
1719	0	1	0	0
1720	0	0	1	0
1721	1	0	0	0
1722	0	1	0	0
1723	0	1	0	0
1724	0	1	0	0
1725	0	1	0	0
1726	0	0	0	1
1727	0	0	0	1
1728	0	0	1	0
1729	0	0	0	1
1730	0	1	0	0
1731	0	0	0	1
1732	0	1	0	0
1733	1	0	0	0
1734	1	0	0	0
1735	0	0	0	1
1736	1	0	0	0
1737	1	0	0	0
1738	0	0	1	0
1739	1	0	0	0
1740	0	0	1	0
1741	0	0	0	1
1742	1	0	0	0
1743	0	0	1	0
1744	0	0	1	0
1745	0	0	1	0
1746	0	0	1	0
1747	0	0	1	0
1748	0	0	0	1
1749	0	1	0	0
1750	1	0	0	0
1751	0	0	1	0
1752	0	0	1	0
1753	0	0	0	1
1754	0	0	1	0
1755	1	0	0	0
1756	0	0	1	0
1757	0	0	1	0
1758	0	0	1	0
1759	1	0	0	0
1760	0	0	1	0
1761	0	0	1	0
1762	0	1	0	0
1763	0	0	0	1
1764	0	1	0	0
1765	0	0	0	1
1766	0	1	0	0
1767	0	0	0	1
1768	0	0	0	1
1769	1	0	0	0
1770	0	0	1	0
1771	1	0	0	0
1772	0	1	0	0
1773	1	0	0	0
1774	0	1	0	0
1775	1	0	0	0
1776	0	0	1	0
1777	0	0	1	0
1778	1	0	0	0
1779	0	0	1	0
1780	0	1	0	0
1781	1	0	0	0
1782	0	0	1	0
1783	1	0	0	0
1784	0	0	0	1
2064	0	0	0	1
2065	0	0	1	0
2066	0	0	1	0
2067	0	1	0	0
2068	0	1	0	0
2069	1	0	0	0
2070	0	0	0	1
2071	0	0	0	1
2072	0	0	1	0
2073	1	0	0	0
2074	0	1	0	0
2075	1	0	0	0
2076	0	0	1	0
2077	1	0	0	0
2078	1	0	0	0
2079	0	0	1	0
2080	1	0	0	0
2081	0	0	1	0
2082	1	0	0	0
2083	1	0	0	0
2084	1	0	0	0
2085	1	0	0	0
2086	0	0	0	1
2087	1	0	0	0
2088	1	0	0	0
2089	1	0	0	0
2090	1	0	0	0
2091	0	0	1	0
2092	0	1	0	0
2093	1	0	0	0
2094	0	0	0	1
2095	0	0	0	1
2096	1	0	0	0
2097	1	0	0	0
2098	0	1	0	0
2099	1	0	0	0
2100	0	0	1	0
2101	0	1	0	0
2102	1	0	0	0
2103	1	0	0	0
2104	0	0	0	1
2105	0	0	0	1
2106	0	0	0	1
2107	0	0	1	0
2108	0	0	0	1
2109	0	0	1	0
2110	1	0	0	0
2111	1	0	0	0
2112	0	0	1	0
2113	1	0	0	0
2114	1	0	0	0
2115	1	0	0	0
2116	0	0	0	1
2117	0	0	1	0
2118	0	0	1	0
2119	1	0	0	0
2120	0	0	1	0
2121	1	0	0	0
2122	1	0	0	0
2123	0	0	1	0
2124	0	0	1	0
2125	1	0	0	0
2126	1	0	0	0
2127	0	0	1	0
2128	0	0	1	0
2129	1	0	0	0
2130	1	0	0	0
2131	1	0	0	0
2132	1	0	0	0
2133	1	0	0	0
2134	0	0	0	1
2135	0	0	0	1
2136	1	0	0	0
2137	0	1	0	0
2138	1	0	0	0
2139	1	0	0	0
2140	1	0	0	0
2141	1	0	0	0
2142	1	0	0	0
2143	0	0	0	1
2144	0	0	0	1
2145	0	0	1	0
2146	0	0	1	0
2147	0	0	1	0
2148	0	1	0	0
2149	0	1	0	0
2200	0	1	0	0
2201	0	0	0	1
2202	1	0	0	0
2203	1	0	0	0
2204	1	0	0	0
2205	0	0	0	1
2206	0	0	1	0
2207	0	0	1	0
2208	1	0	0	0
2209	0	0	1	0
2210	1	0	0	0
2211	1	0	0	0
2212	1	0	0	0
2213	1	0	0	0
2214	0	0	0	1
2215	0	0	0	1
2216	1	0	0	0
2217	0	0	1	0
2218	0	0	0	1
2219	1	0	0	0
2220	0	0	1	0
2221	1	0	0	0
2222	0	0	0	1
2223	0	0	0	1
2224	0	0	0	1
2225	0	1	0	0
2226	1	0	0	0
2227	0	0	1	0
2228	0	0	1	0
2229	0	0	1	0
2230	1	0	0	0
2231	1	0	0	0
2232	0	1	0	0
2233	0	0	0	1
2234	0	1	0	0
2235	1	0	0	0
2236	1	0	0	0
2237	0	0	0	1
2238	1	0	0	0
2239	1	0	0	0
2240	1	0	0	0
2241	1	0	0	0
2242	0	0	1	0
2243	1	0	0	0
2244	1	0	0	0
2245	0	1	0	0
2246	0	0	0	1
2247	0	1	0	0
2248	1	0	0	0
2249	1	0	0	0
2250	0	0	1	0
2251	1	0	0	0
2252	0	1	0	0
2253	0	0	0	1
2254	0	0	0	1
2255	0	0	0	1
2256	0	0	0	1
2257	0	0	1	0
2258	0	0	1	0
2259	0	0	1	0
2260	1	0	0	0
2261	0	0	1	0
2262	0	0	1	0
2263	0	0	0	1
2264	0	0	0	1
2265	0	1	0	0
2266	1	0	0	0
2267	1	0	0	0
2268	0	0	0	1
2269	0	0	0	1
2270	1	0	0	0
2271	0	0	1	0
2272	0	0	1	0
2273	1	0	0	0
2274	1	0	0	0
2275	0	0	0	1
2276	1	0	0	0
2277	0	1	0	0
2278	0	1	0	0
2279	1	0	0	0
2280	0	1	0	0
2281	1	0	0	0
2282	0	1	0	0
2283	0	1	0	0
2284	0	1	0	0
2285	1	0	0	0
2286	0	0	1	0
2287	0	1	0	0
2288	1	0	0	0
2289	0	0	1	0
2290	0	0	1	0
2291	0	0	1	0
2292	0	0	0	1
2293	0	0	0	1
2294	1	0	0	0
2295	1	0	0	0
2296	1	0	0	0
2297	1	0	0	0
2298	1	0	0	0
2299	1	0	0	0
2300	0	0	1	0
2301	1	0	0	0
2302	1	0	0	0
2303	1	0	0	0
2304	1	0	0	0
2305	1	0	0	0
2306	1	0	0	0
2307	0	1	0	0
2308	0	1	0	0
2309	1	0	0	0
2310	0	0	1	0
2637	1	0	0	0
2638	0	1	0	0
2639	0	0	0	0
2640	1	0	0	0
2641	0	1	0	0
2642	1	0	0	0
2643	0	1	0	0
2644	0	1	0	0
2645	1	0	0	0
2646	0	0	1	0
2647	1	0	0	0
2648	0	1	0	0
2649	1	0	0	0
2650	1	0	0	0
2651	0	0	1	0
2652	1	0	0	0
2653	1	0	0	0
2654	1	0	0	0
2655	0	1	0	0
2656	1	0	0	0
2657	0	1	0	0
2658	0	1	0	0
2659	1	0	0	0
2660	0	0	1	0
2661	1	0	0	0
2662	1	0	0	0
2663	1	0	0	0
2664	0	0	1	0
2665	1	0	0	0
2666	1	0	0	0
2667	0	1	0	0
2668	0	1	0	0
2669	0	1	0	0
2670	0	1	0	0
2671	0	1	0	0
2672	1	0	0	0
2673	0	0	0	1
2674	0	0	0	1
2675	0	0	0	1
2676	0	1	0	0
2677	0	0	0	1
2678	0	0	0	1
2679	0	0	0	1
2680	0	0	1	0
2681	0	0	1	0
2682	1	0	0	0
2683	0	0	0	1
2684	0	0	1	0
2685	0	0	1	0
2686	0	0	1	0
2687	0	0	1	0
2688	0	0	0	1
2689	1	0	0	0
2690	0	0	0	1
2691	0	0	1	0
2692	1	0	0	0
2693	1	0	0	0
2694	0	1	0	0
2695	0	0	0	1
2696	0	1	0	0
2697	0	1	0	0
2698	1	0	0	0
2699	0	0	0	1
2700	0	1	0	0
2701	0	1	0	0
2702	0	0	0	1
2703	0	0	1	0
2704	1	0	0	0
2705	0	1	0	0
2706	1	0	0	0
2707	1	0	0	0
2708	1	0	0	0
2709	0	0	0	1
2710	0	0	1	0
2711	0	0	1	0
2712	1	0	0	0
2713	0	1	0	0
2714	1	0	0	0
2715	0	0	1	0
2716	0	0	0	1
2717	1	0	0	0
2718	0	1	0	0
2719	1	0	0	0
2720	0	0	1	0
2721	0	1	0	0
2722	0	0	0	0
2723	0	0	0	1
2724	1	0	0	0
2725	0	0	0	1
2726	1	0	0	0
2727	0	1	0	0
2728	1	0	0	0
2729	0	0	1	0
2730	0	1	0	0
2731	0	0	0	1
2732	0	0	1	0
2733	0	1	0	0
2734	0	1	0	0
2909	0	0	1	0
2910	1	0	0	0
2911	1	0	0	0
2912	0	1	0	0
2913	1	0	0	0
2914	0	0	1	0
2915	0	0	1	0
2916	0	0	1	0
2917	1	0	0	0
2918	1	0	0	0
2919	1	0	0	0
2920	0	0	0	1
2921	0	0	0	1
2922	0	1	0	0
2923	0	0	0	1
2924	1	0	0	0
2925	1	0	0	0
2926	1	0	0	0
2927	1	0	0	0
2928	0	0	1	0
2929	1	0	0	0
2930	1	0	0	0
2931	0	1	0	0
2932	0	1	0	0
2933	1	0	0	0
2934	0	0	1	0
2935	0	0	0	1
2936	1	0	0	0
2937	0	1	0	0
2938	1	0	0	0
2939	0	0	0	1
2940	0	0	1	0
2941	0	0	1	0
2942	0	0	1	0
2943	0	0	1	0
2944	0	0	0	1
2945	1	0	0	0
2946	0	0	0	1
2947	1	0	0	0
2948	0	0	0	1
2949	0	0	0	1
2950	1	0	0	0
2951	0	0	0	1
2952	0	0	1	0
2953	1	0	0	0
2954	0	1	0	0
2955	0	1	0	0
2956	0	1	0	0
2957	1	0	0	0
2958	0	0	0	1
2959	0	1	0	0
2960	1	0	0	0
2961	1	0	0	0
2962	1	0	0	0
2963	0	0	1	0
2964	0	0	1	0
2965	1	0	0	0
2966	0	1	0	0
2967	0	1	0	0
2968	0	0	0	1
2969	1	0	0	0
2970	1	0	0	0
2971	0	0	0	1
2972	1	0	0	0
2973	0	0	1	0
2974	0	1	0	0
2975	0	0	0	1
2976	0	0	1	0
2977	1	0	0	0
2978	1	0	0	0
2979	1	0	0	0
2980	0	0	0	1
3114	1	0	0	0
3115	1	0	0	0
3116	1	0	0	0
3117	1	0	0	0
3118	0	0	0	1
3119	1	0	0	0
3120	0	0	1	0
3121	0	1	0	0
3122	0	1	0	0
3123	0	0	0	1
3124	0	0	0	1
3125	0	0	1	0
3126	0	0	1	0
3127	1	0	0	0
3128	1	0	0	0
3129	0	0	0	1
3130	0	0	1	0
3131	0	1	0	0
3132	1	0	0	0
3133	0	0	0	1
3134	1	0	0	0
3135	0	0	1	0
3136	0	0	0	1
3137	1	0	0	0
3138	1	0	0	0
3139	0	0	0	1
3140	1	0	0	0
3141	0	0	0	1
3142	0	0	1	0
3143	0	0	1	0
3144	0	0	1	0
3145	0	0	1	0
3146	1	0	0	0
3147	1	0	0	0
3148	1	0	0	0
3149	0	0	1	0
3150	1	0	0	0
3151	0	1	0	0
3152	0	0	0	1
3153	0	1	0	0
3154	0	1	0	0
3155	0	0	0	1
3156	1	0	0	0
3157	1	0	0	0
3158	1	0	0	0
3159	0	0	0	1
3160	0	0	0	1
3161	0	0	0	1
3162	1	0	0	0
3163	0	0	1	0
3164	1	0	0	0
3165	0	0	0	1
3166	0	0	0	1
3167	1	0	0	0
3168	0	1	0	0
3169	0	1	0	0
3170	0	1	0	0
3171	1	0	0	0
3172	0	0	0	1
3173	0	1	0	0
3174	0	1	0	0
3175	0	0	0	0
3176	1	0	0	0
3177	1	0	0	0
3178	1	0	0	0
3179	1	0	0	0
3180	0	0	1	0
3181	1	0	0	0
3182	1	0	0	0
3183	1	0	0	0
3184	0	1	0	0
3185	1	0	0	0
3186	0	0	0	1
3661	0	0	0	1
3662	0	1	0	0
3663	1	0	0	0
3664	0	0	0	0
3665	0	0	1	0
3666	0	0	0	0
3667	1	0	0	0
3668	1	0	0	0
3669	0	0	0	0
3670	0	0	0	1
3671	0	1	0	0
3672	0	1	0	0
3673	1	0	0	0
3674	0	0	0	0
3675	0	0	0	0
3676	0	0	0	1
3677	0	0	0	1
3678	0	0	0	0
3679	0	0	0	1
3680	1	0	0	0
3681	0	0	1	0
3682	1	0	0	0
3683	0	0	0	1
3684	0	0	1	0
3685	0	0	1	0
3686	1	0	0	0
3687	1	0	0	0
3688	0	0	0	1
3689	2	0	0	0
3690	0	0	2	0
3691	2	0	0	0
3692	0	0	0	2
3693	2	0	0	0
3694	2	0	0	0
3695	0	0	2	0
3696	0	0	2	0
3697	0	2	0	0
3698	0	0	0	2
3699	0	2	0	0
3700	2	0	0	0
3701	2	0	0	0
3702	0	0	2	0
3703	2	0	0	0
3704	2	0	0	0
3705	0	0	2	0
3706	2	0	0	0
3707	0	0	2	0
3708	0	2	0	0
3709	2	0	0	0
3710	0	0	0	2
3711	0	0	2	0
3712	2	0	0	0
3713	2	0	0	0
3714	2	0	0	0
3715	2	0	0	0
3716	2	0	0	0
3717	0	0	0	2
3718	2	0	0	0
3719	0	0	0	2
3720	0	2	0	0
3721	1	0	0	0
3722	0	1	0	0
3723	1	0	0	0
3989	1	0	0	0
3990	0	0	1	0
3991	0	0	1	0
3992	0	0	1	0
3993	1	0	0	0
3994	0	0	1	0
3995	1	0	0	0
3996	0	0	0	1
3997	0	0	1	0
3998	0	0	1	0
3999	0	1	0	0
4000	0	1	0	0
4001	1	0	0	0
4002	0	0	1	0
4003	0	0	0	1
4004	0	1	0	0
4005	1	0	0	0
4006	1	0	0	0
4007	1	0	0	0
4008	0	0	1	0
4009	0	0	0	1
4010	1	0	0	0
4011	1	0	0	0
4012	0	0	0	1
4013	1	0	0	0
4014	0	1	0	0
4015	1	0	0	0
4016	0	0	0	1
4017	1	0	0	0
4018	0	1	0	0
4019	1	0	0	0
4020	0	0	1	0
4021	1	0	0	0
4022	0	1	0	0
4023	1	0	0	0
4024	1	0	0	0
4025	0	0	0	1
4026	0	0	1	0
4027	0	0	1	0
4028	0	1	0	0
4029	1	0	0	0
4030	0	0	1	0
4031	0	0	0	1
4032	1	0	0	0
4033	1	0	0	0
4034	0	0	0	1
4035	0	0	0	1
4036	0	0	0	1
4037	0	1	0	0
4038	1	0	0	0
4039	0	1	0	0
4040	0	1	0	0
4041	1	0	0	0
4042	0	0	1	0
4043	0	0	0	1
4044	0	0	1	0
4045	0	1	0	0
4046	0	0	0	1
4047	0	0	1	0
4048	0	1	0	0
4049	1	0	0	0
4050	0	0	1	0
4051	0	0	0	1
4052	0	0	0	1
4053	1	0	0	0
4054	1	0	0	0
4055	0	0	1	0
4056	0	0	1	0
4057	0	1	0	0
4058	1	0	0	0
4059	0	0	1	0
4060	0	1	0	0
4089	0	0	0	1
4090	0	0	0	1
4091	0	0	0	1
4092	0	0	1	0
4093	0	0	1	0
4094	1	0	0	0
4095	1	0	0	0
4096	0	0	0	1
4097	0	0	0	1
4098	0	1	0	0
4099	0	1	0	0
4100	0	1	0	0
4101	0	0	0	1
4102	1	0	0	0
4103	0	1	0	0
4104	1	0	0	0
4105	1	0	0	0
4106	0	0	0	1
4107	0	1	0	0
4108	0	1	0	0
4109	0	1	0	0
4110	0	1	0	0
4111	1	0	0	0
4112	1	0	0	0
4113	1	0	0	0
4114	0	0	1	0
4115	0	0	0	1
4116	0	1	0	0
4117	1	0	0	0
4118	0	0	1	0
4119	0	0	1	0
4120	0	0	1	0
4121	1	0	0	0
4122	0	0	1	0
4123	0	0	0	1
4124	1	0	0	0
4125	0	0	1	0
4126	0	0	0	1
4127	1	0	0	0
4128	0	0	1	0
4129	1	0	0	0
4130	1	0	0	0
4131	0	0	0	1
4132	0	1	0	0
4133	0	1	0	0
4134	1	0	0	0
4135	0	0	0	1
4136	0	0	1	0
4137	1	0	0	0
4138	1	0	0	0
4139	0	0	0	1
4140	1	0	0	0
4141	1	0	0	0
4142	1	0	0	0
4143	0	0	1	0
4144	1	0	0	0
4145	1	0	0	0
4146	0	0	0	1
4147	0	0	0	1
4148	1	0	0	0
4149	1	0	0	0
4150	1	0	0	0
4151	0	0	1	0
4152	1	0	0	0
4153	1	0	0	0
4154	1	0	0	0
4155	1	0	0	0
4156	0	0	0	1
4157	0	1	0	0
4158	1	0	0	0
4166	0	0	1	0
4167	0	0	1	0
4168	0	0	0	1
4169	0	0	0	0
4170	1	0	0	0
4171	0	0	1	0
4172	1	0	0	0
4173	0	0	1	0
4174	1	0	0	0
4175	0	1	0	0
4176	0	1	0	0
4177	1	0	0	0
4178	1	0	0	0
4179	0	0	1	0
4180	0	1	0	0
4181	0	0	0	1
4182	0	0	1	0
4183	1	0	0	0
4184	1	0	0	0
4185	0	1	0	0
4186	1	0	0	0
4187	0	1	0	0
4188	0	1	0	0
4189	0	0	0	1
4190	0	0	0	1
4191	1	0	0	0
4192	1	0	0	0
4193	0	0	1	0
4194	1	0	0	0
4195	0	1	0	0
4196	1	0	0	0
4197	0	0	1	0
4198	0	1	0	0
4199	1	0	0	0
4200	0	0	1	0
4201	0	0	0	1
4202	1	0	0	0
4203	0	1	0	0
4204	1	0	0	0
4205	1	0	0	0
4206	1	0	0	0
4207	0	0	0	1
4208	0	0	1	0
4209	0	0	1	0
4210	0	1	0	0
4211	1	0	0	0
4212	0	0	1	0
4213	0	0	0	1
4214	1	0	0	0
4215	0	0	0	1
4216	0	0	0	1
4217	0	1	0	0
4218	1	0	0	0
4219	0	0	0	1
4220	0	0	0	1
4221	0	1	0	0
4222	1	0	0	0
4223	0	1	0	0
4224	1	0	0	0
4225	1	0	0	0
4226	0	0	0	1
4227	0	0	0	1
4228	0	0	0	1
4229	0	0	0	1
4230	1	0	0	0
4231	1	0	0	0
4232	1	0	0	0
4233	1	0	0	0
4234	0	0	1	0
4235	1	0	0	0
4236	0	0	0	0
4237	1	0	0	0
4238	0	0	0	0
4239	0	0	1	0
4240	0	0	1	0
4241	0	0	1	0
4242	0	0	1	0
4243	0	0	1	0
4244	0	0	1	0
4245	1	0	0	0
4246	0	0	0	1
4247	0	0	0	1
4248	0	0	1	0
4249	0	0	1	0
4250	0	0	1	0
4251	0	0	1	0
4252	0	0	1	0
4253	0	0	1	0
4254	0	0	0	0
4255	1	0	0	0
4256	0	1	0	0
4257	1	0	0	0
4258	0	0	1	0
4259	0	0	0	1
4260	0	0	1	0
4261	0	1	0	0
4262	1	0	0	0
4263	0	0	1	0
4264	0	0	1	0
4265	0	0	1	0
4344	0	1	0	0
4345	0	0	1	0
4346	0	0	1	0
4347	0	0	1	0
4348	0	0	0	1
4349	0	0	0	1
4350	0	0	0	1
4351	1	0	0	0
4352	0	0	0	1
4353	0	0	0	1
4354	1	0	0	0
4355	0	1	0	0
4356	1	0	0	0
4357	0	0	1	0
4358	1	0	0	0
4359	0	0	1	0
4360	1	0	0	0
4361	0	1	0	0
4362	1	0	0	0
4363	0	0	1	0
4364	0	1	0	0
4365	1	0	0	0
4366	0	0	1	0
4367	1	0	0	0
4368	0	0	1	0
4369	1	0	0	0
4370	0	1	0	0
4371	0	1	0	0
4372	0	1	0	0
4373	0	0	0	1
4374	1	0	0	0
4375	0	0	0	1
4376	0	0	0	1
4377	0	0	0	1
4378	0	0	1	0
4379	0	0	1	0
4380	1	0	0	0
4381	1	0	0	0
4382	1	0	0	0
4383	0	0	1	0
4384	0	0	1	0
4385	1	0	0	0
4386	0	1	0	0
4387	0	1	0	0
4388	1	0	0	0
4389	0	0	1	0
4390	0	1	0	0
4391	0	1	0	0
4392	1	0	0	0
4393	1	0	0	0
4394	1	0	0	0
4395	0	1	0	0
4396	0	0	0	1
4397	0	0	1	0
4398	0	1	0	0
4399	0	0	0	1
4400	0	1	0	0
4401	0	0	0	1
4402	0	0	1	0
4403	0	0	1	0
4404	1	0	0	0
4405	1	0	0	0
4406	1	0	0	0
4407	0	0	1	0
4408	0	0	1	0
4409	0	0	0	1
4410	0	0	1	0
4411	1	0	0	0
4412	1	0	0	0
4413	0	0	1	0
4414	0	0	1	0
4415	0	0	1	0
4416	0	0	1	0
4417	0	1	0	0
4418	1	0	0	0
4419	0	0	1	0
4420	0	0	0	1
4421	1	0	0	0
4422	0	0	1	0
4423	0	0	0	1
4424	1	0	0	0
4425	1	0	0	0
4426	0	0	0	1
4427	1	0	0	0
4428	0	1	0	0
4429	1	0	0	0
4430	1	0	0	0
4431	0	0	1	0
4432	1	0	0	0
4433	0	0	0	1
4434	1	0	0	0
4435	1	0	0	0
4436	0	1	0	0
4437	1	0	0	0
4438	0	0	1	0
4439	0	0	0	1
4440	0	0	1	0
4441	1	0	0	0
4442	0	1	0	0
4443	1	0	0	0
4444	0	0	0	1
4445	1	0	0	0
4446	1	0	0	0
4447	1	0	0	0
4448	0	0	1	0
4449	0	0	1	0
4450	0	0	0	1
4451	1	0	0	0
4452	0	0	1	0
4453	0	0	0	1
4454	1	0	0	0
4455	0	1	0	0
4456	0	1	0	0
4457	1	0	0	0
4769	0	0	0	0
4770	0	1	0	0
4771	1	0	0	0
4772	0	1	0	0
4773	1	0	0	0
4774	0	1	0	0
4775	1	0	0	0
4776	1	0	0	0
4777	0	0	1	0
4778	0	0	0	1
4779	1	0	0	0
4780	0	0	1	0
4781	1	0	0	0
4782	0	1	0	0
4783	0	1	0	0
4784	0	1	0	0
4785	0	0	0	1
4786	0	0	1	0
4787	0	0	1	0
4788	0	1	0	0
4789	0	0	0	1
4790	0	0	0	1
4791	0	0	1	0
4792	0	0	1	0
4793	0	1	0	0
4794	1	0	0	0
4795	0	0	1	0
4796	1	0	0	0
4797	0	0	0	1
4798	0	1	0	0
4799	1	0	0	0
4800	0	0	1	0
4801	0	1	0	0
4802	0	0	0	1
4803	1	0	0	0
4804	1	0	0	0
4805	0	0	0	1
4806	0	0	0	1
4807	0	1	0	0
4808	1	0	0	0
4809	0	0	0	1
4810	1	0	0	0
4811	0	0	0	1
4812	0	0	1	0
4813	0	1	0	0
4814	1	0	0	0
4815	0	0	0	0
4816	0	0	0	1
4817	1	0	0	0
4818	0	0	0	1
4819	0	0	0	1
4820	0	0	0	1
4821	0	0	0	1
4822	0	0	1	0
4823	1	0	0	0
4824	0	0	0	1
4825	0	0	0	1
4826	0	0	1	0
4827	0	0	0	1
4828	0	0	0	1
4829	0	0	0	1
4830	0	0	0	1
4831	1	0	0	0
4832	0	1	0	0
4833	1	0	0	0
4834	0	0	1	0
4835	1	0	0	0
4836	0	0	0	1
4837	0	0	0	1
4838	0	1	0	0
4839	0	0	0	1
4840	0	0	1	0
4841	0	1	0	0
4842	0	1	0	0
4843	1	0	0	0
4844	0	0	0	1
4845	1	0	0	0
4846	1	0	0	0
4847	0	0	1	0
4848	1	0	0	0
4849	1	0	0	0
4850	1	0	0	0
4851	1	0	0	0
4852	0	0	1	0
4853	0	1	0	0
4854	0	2	0	0
4855	2	0	0	0
4856	0	0	0	2
4857	2	0	0	0
4858	0	0	0	2
4859	0	0	0	2
4860	2	0	0	0
4861	0	0	2	0
4862	0	0	2	0
4863	2	0	0	0
4864	0	2	0	0
4865	2	0	0	0
4866	0	2	0	0
4867	2	0	0	0
4868	0	0	0	2
4869	2	0	0	0
4870	0	0	2	0
4871	0	0	0	2
4872	0	0	0	2
4873	2	0	0	0
4874	0	0	0	2
4875	0	0	0	2
4876	0	2	0	0
4877	2	0	0	0
4878	0	0	0	2
4879	2	0	0	0
4880	0	0	2	0
4881	0	0	1	0
4882	0	0	0	2
4883	0	0	2	0
4884	0	0	0	1
4885	0	0	1	0
4886	2	0	0	0
4887	0	2	0	0
4888	0	0	0	1
4889	2	0	0	0
4890	0	0	0	2
4891	0	2	0	0
4892	2	0	0	0
4893	2	0	0	0
4894	0	0	2	0
4895	0	2	0	0
4896	2	0	0	0
4897	0	0	2	0
4898	0	0	1	0
4899	2	0	0	0
4900	0	2	0	0
4901	1	0	0	0
4902	0	0	0	1
4903	1	0	0	0
4904	1	0	0	0
4905	0	0	0	0
4906	1	0	0	0
4907	1	0	0	0
4908	0	0	1	0
4909	0	0	1	0
4910	0	0	0	0
4911	1	0	0	0
4912	0	0	1	0
4913	0	0	1	0
4914	1	0	0	0
4915	0	0	0	1
4916	0	1	0	0
4917	0	0	0	1
4918	0	1	0	0
4919	0	0	0	1
4920	1	0	0	0
4921	0	1	0	0
4922	0	0	0	0
4923	1	0	0	0
4924	0	0	0	0
4925	1	0	0	0
5031	0	1	0	0
5032	0	1	0	0
5033	0	0	2	0
5034	0	2	0	0
5035	2	0	0	0
5036	0	0	2	0
5037	2	0	0	0
5038	0	0	2	0
5039	0	0	2	0
5040	0	0	2	0
5041	2	0	0	0
5042	0	0	2	0
5043	0	2	0	0
5044	0	2	0	0
5045	2	0	0	0
5046	0	0	0	1
5047	2	0	0	0
5048	0	3	0	0
5049	3	0	0	0
5050	2	0	0	0
5051	0	0	0	2
5052	0	0	3	0
5053	2	0	0	0
5054	1	0	0	0
5055	0	0	0	3
5056	0	0	3	0
5057	0	0	3	0
5058	0	0	3	0
5059	0	3	0	0
5060	3	0	0	0
5061	0	3	0	0
5062	0	0	0	3
5063	3	0	0	0
5064	0	0	3	0
5065	3	0	0	0
5066	0	0	3	0
5067	3	0	0	0
5068	0	0	0	2
5069	0	0	0	3
5070	0	3	0	0
5071	0	0	0	3
5072	3	0	0	0
5073	0	0	3	0
5074	3	0	0	0
5075	0	0	3	0
5076	0	0	3	0
5077	3	0	0	0
5078	3	0	0	0
5079	0	3	0	0
5080	0	0	0	3
5081	0	3	0	0
5082	3	0	0	0
5083	3	0	0	0
5084	0	0	3	0
5085	0	3	0	0
5086	3	0	0	0
5087	0	0	3	0
5088	0	0	2	0
5089	3	0	0	0
5090	3	0	0	0
5091	0	0	3	0
5092	0	2	0	0
5093	0	0	0	3
5094	0	0	3	0
5095	0	0	0	3
5096	0	3	0	0
5097	3	0	0	0
5098	0	0	3	0
5099	3	0	0	0
5100	0	3	0	0
5101	3	0	0	0
5102	0	2	0	0
5103	0	0	0	2
5104	0	0	0	2
5105	0	0	0	1
5106	0	1	0	0
5107	0	1	0	0
5108	0	0	0	1
5109	1	0	0	0
5110	0	0	1	0
5111	1	0	0	0
5112	0	1	0	0
5113	0	1	0	0
5114	1	0	0	0
5115	0	0	0	1
5116	0	0	1	0
5117	0	0	1	0
5118	0	1	0	0
5126	0	1	0	0
5127	0	0	0	1
5128	0	0	0	1
5129	1	0	0	0
5130	0	0	1	0
5131	0	0	1	0
5132	0	0	1	0
5133	0	1	0	0
5134	1	0	0	0
5135	0	0	1	0
5136	0	0	0	1
5137	1	0	0	0
5138	0	0	0	1
5139	1	0	0	0
5140	0	0	0	1
5141	0	1	0	0
5142	0	0	0	1
5143	1	0	0	0
5144	0	0	0	1
5145	0	0	1	0
5146	1	0	0	0
5147	1	0	0	0
5148	1	0	0	0
5149	0	1	0	0
5150	0	0	0	1
5151	0	0	0	1
5152	1	0	0	0
5153	0	0	0	1
5154	0	0	1	0
5155	0	0	1	0
5156	0	0	1	0
5157	0	0	1	0
5158	1	0	0	0
5159	0	0	0	1
5160	1	0	0	0
5161	0	1	0	0
5162	0	0	0	1
5163	0	0	0	1
5164	0	0	1	0
5165	0	0	1	0
5166	1	0	0	0
5167	0	2	0	0
5168	2	0	0	0
5169	0	0	2	0
5170	0	0	3	0
5171	3	0	0	0
5172	0	0	3	0
5173	0	0	0	3
5174	0	3	0	0
5175	0	0	3	0
5176	3	0	0	0
5177	3	0	0	0
5178	0	0	3	0
5179	0	3	0	0
5180	0	0	0	3
5181	2	0	0	0
5182	0	0	0	2
5183	3	0	0	0
5184	0	2	0	0
5185	0	0	0	3
5186	3	0	0	0
5187	3	0	0	0
5188	0	0	2	0
5189	0	0	3	0
5190	3	0	0	0
5191	0	0	0	2
5192	3	0	0	0
5193	0	3	0	0
5194	0	0	0	3
5195	0	0	4	0
5196	0	4	0	0
5197	4	0	0	0
5198	4	0	0	0
5199	0	4	0	0
5200	3	0	0	0
5201	3	0	0	0
5202	0	3	0	0
5203	0	0	0	3
5204	3	0	0	0
5205	0	3	0	0
5206	0	0	0	3
5207	0	0	3	0
5208	0	0	0	3
5209	0	0	0	2
5210	0	0	0	3
5211	3	0	0	0
5212	0	0	0	3
5213	0	0	0	3
5214	0	3	0	0
5215	2	0	0	0
5216	0	0	0	3
5217	0	0	0	3
5218	0	0	0	3
5219	0	3	0	0
5220	2	0	0	0
5221	0	0	3	0
5222	3	0	0	0
5223	2	0	0	0
5224	0	0	0	3
5225	0	0	0	3
5226	0	0	3	0
5227	0	0	2	0
5228	0	0	3	0
5229	0	0	0	3
5230	0	0	3	0
5231	0	3	0	0
5232	0	1	0	0
5233	0	0	3	0
5234	0	0	0	3
5235	0	3	0	0
5236	2	0	0	0
5237	0	0	0	3
5238	1	0	0	0
5239	0	0	3	0
5240	0	2	0	0
5241	3	0	0	0
5242	0	0	2	0
5243	0	0	1	0
5244	1	0	0	0
5245	0	0	0	1
5246	1	0	0	0
5247	0	0	1	0
5248	0	0	1	0
5249	1	0	0	0
5250	1	0	0	0
5251	0	0	0	1
5252	0	0	0	1
5253	0	0	0	1
5254	0	0	0	1
5255	1	0	0	0
5256	0	1	0	0
5257	0	0	1	0
5258	0	0	1	0
5259	0	1	0	0
5260	1	0	0	0
5261	0	0	1	0
5262	1	0	0	0
5263	0	0	1	0
5264	1	0	0	0
5265	1	0	0	0
5266	0	0	1	0
5267	1	0	0	0
5268	0	0	1	0
5269	0	1	0	0
5728	0	0	1	0
5729	0	0	1	0
5730	0	0	1	0
5731	0	1	0	0
5732	1	0	0	0
5733	0	0	0	1
5734	0	1	0	0
5735	0	0	0	1
5736	0	0	0	1
5737	1	0	0	0
5738	0	0	1	0
5739	0	0	1	0
5740	0	1	0	0
5741	0	0	0	1
5742	0	0	0	1
5743	0	0	0	1
5744	0	0	0	1
5745	0	0	1	0
5746	0	0	1	0
5747	1	0	0	0
5748	0	0	0	1
5749	0	0	1	0
5750	1	0	0	0
5751	0	0	0	1
5752	1	0	0	0
5753	1	0	0	0
5754	0	0	0	1
5755	1	0	0	0
5756	1	0	0	0
5757	0	0	0	1
5758	0	0	0	1
5759	0	0	0	1
5760	0	0	1	0
5761	0	0	0	1
5762	1	0	0	0
5763	0	0	1	0
5764	0	0	1	0
5765	0	0	1	0
5766	0	0	0	1
5767	0	0	1	0
5768	1	0	0	0
5769	0	1	0	0
5770	0	0	1	0
5771	0	0	1	0
5772	0	0	1	0
5773	0	0	1	0
5774	1	0	0	0
5775	1	0	0	0
5776	0	0	0	0
5777	0	0	0	1
5778	0	0	0	1
5779	1	0	0	0
5780	0	0	0	1
5781	0	0	1	0
5782	0	0	1	0
5783	0	0	1	0
5784	0	0	0	1
5785	0	1	0	0
5786	1	0	0	0
5787	0	1	0	0
5788	1	0	0	0
5789	0	0	1	0
5790	0	0	0	1
5791	0	1	0	0
5792	0	0	0	1
5793	1	0	0	0
5794	0	0	0	1
5795	0	0	0	1
5796	1	0	0	0
5797	0	0	0	1
5798	0	0	1	0
5799	0	0	1	0
5800	0	0	1	0
5801	0	0	1	0
5802	0	0	0	1
5803	1	0	0	0
5804	0	1	0	0
6427	0	1	0	0
6428	0	1	0	0
6429	1	0	0	0
6430	0	0	1	0
6431	0	0	0	1
6432	0	0	1	0
6433	0	0	1	0
6434	0	0	0	1
6435	1	0	0	0
6436	0	0	0	1
6437	0	1	0	0
6438	1	0	0	0
6439	1	0	0	0
6440	0	1	0	0
6441	0	0	0	1
6442	0	1	0	0
6443	1	0	0	0
6444	1	0	0	0
6445	0	1	0	0
6446	0	0	0	1
6447	1	0	0	0
6448	0	1	0	0
6449	0	0	0	1
6450	0	0	1	0
6451	0	0	0	1
6452	0	0	0	1
6453	1	0	0	0
6454	1	0	0	0
6455	1	0	0	0
6456	0	0	0	1
6457	0	0	1	0
6458	0	0	1	0
6459	0	0	0	1
6460	1	0	0	0
6461	0	0	1	0
6462	0	1	0	0
6463	0	1	0	0
6464	0	0	0	1
6465	1	0	0	0
6466	0	0	1	0
6467	0	1	0	0
6468	1	0	0	0
6469	0	0	1	0
6470	1	0	0	0
6707	1	0	0	0
6708	1	0	0	0
6709	1	0	0	0
6710	1	0	0	0
6711	1	0	0	0
6712	0	0	0	1
6713	0	0	0	1
6714	1	0	0	0
6715	0	0	1	0
6716	1	0	0	0
6717	1	0	0	0
6718	0	0	0	0
6719	1	0	0	0
6720	1	0	0	0
6721	0	1	0	0
6722	1	0	0	0
6723	0	1	0	0
6724	0	0	0	1
6725	0	0	0	1
6726	0	1	0	0
6727	0	1	0	0
6728	0	1	0	0
6729	0	0	0	1
6730	1	0	0	0
6731	1	0	0	0
6732	0	0	0	1
6733	1	0	0	0
6734	0	0	1	0
6735	1	0	0	0
6736	1	0	0	0
6737	0	1	0	0
6738	1	0	0	0
6739	1	0	0	0
6740	0	0	0	1
6741	1	0	0	0
6742	0	1	0	0
6743	1	0	0	0
6744	1	0	0	0
6745	0	0	0	1
6746	0	0	0	1
6747	0	0	0	1
6748	0	0	1	0
6749	1	0	0	0
6750	0	0	1	0
6751	0	1	0	0
6752	0	1	0	0
6753	1	0	0	0
6754	0	1	0	0
6755	1	0	0	0
6756	0	1	0	0
6757	0	0	0	1
6758	0	1	0	0
6759	1	0	0	0
6760	0	0	1	0
6761	0	0	1	0
6762	1	0	0	0
6763	0	0	1	0
6764	0	0	1	0
6802	0	0	0	0
6803	0	0	1	0
6804	1	0	0	0
6805	0	0	1	0
6806	1	0	0	0
6807	1	0	0	0
6808	0	0	0	1
6809	0	0	0	1
6810	0	0	0	1
6811	0	0	0	1
6812	0	0	0	1
6813	0	1	0	0
6814	0	0	0	1
6815	1	0	0	0
6816	0	0	0	1
6817	0	0	0	1
6818	0	0	1	0
6819	0	1	0	0
6820	1	0	0	0
6821	1	0	0	0
6822	0	0	0	1
6823	1	0	0	0
6824	0	1	0	0
6825	1	0	0	0
6826	0	0	0	1
6827	0	1	0	0
6828	1	0	0	0
6829	0	1	0	0
6830	1	0	0	0
6831	1	0	0	0
6832	0	1	0	0
6833	0	0	0	1
6834	0	0	1	0
6835	0	0	0	1
6836	0	0	0	1
6837	0	0	0	1
6838	1	0	0	0
6839	1	0	0	0
6840	0	0	0	1
6975	1	0	0	0
6976	0	0	0	1
6977	0	0	1	0
6978	0	0	0	1
6979	1	0	0	0
6980	1	0	0	0
6981	1	0	0	0
6982	0	0	0	1
6983	0	1	0	0
6984	1	0	0	0
6985	1	0	0	0
6986	1	0	0	0
6987	0	0	0	2
6988	2	0	0	0
6989	0	0	0	2
6990	0	2	0	0
6991	2	0	0	0
6992	0	2	0	0
6993	2	0	0	0
6994	0	0	2	0
6995	0	0	2	0
6996	1	0	1	0
6997	0	2	0	0
6998	0	0	0	2
6999	2	0	0	0
7000	0	2	0	0
7001	0	0	0	2
7002	2	0	0	0
7003	0	1	0	1
7004	0	0	0	2
7005	0	0	2	0
7006	2	0	0	0
7007	0	2	0	0
7008	2	0	0	0
7009	0	2	0	0
7010	0	0	2	0
7011	0	1	0	1
7012	0	0	2	0
7013	2	0	0	0
7014	0	0	0	2
7015	0	0	2	0
7016	0	0	2	0
7017	2	0	0	0
7018	0	0	2	0
7019	0	0	2	0
7020	1	0	0	0
7021	1	0	0	0
7022	1	0	0	0
7023	0	0	0	0
7024	1	0	0	0
7025	1	0	0	0
7026	1	0	0	0
7027	1	0	0	0
7028	0	0	1	0
7029	0	0	0	1
7030	1	0	0	0
7031	1	0	0	0
7032	0	1	0	0
7033	1	0	0	0
7034	1	0	0	0
7035	0	1	0	0
7036	1	0	0	0
7037	0	1	0	0
7038	1	0	0	0
7039	0	0	1	0
7040	1	0	0	0
7041	0	0	1	0
7042	1	0	0	0
7043	0	1	0	0
7044	1	0	0	0
7045	0	0	0	1
7046	0	0	0	1
7047	0	1	0	0
7048	1	0	0	0
7049	0	0	1	0
7050	1	0	0	0
7051	0	1	0	0
7052	0	1	0	0
7053	0	1	0	0
7054	0	0	1	0
7055	0	0	1	0
7056	1	0	0	0
7057	0	0	1	0
7058	0	0	1	0
7143	0	0	1	0
7144	0	0	1	0
7145	0	1	0	0
7146	1	0	0	0
7147	1	0	0	0
7148	1	0	0	0
7149	1	0	0	0
7150	0	0	0	0
7151	0	0	0	0
7152	0	0	1	0
7153	1	0	0	0
7154	0	0	1	0
7155	1	0	0	0
7156	0	0	1	0
7157	0	0	0	1
7158	0	0	1	0
7159	0	0	1	0
7160	0	0	0	1
7161	0	0	1	0
7162	0	0	1	0
7163	1	0	0	0
7164	0	0	1	0
7165	1	0	0	0
7166	0	0	1	0
7167	1	0	0	0
7168	0	0	1	0
7169	1	0	0	0
7170	1	0	0	0
7171	1	0	0	0
7172	1	0	0	0
7173	1	0	0	0
7174	1	0	0	0
7175	0	0	1	0
7176	1	0	0	0
7177	0	0	1	0
7178	0	1	0	0
7179	1	0	0	0
7180	0	0	1	0
7181	0	0	0	1
7182	1	0	0	0
7183	0	0	1	0
7184	0	0	1	0
7185	1	0	0	0
7186	1	0	0	0
7187	0	0	0	1
7188	0	0	1	0
7189	0	0	1	0
7190	0	0	1	0
7191	1	0	0	0
7192	0	0	1	0
7193	0	1	0	0
7194	0	0	0	1
7195	0	0	1	0
7196	0	0	0	1
7197	1	0	0	0
7198	0	1	0	0
7199	0	0	0	1
7200	0	1	0	0
7201	0	0	0	1
7202	0	0	0	1
7203	0	0	0	1
7204	0	0	1	0
7205	0	0	1	0
7206	0	0	1	0
7207	0	0	0	1
7208	0	0	0	1
7209	0	1	0	0
7210	0	0	0	1
7211	0	0	0	1
7212	0	0	1	0
7213	0	0	1	0
7423	0	0	1	0
7424	0	0	1	0
7425	0	0	1	0
7426	0	1	0	0
7427	0	0	0	0
7428	0	0	0	1
7429	0	0	0	1
7430	0	0	1	0
7431	0	0	1	0
7432	0	0	1	0
7433	0	0	1	0
7434	0	1	0	0
7435	0	0	0	1
7436	0	0	1	0
7437	0	1	0	0
7438	0	0	0	1
7439	0	1	0	0
7440	0	0	0	1
7441	0	0	1	0
7442	0	0	1	0
7443	1	0	0	0
7444	1	0	0	0
7445	1	0	0	0
7446	1	0	0	0
7447	0	1	0	0
7448	0	0	0	1
7449	0	1	0	0
7450	1	0	0	0
7451	0	0	0	1
7452	0	1	0	0
7453	0	0	0	1
7454	0	0	1	0
7455	0	1	0	0
7456	1	0	0	0
7457	0	1	0	0
7458	0	1	0	0
7459	1	0	0	0
7460	0	1	0	0
7461	0	0	0	1
7462	0	0	1	0
7463	0	1	0	0
7464	0	0	0	1
7465	0	0	2	0
7466	0	0	0	2
7467	0	0	2	0
7468	0	2	0	0
7469	0	2	0	0
7470	0	0	0	2
7471	0	0	0	2
7472	0	0	2	0
7473	0	0	2	0
7474	2	0	0	0
7475	2	0	0	0
7476	0	2	0	0
7477	0	0	0	2
7478	0	2	0	0
7479	0	2	0	0
7480	2	0	0	0
7481	0	0	2	0
7482	0	0	0	2
7483	0	0	0	2
7484	0	0	2	0
7485	0	0	2	0
7486	2	0	0	0
7487	0	0	2	0
7488	0	0	0	2
7489	2	0	0	0
7490	1	0	0	0
7491	0	0	0	2
7492	2	0	0	0
7493	1	0	0	0
7494	1	0	0	0
7495	0	0	0	1
7496	0	1	0	0
7497	0	0	0	1
7498	0	1	0	0
7499	1	0	0	0
7500	1	0	0	0
7501	1	0	0	0
7502	0	1	0	0
7503	1	0	0	0
7504	0	0	1	0
7505	1	0	0	0
7506	0	0	0	1
7507	1	0	0	0
7508	0	0	0	1
7509	0	0	0	1
7510	0	0	0	1
7511	0	0	1	0
7512	0	0	1	0
7513	0	0	1	0
7514	1	0	0	0
7515	0	0	0	1
7516	1	0	0	0
7517	1	0	0	0
7518	0	1	0	0
7519	1	0	0	0
7520	0	0	0	1
7521	0	0	1	0
7522	1	0	0	0
7523	0	2	0	0
7524	0	1	0	1
7525	0	0	0	2
7526	0	0	2	0
7527	0	0	2	0
7528	2	0	0	0
7529	0	0	0	2
7530	0	0	2	0
7531	0	1	1	0
7532	2	0	0	0
7533	0	0	2	0
7534	0	0	0	2
7535	1	0	1	0
7536	0	0	2	0
7537	0	0	2	0
7538	2	0	0	0
7539	0	0	1	1
7540	1	0	0	0
7541	0	0	1	0
7542	1	0	0	0
7543	0	0	1	0
7544	1	0	0	0
7545	1	0	0	0
7546	1	0	0	0
7547	0	0	0	1
7548	0	0	0	1
7549	1	0	0	0
7550	1	0	0	0
7551	0	0	0	1
7552	1	0	0	0
7553	1	0	0	0
7554	0	0	0	1
7555	0	0	0	1
7556	1	0	0	0
7557	0	1	0	0
7558	1	0	0	0
7559	0	1	0	0
7560	1	0	0	0
7561	0	0	1	0
7562	1	0	0	0
7563	0	1	0	0
7564	1	0	0	0
7565	0	0	0	1
7566	1	0	0	0
7567	1	0	0	0
7568	0	0	0	1
7569	1	0	0	0
7570	0	0	0	1
7571	1	0	0	0
7572	0	1	0	0
7573	0	0	1	0
7574	1	0	0	0
7575	0	0	1	0
7576	0	0	0	1
7577	0	0	0	0
7578	0	0	1	0
7579	0	1	0	0
7580	0	0	0	1
7581	0	0	0	1
7582	0	0	1	0
7583	1	0	0	0
7584	1	0	0	0
7585	0	0	1	0
7586	1	0	0	0
7587	0	1	0	0
7588	0	0	0	1
7589	0	1	0	0
7590	1	0	0	0
7591	0	1	0	0
7592	1	0	0	0
7593	1	0	0	0
7594	1	0	0	0
7595	1	0	0	0
7596	0	1	0	0
7597	0	1	0	0
7695	0	0	0	0
7696	0	0	0	1
7697	0	0	0	1
7698	0	1	0	0
7699	1	0	0	0
7700	0	0	0	1
7701	0	1	0	0
7702	1	0	0	0
7703	0	0	0	1
7704	0	0	1	0
7705	1	0	0	0
7706	0	0	0	1
7707	1	0	0	0
7708	0	0	1	0
7709	0	0	0	1
7710	1	0	0	0
7711	0	0	1	0
7712	0	0	1	0
7713	1	0	0	0
7714	0	0	1	0
7715	0	0	1	0
7716	0	1	0	0
7717	0	0	0	1
7718	0	0	0	1
7719	0	0	1	0
7720	1	0	0	0
7721	0	0	0	1
7722	1	0	0	0
7723	0	0	1	0
7724	0	0	1	0
7725	0	0	0	1
7726	0	0	0	1
7727	0	0	0	1
7728	1	0	0	0
7729	1	0	0	0
7730	0	0	1	0
7731	1	0	0	0
7732	1	0	0	0
7733	0	0	0	1
7734	1	0	0	0
7735	1	0	0	0
7736	0	0	0	1
7737	0	0	0	1
7738	0	0	0	1
7739	0	0	0	1
7740	0	0	1	0
7741	0	0	1	0
7742	0	0	1	0
7743	0	0	0	1
7744	0	0	1	0
7745	0	0	0	1
7746	1	0	0	0
7747	0	1	0	0
7748	0	0	0	1
7749	0	1	0	0
7750	0	0	0	1
7751	0	1	0	0
7752	0	0	0	1
7753	1	0	0	0
7754	0	0	0	1
7755	1	0	0	0
7756	0	0	1	0
7757	0	0	0	1
7758	1	0	0	0
7759	1	0	0	0
7760	1	0	0	0
7761	1	0	0	0
7762	1	0	0	0
7763	0	0	1	0
7764	1	0	0	0
7765	0	0	1	0
7766	0	0	0	1
7767	0	0	0	1
7768	1	0	0	0
7769	0	0	1	0
7770	0	0	1	0
7771	0	1	0	0
7772	1	0	0	0
7773	0	0	1	0
7774	0	0	1	0
7775	0	0	1	0
7776	1	0	0	0
7777	0	0	0	1
7778	1	0	0	0
7779	0	1	0	0
7780	0	0	0	1
7781	0	1	0	0
7782	1	0	0	0
7783	0	1	0	0
7784	0	1	0	0
7785	0	0	0	1
7786	0	0	0	1
7787	0	0	0	1
7788	0	0	1	0
7789	0	0	0	1
7790	0	1	0	0
7791	1	0	0	0
7792	0	0	0	1
7793	0	0	0	1
7794	0	0	0	1
7795	0	1	0	0
7796	1	0	0	0
7797	0	0	1	0
7798	1	0	0	0
7799	0	1	0	0
7800	0	1	0	0
7801	0	1	0	0
7802	0	0	0	1
7803	0	0	0	1
7804	1	0	0	0
7805	0	1	0	0
7806	0	1	0	0
7807	0	1	0	0
7808	0	1	0	0
7809	1	0	0	0
7810	1	0	0	0
7811	1	0	0	0
7812	0	1	0	0
7813	0	1	0	0
7814	0	1	0	0
7815	0	0	1	0
7816	1	0	0	0
7817	0	0	1	0
7818	0	0	1	0
7819	0	0	1	0
7820	1	0	0	0
7821	1	0	0	0
7822	0	1	0	0
7823	0	0	0	1
7824	0	1	0	0
7825	0	0	1	0
7826	1	0	0	0
7827	0	1	0	0
7828	1	0	0	0
7829	0	0	1	0
7830	0	0	1	0
7831	0	1	0	0
7832	0	0	0	1
7833	0	1	0	0
7834	0	0	1	0
7835	0	0	1	0
7836	1	0	0	0
7837	1	0	0	0
7838	0	0	1	0
7839	1	0	0	0
7840	1	0	0	0
7841	0	0	0	1
7842	0	1	0	0
7843	0	0	1	0
7844	1	0	0	0
8286	0	0	1	0
8287	1	0	0	0
8288	0	0	1	0
8289	1	0	0	0
8290	0	0	1	0
8291	1	0	0	0
8292	0	0	1	0
8293	1	0	0	0
8294	1	0	0	0
8295	0	0	0	1
8296	1	0	0	0
8297	1	0	0	0
8298	0	0	1	0
8299	1	0	0	0
8300	1	0	0	0
8301	0	0	1	0
8302	0	0	1	0
8303	1	0	0	0
8304	0	1	0	0
8305	0	0	0	1
8306	0	0	1	0
8307	1	0	0	0
8308	0	0	0	1
8309	0	1	0	0
8310	0	1	0	0
8311	1	0	0	0
8312	0	0	1	0
8313	0	1	0	0
8314	0	0	0	0
8315	0	0	1	0
8316	0	1	0	0
8317	1	0	0	0
8318	0	0	1	0
8319	1	0	0	0
8320	0	0	1	0
8321	0	0	1	0
8322	0	0	1	0
8323	1	0	0	0
8324	0	0	1	0
8325	0	0	0	1
8326	1	0	0	0
8327	0	0	1	0
8328	0	0	1	0
8329	1	0	0	0
8330	0	0	1	0
8331	0	1	0	0
8332	1	0	0	0
8333	0	0	1	0
8334	0	1	0	0
8335	1	0	0	0
8336	0	0	0	1
8337	0	1	0	0
8338	0	0	0	1
8339	0	1	0	0
8340	1	0	0	0
8341	1	0	0	0
8342	0	0	1	0
8343	1	0	0	0
8344	0	1	0	0
8345	0	0	0	1
8346	0	0	0	1
8347	1	0	0	0
8348	0	0	1	0
8349	1	0	0	0
8350	0	0	0	1
8351	1	0	0	0
8352	1	0	0	0
8353	1	0	0	0
8354	0	0	0	1
8355	1	0	0	0
8356	0	0	0	1
8357	0	0	1	0
8358	0	0	1	0
8359	1	0	0	0
8360	0	0	1	0
8361	0	1	0	0
8362	1	0	0	0
8363	0	1	0	0
8364	0	0	0	1
8365	0	0	0	1
8366	1	0	0	0
8367	0	1	0	0
8368	1	0	0	0
8369	1	0	0	0
8370	0	0	1	0
8371	0	1	0	0
8372	1	0	0	0
8373	0	0	1	0
8374	0	1	0	0
8375	1	0	0	0
8376	1	0	0	0
8377	0	1	0	0
8378	1	0	0	0
8379	0	1	0	0
8380	1	0	0	0
8381	0	0	1	0
8382	0	1	0	0
8383	0	1	0	0
8384	1	0	0	0
8385	0	0	0	0
8386	0	1	0	0
8387	1	0	0	0
8388	1	0	0	0
8389	0	0	0	1
8390	1	0	0	0
8391	1	0	0	0
8392	0	0	0	1
8393	0	0	1	0
8394	0	1	0	0
8395	0	0	0	1
8396	0	0	1	0
8397	1	0	0	0
8398	0	0	0	1
8399	0	0	0	1
8400	0	0	1	0
8401	0	0	0	1
8402	0	0	1	0
8403	0	1	0	0
8404	0	1	0	0
8405	0	0	0	1
8406	0	0	1	0
8407	0	0	1	0
8408	0	1	0	0
8409	0	0	0	1
8410	0	0	1	0
8411	0	0	1	0
8412	1	0	0	0
8413	1	0	0	0
8414	0	0	1	0
8415	0	1	0	0
8416	1	0	0	0
8417	0	1	0	0
8418	1	0	0	0
8419	1	0	0	0
8420	0	0	1	0
8421	0	0	0	0
8422	1	0	0	0
8423	0	0	1	0
8424	1	0	0	0
8425	0	0	1	0
8426	0	0	1	0
