1
908290
3075
2080259
1236481
412675
1715205
39947
758796
1739277
73230
270351
3088
1758225
54290
744980
445973
765066
220697
1561
1031709
243230
1193502
29729
1403938
1165861
1056807
699431
1578
35883
1403949
1581104
1095729
562
3635
81972
39478
4155
1598
1599
29760
93759
686659
196164
483908
4679
364106
1068625
710741
1637975
428125
981085
661089
1351778
886882
1287268
1922667
936047
936048
1858671
936562
634994
624
447095
748671
1500800
765057
765058
1983620
765061
465543
4232
765064
765065
765067
4236
765069
765068
723599
765070
1680
765071
1739411
765076
765077
765078
38038
1307800
554131
765082
765079
765084
464029
88728
765088
1449121
710818
765091
765093
765095
765096
765097
765099
765100
765104
85681
765105
1768114
1820336
1717
765108
765111
765112
765115
450748
1290429
765118
1235645
765122
44745
1472719
1744
36050
1747
109266
31957
1749
727
730
44252
1172189
257758
1127134
1302241
1302242
1302243
1302244
547045
1922785
57577
1773
1503470
553199
33010
3827
1795828
411481
1739515
1844477
411901
1280
192259
283909
1292039
395019
274
42770
279828
1739542
1739544
679193
679194
679195
68892
68888
585503
297248
28449
1923361
1313
1140002
1926943
1830
351016
1349417
436010
4909
1923376
1328
1088818
472368
3900
5949
411966
318
109376
1156417
165186
3906
411460
88389
411462
260936
411466
77133
411470
169297
411476
1114966
1114967
1114969
645465
33114
665946
411485
869214
1435995
79200
1235808
562016
671068
1343844
1330534
1151334
1715048
98671
88431
1185650
1460083
1203572
32630
103799
1203574
1203577
134006
1915
1134454
765821
1922942
1051006
134013
1262977
1262981
883077
1237896
1137799
1922443
667019
253839
1266069
445334
445335
500633
11676
1435039
1971622
487854
1423794
1203635
4532
1036725
1465
67003
28091
665024
671223
36809
35787
520141
1548750
1339342
525264
12242
4565
470
58331
546268
4572
482
3555
484
997348
486
487
267747
611301
490
485
452589
189423
495
496
1739255
563193
5627
1226748