genus	SAMPLE_100008_1	SAMPLE_100008_2	SAMPLE_100008_3	SAMPLE_100137_1	SAMPLE_100137_2	SAMPLE_100137_3	SAMPLE_100177_1	SAMPLE_100177_2	SAMPLE_100177_3	SAMPLE_100200_2	SAMPLE_100200_3	SAMPLE_100206_1	SAMPLE_100206_2	SAMPLE_100206_3	SAMPLE_100217_1	SAMPLE_100217_2	SAMPLE_100217_3	SAMPLE_100248_1	SAMPLE_100248_2	SAMPLE_100248_3	SAMPLE_100255_1	SAMPLE_100255_2	SAMPLE_100255_3	SAMPLE_100256_1	SAMPLE_100256_2	SAMPLE_100256_3	SAMPLE_100257_1	SAMPLE_100257_2	SAMPLE_100257_3	SAMPLE_100261_1	SAMPLE_100261_2	SAMPLE_100261_3	SAMPLE_100267_1	SAMPLE_100267_2	SAMPLE_100267_3	SAMPLE_100306_1	SAMPLE_100306_2	SAMPLE_100306_3	SAMPLE_100337_1	SAMPLE_100337_2	SAMPLE_100337_3
29.0	1083.5	2851.5	12333.5	848.0	4288.5	24549.5	6093.0	508.5	10943.5	1991.5	26834.0	8156.0	61.5	11416.5	931.0	1125.0	5210.0	11645.5	13929.5	6713.0	10547.0	73.5	7177.0	5812.0	89.0	12209.0	3122.5	4776.5	16168.5	4212.0	4878.5	15483.5	1196.5	13453.5	11925.0	13259.5	6905.5	22470.5	15569.0	30413.0	23005.5
112.0	1308.0	4281.0	24318.5	804.0	1890.0	37684.0	9048.0	430.5	12276.0	3063.5	34580.5	9332.0	99.0	22111.0	787.5	959.5	5518.0	21189.0	12949.0	8837.5	5611.5	103.5	8562.5	7328.0	105.0	16216.5	3908.5	4984.5	15058.0	6079.5	11242.5	43765.5	2889.5	17359.5	26261.0	21629.5	13220.0	27145.5	20704.0	41445.0	23720.5
136.0	372.0	2225.0	5296.5	256.5	638.5	12189.5	6026.0	204.5	8846.5	911.5	14402.5	4661.5	27.5	4436.0	510.5	217.0	1403.5	4061.0	4581.0	2522.5	1456.5	26.0	2701.0	2585.5	21.0	5802.0	991.0	1459.0	3714.0	2542.0	1083.5	6632.5	526.0	4226.5	4824.0	4980.0	3644.5	7212.5	4250.0	11616.0	11285.0
356.0	10985.5	27638.5	147276.5	5706.5	20684.0	216703.0	59879.0	4558.5	94659.5	21588.5	226553.5	78807.5	722.0	115243.0	11382.5	14341.5	41821.0	120687.0	117063.5	79833.5	42840.0	618.0	69076.0	52825.5	598.5	106854.0	29730.0	39144.0	131140.0	49096.0	33822.0	185735.0	16608.5	135984.5	139909.0	148794.0	85094.0	212650.0	150672.0	290650.0	226851.5
766.0	563.0	1553.0	8041.0	311.5	1093.5	13509.0	3184.5	188.0	5197.0	1199.0	14106.5	3780.5	40.0	8122.0	455.0	424.5	2319.0	7909.0	6294.0	4040.0	2238.0	48.5	3665.0	2513.5	33.5	5755.0	1402.0	2021.5	5622.5	2409.0	2089.5	13741.0	1195.0	22349.0	9594.5	8312.0	5049.0	12023.0	7878.0	15832.0	10731.0
1118.0	788.5	1680.0	8758.0	335.5	726.5	11109.5	3436.0	258.5	5717.5	1372.0	15053.0	4272.0	43.0	5173.5	400.5	435.0	2992.0	6430.5	4713.5	4752.0	3569.5	36.0	4773.5	3174.5	39.5	8850.5	1694.0	2417.5	6533.5	2751.5	1925.0	9089.5	678.0	7238.5	5892.0	8085.0	5375.0	10681.5	7477.5	18434.5	54555.5
1150.0	1058.5	1747.0	11309.5	415.0	906.5	14141.5	6869.0	473.0	29089.5	1347.5	14742.0	5852.5	67.0	4563.0	641.5	559.0	3546.5	6707.5	8013.0	4846.5	3432.5	69.5	6004.5	3316.0	45.5	8353.0	3185.0	3187.5	9083.0	4418.0	2506.0	9188.5	747.0	10347.5	6107.0	8478.0	6562.0	12452.5	9122.5	25433.5	97871.0
1161.0	1405.5	3348.5	13594.0	622.0	1271.5	22062.0	7964.5	538.5	14926.5	3664.0	22548.5	8671.0	141.0	7183.0	995.5	1265.5	4571.5	10228.5	14267.5	8770.0	5781.0	67.0	10805.5	5650.5	69.5	12722.5	4746.5	5398.5	15591.5	9056.5	3831.0	15820.0	1143.5	12921.5	10571.0	13302.5	11119.5	23526.0	59394.5	32519.0	460659.0
1385.0	13589.5	40304.5	141576.5	12197.0	26812.5	215099.0	81358.0	44735.5	158374.0	26341.5	262308.5	156611.0	1005.0	82794.5	21084.5	22284.5	90687.0	88838.5	191760.5	86990.5	53574.5	820.5	80388.5	50075.0	796.5	430905.0	58624.0	61747.5	209357.0	74967.0	59941.0	288945.5	10556.0	153142.0	282156.5	135004.5	121148.5	215208.5	252508.0	244780.5	503456.5
2037.0	1638.0	7198.5	16064.5	536.5	1531.5	26521.5	14309.0	2786.5	20083.0	2493.5	22363.0	25727.5	102.0	8923.0	1606.5	1820.5	6423.5	6958.5	19117.5	6218.5	4497.0	66.5	10669.5	5326.5	64.0	17546.5	4282.0	4691.0	23950.0	22693.0	3959.0	14915.5	813.5	13181.5	10001.0	12531.0	6391.0	17097.0	13891.5	43162.0	29505.5
2085.0	339.5	1099.0	5042.5	180.5	772.0	8543.5	2377.0	103.0	4718.0	704.0	9323.5	2860.5	24.0	4812.5	250.5	298.5	1517.0	4216.0	3685.0	2476.0	1313.0	27.0	2409.5	1605.5	26.0	3913.5	810.5	1095.5	3334.5	1694.0	1295.0	7853.0	468.0	4860.5	5557.0	5410.5	3012.5	6932.0	4530.5	9100.5	7096.5
2158.0	95.0	203.0	1152.0	58.0	271.5	1766.5	498.0	15.0	1107.0	145.5	1463.0	2904.5	4.5	949.5	64.0	57.0	1032.0	948.5	1006.0	571.5	1334.0	3.0	449.0	439.0	2.5	1512.0	283.5	200.5	1429.5	541.5	284.5	2000.5	120.0	1081.5	1172.5	1484.0	544.5	1260.5	1082.0	2068.5	1592.0
2182.0	5106.0	6970.0	41346.5	1838.5	6804.0	45999.0	26790.0	3671.0	40411.0	5486.5	49359.5	50439.5	281.5	13721.0	7273.5	6385.5	22754.5	15921.5	44693.0	20010.0	16238.5	199.0	33326.0	16442.0	164.0	46438.5	14640.5	19059.0	63991.0	22462.0	14403.0	42023.5	1625.5	35999.5	19293.0	39451.0	19807.5	52458.0	44382.0	72696.5	97968.5
2191.0	128.0	527.0	2212.0	97.0	443.5	3410.5	1002.5	64.5	1446.0	289.0	3548.5	1678.5	12.0	1701.5	78.5	80.5	545.0	1611.5	2027.5	858.5	534.0	8.0	1127.5	706.0	6.0	1620.5	465.0	566.5	1591.0	665.0	477.0	2835.0	235.0	1805.0	1968.5	2116.5	1241.5	2454.0	1728.5	3966.0	2943.0
2231.0	94.0	324.5	1169.0	42.5	369.0	1629.0	566.0	52.0	636.0	213.0	1710.0	773.5	9.5	1217.0	94.0	67.5	318.5	1084.0	1480.0	809.0	336.0	2.5	776.5	347.0	5.0	942.5	323.5	317.5	863.5	437.5	229.0	1399.5	178.5	963.5	1256.5	1422.0	773.5	1641.5	1681.0	2428.5	1432.0
2235.0	111.5	347.0	1318.0	67.5	158.5	2905.5	621.0	73.0	1080.0	1131.0	2077.0	1116.5	8.5	1382.5	76.5	92.0	747.0	1677.0	2258.0	785.0	430.0	10.0	841.0	613.0	11.0	6121.5	339.0	531.0	1339.5	358.5	711.5	1757.5	138.0	2224.0	1224.0	3806.5	669.0	1842.0	1238.0	3984.0	9279.5
2258.0	123.5	226.5	1680.5	49.0	374.0	1383.0	411.0	74.5	1527.0	141.0	1632.5	847.5	7.0	688.5	72.5	69.0	563.0	619.5	881.5	551.5	338.0	2.5	725.5	366.5	6.0	709.0	359.5	384.0	1162.5	432.0	407.5	1230.5	98.0	683.5	824.0	1024.0	592.0	1255.0	716.0	1771.5	3258.5
2266.0	656.5	1450.0	7968.0	656.0	1489.5	11326.0	4061.0	244.0	6419.5	950.0	11407.5	6389.0	42.5	5868.0	1129.5	943.5	2630.0	5900.5	8058.5	3795.5	2679.5	31.5	4579.0	2613.5	36.0	6518.5	2050.0	2776.5	11179.5	2109.0	2088.5	11988.0	781.0	6125.0	6739.0	7299.0	3844.0	10369.5	8200.0	13279.0	13105.5
2281.0	351.0	688.0	3593.0	90.0	342.0	3985.0	1882.0	455.0	3317.0	687.0	3176.0	6089.5	19.5	1384.5	588.0	487.0	1721.0	1305.0	2633.5	1601.0	1316.0	8.5	1915.0	1336.5	10.5	3369.0	808.0	1150.0	4586.5	3726.5	1313.0	3123.0	140.0	3243.5	1913.5	4743.0	1468.0	2885.5	3766.0	5867.5	6216.5
2301.0	114.0	280.5	1830.5	42.5	122.5	2524.5	683.0	46.5	840.0	171.5	2179.0	733.5	7.0	1366.5	56.5	110.0	311.0	1401.5	1074.0	630.0	317.5	8.5	478.5	366.0	6.0	970.5	182.5	254.0	2402.5	736.0	270.5	4772.0	221.5	1510.5	2182.5	1238.5	931.0	1862.5	1002.5	1890.5	984.5
2419.0	93.5	252.0	1427.5	65.0	131.5	2858.5	677.0	152.5	810.5	194.0	2294.0	652.5	5.0	1600.5	192.0	69.5	312.5	1446.5	1285.5	573.5	373.5	5.5	634.5	422.5	5.0	948.0	196.5	172.5	889.0	445.0	288.5	1796.5	242.5	1223.5	1562.5	1606.5	862.0	1848.5	1258.5	2434.5	1240.0
11157.0	3.0	1.0	1.0	1.0	0.5	10.5	1.5	0.5	0.5	2.0	1.0	16.0	0.0	1.5	0.0	1.0	2.0	7.5	2.0	0.0	0.5	1.0	0.5	2.5	0.0	0.0	1.5	1.0	13.5	0.5	1.0	0.5	0.5	0.0	4.5	0.5	0.0	2.0	1.0	2.0	16.0
28883.0	6493.0	21474.0	31380.5	6445.5	14854.0	55952.0	18493.5	3139.5	29045.5	9149.0	49360.5	35473.0	260.0	24584.0	6231.0	5432.5	15280.0	21625.5	33752.5	22904.5	14703.0	183.0	24642.5	14203.0	140.0	33812.5	10218.5	12448.5	35919.5	12310.5	10348.5	35355.5	9199.5	31948.5	33013.0	50271.0	28927.0	45032.5	37891.0	63601.5	87303.5
31932.0	554.5	1215.5	6188.5	263.0	2939.5	10337.0	3177.0	218.5	5277.0	905.0	9428.5	5292.5	34.5	5165.5	628.0	467.5	2135.5	5127.5	6591.5	3194.0	2573.0	42.5	4236.0	2293.5	25.5	5038.5	1685.0	2082.5	5990.0	2304.5	1803.5	7557.0	694.0	6060.0	5578.0	6254.0	3677.5	9055.0	7070.0	13183.0	11301.5
32003.0	2435.0	6810.0	31183.5	1368.0	5676.5	54303.5	12576.5	676.0	24192.0	6385.0	62197.5	17946.5	173.0	32267.0	1534.5	2082.0	9551.5	36082.0	24014.5	19765.5	10672.0	185.0	20305.5	14707.0	186.0	27318.0	7518.5	10023.5	29694.5	11684.0	8347.0	42196.5	3695.0	27990.5	34175.5	37839.0	19505.0	55324.0	40327.5	74422.5	68441.5
32064.0	97.0	199.5	1001.5	50.5	123.0	1291.0	925.0	205.5	724.5	117.5	1370.0	441.5	6.0	767.5	34.0	90.0	315.5	1012.0	888.5	395.5	248.5	6.5	517.0	367.0	3.0	1236.5	187.5	208.0	1012.5	317.5	329.5	1091.5	121.0	1256.5	1045.0	1276.5	711.0	2695.0	986.5	2271.0	1121.0
32069.0	285.5	142.5	796.5	31.5	130.0	1129.0	258.5	20.0	471.5	90.5	1276.0	390.5	5.0	787.0	40.0	42.5	216.0	738.0	810.0	275.0	221.0	5.5	320.5	197.5	3.0	406.0	121.0	198.5	563.0	277.5	246.5	1097.0	112.0	671.0	908.5	738.5	392.0	848.0	697.5	1205.0	879.0
48461.0	253.5	482.5	2654.5	101.0	294.5	4737.0	1409.0	124.0	1924.0	325.5	4072.0	1693.5	22.0	2127.5	187.5	199.5	1226.5	2309.0	2636.0	1250.0	809.5	14.0	2219.5	1123.0	13.0	2408.5	700.5	618.0	2674.0	1251.5	1013.0	7253.0	277.5	2170.0	2325.5	3803.0	1379.0	3769.5	2526.5	5296.5	3867.0
51291.0	177.5	440.5	2088.5	112.0	315.5	4156.5	789.0	56.5	1388.5	407.0	4778.0	1978.0	12.0	2056.0	156.0	143.0	743.5	2271.0	2117.5	1384.5	878.5	11.5	1499.5	904.5	7.0	2056.5	398.5	770.5	3497.5	792.5	708.0	3237.0	216.0	2105.5	2378.5	2792.5	1503.5	4059.0	2739.5	5802.5	4001.5
52604.0	235.5	388.5	2704.0	90.0	231.5	2814.5	1182.5	103.5	1443.5	401.5	4543.0	1601.0	7.5	1519.5	98.5	133.0	843.0	1587.0	1435.0	1174.5	1027.5	11.0	1396.0	854.5	16.5	2004.0	669.0	520.0	2213.5	696.0	609.0	1700.5	87.0	1398.5	1155.5	2436.0	1256.5	2898.0	2028.0	6828.5	13863.5
53433.0	112.0	202.0	1318.5	49.5	151.0	1857.0	621.0	125.0	935.5	205.5	1785.0	877.5	3.0	1012.0	66.5	93.0	412.0	952.5	1278.0	619.5	287.0	4.0	636.5	427.0	4.0	1213.0	203.0	272.0	1319.5	556.0	376.5	1665.5	163.0	941.0	1318.5	1396.5	626.0	1458.0	1106.5	2447.0	1394.5
54526.0	100.0	258.5	1241.5	67.5	299.0	2314.0	402.0	24.0	954.0	202.5	2413.5	603.0	3.0	1454.5	69.0	68.5	361.0	1395.0	1220.5	586.5	298.0	10.0	549.0	416.0	6.0	765.5	240.0	361.5	1112.5	456.0	246.5	1960.5	243.0	1122.0	1689.5	1379.0	853.0	2065.0	1154.5	2439.5	1607.0
68295.0	263.5	577.0	2685.0	242.0	782.5	13909.5	1460.0	125.0	2088.0	501.5	4354.0	1976.5	21.0	2665.0	243.5	371.5	1117.5	2382.5	7711.5	1293.5	699.5	12.0	1417.0	1018.0	20.0	4710.5	603.5	521.0	2169.5	1300.5	2212.5	10780.0	279.5	2136.0	4740.5	3677.0	1805.0	16100.5	6931.0	6250.0	4359.5
68933.0	8253.5	708.0	1588.5	78.0	214.0	2472.0	1150.5	195.5	1594.5	344.5	5059.0	1111.5	6.5	1577.5	135.0	290.0	1158.5	1264.5	2177.0	951.0	660.5	10.0	1441.0	660.5	16.0	1718.0	1359.0	709.5	1618.0	902.5	679.5	1920.5	183.0	2099.5	2205.5	1679.0	821.0	3783.0	3044.0	5335.5	10271.0
68985.0	255.5	650.5	2765.5	97.0	433.0	3987.0	1504.0	213.5	3141.5	294.0	3258.5	2174.5	13.5	6707.0	357.5	286.0	1378.0	1603.5	2449.0	1181.5	1139.5	18.0	1687.0	871.0	11.5	1954.0	692.5	686.5	4188.5	1275.5	829.5	4869.0	209.0	2091.5	1702.0	3078.5	1259.0	3009.5	1855.0	4489.0	3170.5
69541.0	300.0	715.5	2990.0	149.5	726.0	6081.0	2036.5	114.0	2688.5	556.0	6168.0	2267.5	21.5	3492.0	177.0	255.0	1241.0	3455.5	3622.5	1821.5	2166.5	17.5	2028.0	1367.5	26.0	2833.0	935.5	1082.5	2853.5	1473.5	1447.0	4374.5	326.5	3152.0	3588.5	4094.0	2025.0	5198.0	4156.5	7823.5	6732.5
72273.0	547.5	1293.0	6331.5	256.5	983.5	10505.0	2717.0	191.5	4342.0	823.0	9795.5	4949.0	41.0	5784.0	366.0	299.0	2197.0	7124.5	8064.5	3314.5	1725.0	27.0	3359.0	2264.0	31.0	4597.5	1492.5	1459.0	5593.0	1739.0	2579.0	7128.0	1068.5	4910.5	6518.5	5596.5	3331.0	8925.0	7349.5	9961.0	8409.5
72274.0	18037.5	32748.5	227242.0	17949.0	18394.5	293887.0	131353.0	8402.0	210629.0	24400.0	231404.5	289592.0	1090.0	102594.5	57619.5	40028.0	73771.0	107773.0	234063.5	99715.5	56030.0	836.0	140067.0	71713.5	891.0	213463.0	54904.0	114886.5	267899.5	62715.0	41805.0	163599.0	13127.5	170989.0	110640.5	169805.5	77690.5	329130.5	217956.0	300722.5	414337.5
76804.0	0.0	1.0	0.0	1.0	0.0	0.0	0.0	0.0	0.0	0.0	69.0	0.0	0.0	0.0	0.0	0.0	0.0	0.0	0.0	0.0	0.0	0.0	0.0	0.0	0.0	0.0	0.0	0.0	0.0	0.0	0.0	0.0	0.0	0.0	0.0	10.0	6.0	2.0	0.0	0.0	0.0
80840.0	12878.0	31390.0	160394.5	6232.5	76111.0	248220.0	60995.5	5606.0	125685.5	24797.5	291958.0	98321.5	1183.5	147237.0	12642.5	11187.0	47375.5	150756.5	165770.5	80816.0	89657.0	828.5	92879.5	65017.0	773.5	141993.5	40422.5	49494.5	144634.0	49818.0	40132.0	202676.5	16742.0	134310.0	192365.5	242435.0	98730.0	232923.5	178948.5	331455.5	285182.0
84993.0	126.0	311.5	1517.0	69.5	178.0	2246.0	1154.5	64.5	1403.0	273.0	1879.5	857.5	9.5	1127.0	80.0	153.5	638.0	1133.0	1822.5	879.5	462.0	6.0	705.0	699.0	7.5	1038.0	356.0	598.5	1501.5	873.0	450.0	1807.5	110.0	1358.5	1180.0	1403.0	715.0	2382.5	1509.5	3561.0	2297.5
84996.0	60.0	113.5	558.0	11.0	39.5	1029.0	334.0	152.0	531.5	65.5	546.5	833.0	4.5	442.5	44.0	52.0	315.5	299.5	708.0	236.5	291.0	3.0	310.5	270.5	3.0	429.0	135.5	248.0	667.5	119.0	151.0	655.0	31.0	461.5	473.0	354.5	269.0	2362.0	1406.0	965.5	827.5
84999.0	205.0	564.0	2319.0	77.0	212.5	5726.0	2405.5	304.0	1153.5	211.0	2497.0	29273.0	18.0	1227.5	155.0	399.5	752.5	1319.0	1558.5	778.0	668.5	13.5	1154.5	698.0	4.0	1904.5	369.5	532.5	1548.5	595.0	2010.0	13599.5	165.0	1644.5	1169.0	18881.0	906.0	3184.5	2833.0	3426.0	6558.5
85001.0	103.0	211.5	748.5	28.0	48.5	1142.5	760.0	44.0	460.0	82.5	963.0	540.5	4.5	509.5	54.0	57.5	374.5	519.5	1434.0	422.5	385.0	1.5	499.0	335.5	2.0	850.0	263.0	183.5	1039.5	270.0	265.0	872.5	53.5	598.5	486.0	572.0	416.5	957.5	852.0	2001.5	1638.0
85004.0	955.5	4780.0	5394.5	695.0	1223.0	30508.5	9613.0	810.0	8666.5	1722.0	15462.0	88450.5	104.0	4875.5	1217.5	1988.0	3958.0	5756.0	14064.0	3298.0	3291.5	57.5	7016.5	9952.0	43.5	33391.0	3147.5	3452.0	12273.5	3893.5	4656.5	49272.5	665.5	10144.0	12301.5	50314.0	4632.5	10423.0	10098.0	17646.5	36559.5
85006.0	19079.0	36573.5	147408.0	5859.5	15657.5	217302.5	200723.5	13672.5	138283.5	21369.0	199701.5	155690.0	1013.0	97155.5	18683.0	14701.5	81903.5	76605.0	253482.0	84888.5	53698.0	752.0	94841.0	99011.0	720.0	156406.5	47714.0	57138.0	202988.0	129507.0	41806.0	135552.0	8741.5	117717.0	91808.0	167108.0	88271.5	202998.0	156295.0	411554.0	292580.0
85007.0	14750.0	26218.0	114259.5	3300.5	10092.5	125700.0	57649.5	11252.5	107020.0	14876.0	178509.0	175873.0	564.0	46585.5	10918.5	14249.0	41921.5	42313.0	94267.5	45813.5	30169.0	395.5	66210.0	33491.5	393.5	114564.0	29227.5	31624.0	122285.0	260588.5	30133.5	71512.0	4410.0	82828.5	99307.5	156969.5	36721.5	102801.0	96222.0	172598.5	158888.5
85008.0	1100.0	1844.5	7202.0	296.0	1358.0	12814.5	7491.5	932.0	10562.0	1527.5	12500.5	7447.0	48.5	5455.5	667.0	1044.0	4767.5	4432.0	14641.5	4949.0	3305.5	97.5	4939.0	3065.5	77.5	18112.0	2718.0	2297.5	19307.5	7753.5	2533.0	9860.0	565.5	17682.5	5235.5	11550.5	4008.0	60858.0	10199.5	22002.0	18532.0
85009.0	14447.0	46302.5	161964.5	3822.5	16092.0	133036.5	57687.5	13825.5	178216.0	65635.0	81895.5	263604.5	814.5	28013.5	22752.0	19613.5	43193.0	61761.0	76697.0	79818.0	41779.5	454.5	54956.5	25980.0	538.0	102434.5	26930.5	72601.5	288136.5	61582.5	43826.5	79424.5	2891.5	321368.0	98559.0	77403.5	47920.5	207146.5	167236.5	246210.0	315494.5
85010.0	1445.5	2461.0	10047.5	410.0	1425.5	14934.5	8166.5	1182.0	12992.5	1549.5	12543.5	12412.5	63.5	6086.5	1034.5	1624.0	6388.5	5245.5	19781.0	6423.5	3178.0	49.0	7079.0	4478.5	53.5	10764.0	3839.0	4129.5	24144.0	8054.0	3478.0	9367.0	605.5	11672.5	7617.0	10081.5	5119.0	13078.0	12240.0	23562.5	27284.0
85011.0	2374.5	5029.0	19690.0	779.0	2241.5	33754.5	20778.0	2801.0	30512.0	2971.5	29232.5	20420.5	121.0	17124.5	2236.0	2241.5	12029.0	11988.5	37031.5	10086.0	6014.0	125.0	13201.5	9110.5	101.5	21581.0	6588.5	6732.5	30664.5	21334.5	6109.0	20571.5	2048.5	18600.0	14511.0	19409.5	10202.0	27292.5	21234.5	47396.5	48721.0
85012.0	1142.5	2147.0	8769.0	377.0	883.0	17205.5	9463.5	989.0	9072.0	1687.0	12278.5	9456.0	46.5	6812.0	730.5	879.5	4544.0	4890.5	18015.0	5506.5	2966.0	39.5	5499.0	3144.5	50.0	9373.0	2403.5	2965.0	11986.5	8935.5	2574.5	8699.0	789.0	8034.5	6854.5	8155.5	3820.0	13233.5	8883.5	24383.5	17540.0
85013.0	723.5	1083.5	5426.5	175.0	561.0	8464.5	4198.0	643.5	11552.0	1085.5	7102.0	5131.5	40.0	4366.0	367.5	1306.0	3672.0	2545.0	9002.5	3469.5	2246.5	32.5	4188.0	2561.5	26.5	5494.5	1945.5	1972.0	7123.5	6121.5	2151.5	5023.5	356.0	5316.5	2981.5	4696.5	2999.0	6943.0	6579.5	14099.0	11995.5
85014.0	49.0	94.0	330.0	14.0	24.0	708.0	370.0	18.0	838.5	76.5	589.0	552.5	3.5	369.0	32.0	32.0	240.5	262.5	822.0	278.5	79.5	3.0	274.5	97.5	3.5	600.0	98.0	111.5	804.5	326.5	113.5	464.0	28.0	604.0	377.0	438.5	149.0	880.5	492.0	1020.5	877.5
91347.0	45637.5	58551.5	240927.0	18379.5	21971.5	258275.5	158390.0	21479.5	205065.5	26991.5	454326.0	225725.5	1751.5	136979.0	31820.0	77168.5	215007.5	118534.5	350937.0	247529.5	126265.5	1158.0	274762.5	94055.5	1326.5	253137.5	217053.0	126036.5	505289.5	49740.5	67372.0	1300231.0	16640.5	165970.0	140244.5	197139.5	136117.0	305457.5	147899.0	392390.0	632422.5
94695.0	161.0	790.0	2529.0	90.0	289.5	4571.5	1252.5	121.5	1980.0	353.5	4161.0	1896.5	11.0	2245.0	169.5	178.5	903.0	1840.0	2670.5	1982.0	629.5	11.0	1600.0	845.0	12.0	2626.0	590.5	615.0	1886.5	598.0	653.0	4915.5	161.0	1996.5	2554.0	2837.0	1369.5	3260.0	2317.5	4760.0	3637.0
114380.0	283.0	671.5	3290.0	168.0	458.0	5798.0	2000.5	101.5	3224.5	442.0	5476.0	2422.5	20.0	3339.5	191.5	227.0	1125.5	3131.5	4137.0	1630.5	1036.5	22.5	2022.0	1196.5	14.0	2690.0	802.0	928.0	2524.0	1138.0	1155.0	4568.5	563.0	2880.0	3663.0	3893.0	1859.5	4899.5	3245.5	6190.5	6434.0
118964.0	1530.0	2431.0	11844.0	449.5	1356.5	22457.5	3970.0	690.5	18046.5	1553.0	22233.0	8288.5	72.0	10432.5	731.5	1914.0	9505.5	12685.5	23736.0	7755.0	15473.0	67.5	9024.5	7910.5	74.5	16854.5	2912.5	3837.5	22720.0	5405.0	4826.0	16408.5	992.5	11117.0	9816.5	16760.5	7317.5	20995.5	15071.0	30313.0	16173.0
118969.0	1567.0	3344.5	15190.0	909.5	2599.5	28674.5	5043.0	412.0	13051.0	3070.0	33139.0	9985.5	89.0	10969.5	1486.5	1209.0	6368.5	13145.5	10931.0	10327.0	6914.0	80.0	10027.5	6354.5	96.0	16022.5	3611.0	6938.0	18547.0	10792.0	5879.5	18446.5	1322.0	19103.0	14040.0	17373.5	12278.0	22399.5	18990.5	45333.0	38773.0
119069.0	91.0	134.5	633.0	18.5	175.0	1270.0	292.5	11.0	556.5	113.0	2184.0	387.0	22.5	700.5	149.0	156.0	334.0	715.5	838.0	301.0	192.5	1.0	324.0	188.5	5.5	536.5	180.5	129.0	677.0	204.0	124.0	1069.0	113.5	561.0	2420.5	871.0	441.0	1175.0	12695.5	1052.0	4405.0
133814.0	101.0	77.5	753.5	36.5	73.5	596.0	519.5	146.0	734.5	74.5	540.0	1236.5	3.5	244.5	184.5	59.5	300.0	363.5	665.0	407.5	271.0	3.0	310.0	349.0	2.5	899.5	139.5	290.5	874.5	944.5	215.5	463.5	17.0	614.0	271.0	612.0	407.5	618.5	397.5	1697.5	1461.0
135613.0	1158.5	2479.0	18416.0	704.5	2286.0	20573.5	6488.5	460.0	9966.0	2058.5	22477.5	18207.0	87.0	9812.0	8933.0	2233.0	6396.0	13099.0	20450.0	7711.0	4190.0	79.5	7869.0	5457.0	65.0	10442.0	3845.0	4176.5	14001.5	4078.0	4483.5	15189.0	1790.5	12285.0	12804.5	12609.0	7114.0	21942.5	17967.0	24677.0	27806.5
135614.0	3124.5	7581.0	34348.5	1306.0	4075.0	45275.5	18806.5	2103.0	25720.5	4137.5	47071.0	26059.0	178.0	22516.0	7039.5	4899.5	15388.5	21551.0	77513.5	17148.0	9229.0	195.0	18464.0	10975.5	136.0	31861.0	7615.5	8372.5	41157.5	9894.0	12077.0	28442.0	22994.0	26326.5	24455.0	23375.5	16616.0	39879.5	43472.0	48743.0	48902.5
135615.0	55.0	129.5	878.0	43.5	298.5	1258.0	323.0	32.0	873.5	108.5	1412.5	602.0	4.0	561.0	58.5	57.5	162.0	532.0	644.5	338.5	145.5	4.0	633.5	214.5	5.5	478.5	157.5	198.0	894.0	258.5	209.0	843.0	126.5	545.5	581.5	686.0	413.0	926.5	1399.0	1217.5	1025.5
135618.0	236.5	505.5	2433.5	133.0	491.0	4005.0	1314.5	81.0	1592.0	387.5	4066.0	1353.0	16.0	1956.5	240.5	168.5	1348.5	2162.5	4044.5	1336.0	758.5	11.5	1521.5	1187.5	12.5	2144.0	850.5	786.0	3054.0	831.5	1004.5	3171.5	285.0	1853.0	2282.0	2331.5	1325.0	3476.5	3308.5	4523.5	4332.0
135619.0	2078.0	8911.0	17317.0	1597.5	2476.5	26472.0	10701.5	908.0	18057.0	3026.0	25354.5	15251.0	106.5	13471.5	3387.0	1939.5	6997.0	19627.5	28529.5	8613.5	6532.5	104.5	10599.5	7092.5	91.0	17055.0	14235.0	6362.0	19729.0	5193.0	6156.5	48455.0	2307.0	15335.5	16025.0	16870.0	9076.5	27608.0	23397.5	31484.0	43427.0
135622.0	2432.0	4883.0	22278.5	1034.5	2489.5	37181.0	16932.0	1166.5	18590.5	2654.0	33976.0	58496.5	139.0	15302.5	4539.5	6391.5	7719.5	17300.5	47286.0	11078.5	6167.0	130.5	13846.0	6865.5	89.5	19887.0	7197.0	8252.5	21006.5	5473.5	5359.5	25919.5	2355.0	17802.5	17397.5	16291.5	9115.0	27656.5	19200.5	35443.0	52284.5
135623.0	17250.0	33296.5	229738.0	7626.5	24521.0	332070.5	106368.5	8356.0	374398.0	21196.0	214979.0	241166.5	1893.5	73419.0	16341.5	19375.0	255129.0	87605.5	212249.0	104993.0	58124.5	941.5	106290.5	77443.0	833.0	141422.0	43561.5	66542.5	277168.5	74537.0	188991.5	5978863.5	12616.0	186524.5	202196.5	201787.0	368999.0	294751.5	326539.5	309438.0	330434.5
135624.0	719.5	1570.0	6767.0	378.0	793.0	10112.0	3102.5	552.5	8922.0	913.5	10275.0	108883.5	93.0	5754.5	1884.0	1043.0	4749.0	5553.5	13764.0	4765.0	1949.0	50.5	9214.0	3033.5	42.5	5544.5	3291.0	3585.5	9427.0	1440.0	2027.0	8132.0	804.5	5526.5	4967.5	6431.0	3208.0	9639.0	8211.5	10289.5	24428.0
135625.0	2922.0	36389.5	23785.0	1148.5	3231.5	32718.5	27298.0	4029.0	25151.5	4186.5	34702.5	49544.5	243.5	13437.0	3065.5	4181.5	20890.5	11803.0	27933.5	19205.0	5458.0	103.5	18789.0	10238.0	135.0	34071.0	7054.0	10273.5	50201.5	18055.5	5387.0	189314.5	1374.5	22908.0	17584.5	17852.5	18129.0	36287.0	27189.5	53856.5	60043.5
171549.0	2792.5	17085.5	30972.0	1789.5	5085.5	64096.5	41852.0	5403.5	57397.5	5771.0	66977.0	85723.5	249.5	18883.5	4639.0	2552.5	13023.0	17197.0	30876.5	13541.0	10577.5	178.0	25594.0	16994.5	152.0	40679.0	7122.0	10282.5	37642.0	15067.0	9597.5	34136.5	1894.0	21712.0	19725.5	206019.0	13631.5	32174.0	30889.5	89533.0	89522.0
186328.0	117.5	308.5	1377.5	60.0	130.5	2105.0	761.5	91.5	902.5	179.0	4704.0	1378.5	6.0	2591.5	96.5	92.0	334.0	1084.5	1204.0	505.0	451.0	27.0	1282.0	423.0	11.0	1223.5	256.0	250.5	991.5	410.5	516.0	1993.5	100.5	885.5	1580.5	3335.5	576.5	1428.5	1045.0	2672.5	1432.0
186329.0	109.0	362.0	1697.0	46.0	500.5	2959.0	810.0	92.5	1239.0	251.5	3818.5	1226.5	14.0	1773.0	89.0	129.5	348.0	1378.0	1626.0	917.0	640.0	8.0	1052.5	583.5	7.0	1335.0	390.5	465.5	862.0	500.5	341.0	2422.5	187.5	1404.0	1907.0	2135.0	770.5	1772.0	1503.0	2652.5	2896.5
186332.0	0.0	10.0	6.0	5.0	5.0	35.0	0.0	0.0	3.0	2.5	37.0	12.5	0.0	32.5	0.0	0.0	3.0	42.5	48.0	20.0	0.0	0.0	19.0	6.0	0.0	11.0	0.0	1.0	2.0	3.0	6.0	95.0	0.0	27.0	38.5	32.5	17.0	11.0	14.0	44.0	21.0
186802.0	13026.5	34683.5	162391.5	8200.0	15813.0	284932.5	135004.5	20461.0	133260.5	24883.5	254506.5	497363.5	1413.0	77127.0	11724.5	26730.5	205770.5	100155.5	237766.0	120842.0	56134.5	830.0	144696.0	59638.5	986.5	231335.0	39362.5	48315.5	385590.5	75714.5	53037.0	2759052.0	11254.0	138378.5	119909.5	584491.5	164016.5	218659.0	142606.5	269788.0	550760.0
186826.0	9686.5	98789.0	74291.0	3229.0	10561.0	172856.5	78150.0	9105.5	81314.5	13283.0	129136.5	125552.5	714.0	60104.5	30865.5	13457.5	188185.5	34491.0	102685.0	47375.5	34343.5	810.5	91379.0	65418.5	521.5	129181.0	30953.0	27781.5	157981.5	63167.5	51630.0	1096268.0	5329.0	69987.5	50839.5	101846.0	36811.5	111420.0	83183.5	221829.0	162475.0
188710.0	26.5	80.0	362.5	26.0	56.0	706.5	110.5	7.0	355.5	49.0	643.0	231.5	2.5	358.0	22.5	27.0	104.0	351.5	327.5	283.5	48.5	5.0	151.5	115.5	3.0	248.0	61.5	97.0	300.0	153.5	70.0	576.0	27.5	278.0	436.5	436.5	288.0	480.5	381.5	678.5	608.0
189769.0	17.0	37.0	202.0	11.5	32.0	328.5	110.0	3.5	142.5	43.0	308.0	150.0	1.0	193.5	6.0	15.0	44.0	166.0	231.5	128.5	99.5	1.0	146.0	68.0	0.0	152.0	76.5	42.0	97.5	39.0	105.5	278.5	28.0	143.5	227.5	282.5	92.0	254.5	199.0	242.0	373.0
189772.0	28.0	86.0	454.0	9.0	38.5	487.0	272.0	21.0	334.0	55.0	593.5	688.5	3.0	275.5	30.5	28.5	1624.0	258.0	609.5	175.0	107.0	2.0	266.5	102.5	1.0	349.0	108.0	185.0	350.0	207.0	109.5	398.5	12.0	354.0	239.5	322.0	213.0	470.0	177.0	703.0	563.5
189776.0	29.0	98.5	294.0	9.5	14.0	322.0	173.5	7.5	125.0	29.5	268.0	115.5	0.0	189.5	2.0	14.0	51.5	154.5	327.0	96.5	90.0	2.0	87.5	128.0	1.0	55.0	84.0	48.5	203.0	134.0	57.0	293.0	11.0	141.0	194.5	186.5	98.5	198.0	217.0	370.0	316.0
189778.0	219.0	564.0	2730.0	87.5	379.5	8523.5	1645.5	68.0	2118.0	361.5	4360.0	1478.5	11.5	2571.0	896.0	126.5	1034.0	2289.0	2878.5	1739.5	870.5	26.0	1476.5	901.0	10.5	2531.0	624.0	685.0	2620.0	699.0	2314.0	3065.0	241.5	2344.0	2719.5	3445.0	1799.0	4203.0	2686.0	6175.0	3788.0
191393.0	102.0	177.5	1054.5	55.0	127.5	1876.0	441.5	30.0	755.5	177.0	1687.0	751.0	3.0	741.0	71.5	38.5	313.0	775.5	951.5	500.0	283.5	8.0	464.0	477.0	1.0	739.0	188.5	299.5	810.0	398.5	310.5	1475.5	105.0	802.5	959.5	1070.5	739.0	1650.0	1142.0	1642.5	1329.0
191411.0	100.5	303.0	1606.0	75.0	800.5	2904.0	635.0	35.5	1371.5	242.0	2763.0	733.5	5.5	1650.5	86.5	87.0	380.0	1545.0	1356.5	614.0	618.5	8.5	1000.0	484.5	5.0	1360.0	244.0	360.0	1174.0	605.0	481.5	1978.5	210.0	1175.5	1578.0	1714.0	855.0	1986.0	1296.0	2963.5	1555.0
200644.0	7878.0	43733.0	77979.5	3405.5	12702.5	137957.0	36855.0	5368.5	66243.0	11956.5	146297.0	59716.5	496.0	63888.0	11326.0	10360.5	32570.0	67459.0	167971.0	49476.0	26680.5	443.0	71184.5	33249.5	500.5	149331.5	21707.5	28630.0	103903.0	26025.5	25972.0	95774.5	6719.0	71640.5	67046.5	82198.5	46154.0	145299.5	93561.5	179365.5	168186.0
200666.0	1962.0	3603.0	20976.0	696.0	2997.5	27238.5	10286.5	722.0	13424.0	2675.5	30014.5	14142.5	122.5	16883.0	3147.5	2251.0	8103.0	14295.5	25630.0	9117.5	6529.0	107.0	9592.0	7702.0	104.5	18829.5	5545.0	6554.0	26055.5	5826.5	4476.0	19571.5	1535.5	21799.0	17710.0	18582.5	9765.5	25187.5	22946.5	35444.0	28839.0
203487.0	43.0	167.0	712.0	18.0	80.5	1293.5	360.0	16.0	578.0	76.5	1143.0	275.0	3.0	705.5	25.0	16.5	156.5	638.5	1037.0	230.0	130.5	1.0	376.0	183.5	2.0	325.0	143.0	137.0	274.5	331.0	112.0	1054.5	95.5	663.0	881.5	786.0	360.0	833.5	689.0	1169.0	1724.5
203491.0	1112.0	8941.0	13007.0	381.5	879.5	18592.5	15856.5	2842.0	13811.0	1486.5	12694.0	26759.5	89.5	6807.5	1294.5	909.5	4725.0	3020.5	16979.0	3756.5	3064.0	56.5	9999.0	3523.0	67.5	9279.5	2997.0	3527.0	31393.0	2946.5	2774.0	6612.0	329.0	5335.0	3935.0	7028.5	3778.5	8959.0	8080.0	47206.5	25462.5
204433.0	236.5	725.5	3341.5	122.0	410.0	6573.0	1479.0	114.5	17095.5	338.0	4518.0	1345.0	29.5	3011.0	143.5	148.5	792.5	2753.0	2485.5	1431.0	1019.5	24.0	1403.0	1003.5	11.0	2138.0	542.5	879.0	1877.5	877.5	1742.0	4078.5	368.5	2363.5	2900.5	3246.0	1941.0	4028.5	2655.5	5015.0	3796.5
204441.0	2465.5	6179.5	33884.0	1095.5	2976.0	39964.5	13759.0	2036.5	20721.5	3855.5	46008.0	45636.0	213.0	22553.5	5645.5	3740.0	11678.5	20418.5	31023.5	15188.5	8716.5	137.0	16001.0	10591.0	112.5	21845.0	6708.5	9799.0	26634.0	8519.5	14537.0	30841.0	2668.0	22465.5	21393.5	29419.0	16399.5	38092.0	27623.5	47309.5	43523.5
204455.0	4084.0	11132.5	41149.0	1238.5	4982.0	59511.5	34176.5	2495.5	36490.5	6474.0	59967.5	37869.0	241.5	27795.5	3413.0	4118.0	18169.5	26976.5	77961.5	22837.5	14755.5	234.5	44800.0	15386.0	185.5	33714.5	12679.0	17743.0	43856.5	16060.5	11949.5	43062.5	3629.5	57619.0	30683.5	43884.5	20423.0	54898.0	56439.5	90709.0	90765.0
204457.0	5663.5	12398.0	63691.0	2129.5	4877.0	89631.5	29028.0	2123.5	50393.5	8455.0	90383.0	32990.0	321.5	50327.0	4038.5	5626.5	21423.0	48561.5	61155.5	29350.0	16729.0	310.0	36201.5	24411.0	287.0	51972.5	14746.0	16529.5	64713.5	23511.0	13889.5	65344.0	5683.5	55510.5	50050.0	57760.5	40294.5	72764.5	57399.5	122625.0	104175.0
204458.0	1779.0	3297.0	27184.5	567.0	1537.5	21105.0	6378.5	690.5	12374.0	1931.0	21903.5	9002.5	79.5	11840.0	1930.5	1212.0	9086.5	9514.5	26877.0	7381.5	6743.0	94.5	10344.5	5583.0	57.0	14088.5	3713.5	3997.5	15882.5	4906.0	3600.0	13868.0	1640.0	14993.5	10986.0	13682.0	8827.5	17124.0	12568.0	27670.5	25581.5
205948.0	2.0	14.5	44.0	0.0	7.0	137.0	34.5	3.0	138.5	6.0	81.0	85.0	0.0	94.0	5.0	3.0	3.0	38.0	55.0	22.0	22.0	0.0	25.0	22.5	0.0	31.0	8.0	1.0	28.5	38.0	2.0	76.0	9.0	110.0	73.0	59.0	24.0	40.0	55.0	174.0	104.0
206351.0	3441.5	123769.0	36695.5	1264.5	6314.5	63862.0	16255.0	5066.5	35345.5	6091.0	75469.5	45487.0	348.5	30595.5	3497.0	2676.5	27138.5	27898.5	31331.0	17223.0	12540.0	184.0	27244.5	14945.0	218.5	53495.0	10127.5	14426.0	52219.0	12748.0	10972.5	41380.0	2955.0	27583.5	31624.5	36816.5	25370.0	51843.0	39237.0	115778.0	65135.5
206389.0	556.0	1414.5	6944.0	239.5	1555.5	11334.5	2616.5	196.0	5701.5	1007.0	13476.0	4544.0	48.5	6641.5	492.0	595.5	1977.0	6556.5	7199.0	3068.5	1959.5	39.0	3965.0	2418.0	44.5	6753.5	1638.5	2257.5	5056.0	2144.0	1827.5	9068.0	778.5	5260.0	7714.0	6940.5	3782.0	9548.5	8601.0	12353.0	19649.5
213113.0	78.0	222.5	969.0	42.0	121.5	2173.5	544.5	10.5	598.0	158.5	2812.5	588.5	4.0	939.0	52.5	67.0	239.0	1113.0	593.0	710.5	466.0	5.0	349.5	413.5	4.0	1042.5	161.0	228.5	762.5	341.5	251.5	1893.0	73.5	994.5	1958.0	1425.0	848.5	1690.0	1481.5	2205.5	1785.0
213115.0	380.5	994.5	4850.0	202.5	1201.5	8491.0	2546.5	153.0	4576.0	662.5	8470.5	2793.0	24.5	5491.5	300.5	363.0	1676.5	4424.0	6136.0	2197.0	1849.0	26.5	2350.0	1759.5	28.0	3704.5	1361.5	1455.5	3572.5	1403.5	1468.0	7153.0	493.5	3985.0	4989.0	5703.5	2712.5	7688.5	4872.0	9937.0	7541.0
213118.0	322.5	831.0	3739.0	142.0	1001.0	6548.0	1655.0	93.0	2815.0	496.0	6737.5	2129.0	21.5	3676.5	213.0	319.5	1030.5	3831.5	3896.0	1967.5	1646.5	22.0	1827.5	1237.0	23.5	3200.5	811.5	984.0	3077.5	1524.0	1059.0	5226.5	554.5	3046.5	4047.5	4030.0	2166.0	5927.5	3501.0	7995.5	5902.0
213462.0	110.0	273.5	1513.0	52.5	310.5	2785.0	655.5	37.0	1064.5	206.5	2670.5	824.0	10.0	1411.0	102.5	157.5	419.0	1410.5	1527.0	762.5	659.0	5.5	701.0	479.0	5.5	1046.5	306.5	361.0	960.5	439.0	590.0	2109.0	178.0	1366.5	1660.0	1688.0	796.0	2011.5	1466.5	2924.0	2229.5
213481.0	565.5	1380.0	8772.0	243.5	14788.0	10326.5	2210.0	196.0	6579.0	926.5	11757.5	3381.5	43.0	6231.5	298.5	476.5	2140.0	5746.5	6736.5	3976.5	2321.0	34.0	3820.5	2569.5	40.0	5270.5	1587.0	1596.0	13228.0	1531.5	1452.0	7847.5	650.0	5423.5	7392.5	6676.5	5052.0	9096.5	6646.5	14324.5	13002.0
213849.0	571.0	3909.0	7356.0	354.0	1272.5	14586.0	4411.0	328.5	7338.0	1083.0	14558.5	8921.0	39.5	7252.0	449.5	429.0	2874.0	6884.0	8004.0	3855.0	2112.5	40.5	5059.5	3127.5	28.0	5193.0	1675.5	3069.5	7648.5	2757.0	2259.0	11356.0	956.0	6809.0	7497.5	7420.0	5365.5	12012.0	7620.5	13639.0	13609.5
218872.0	23.0	103.0	868.5	20.0	117.5	939.0	174.0	29.0	418.5	66.0	828.5	364.0	2.0	629.5	14.0	24.5	104.5	969.0	518.5	423.5	138.5	3.0	320.0	144.5	4.0	413.0	92.0	91.0	328.0	142.5	98.5	562.0	70.0	757.5	602.5	487.5	408.5	717.0	449.5	2173.5	629.5
219686.0	138.5	309.0	1165.5	52.0	133.0	2477.5	666.5	46.5	1889.0	201.0	1943.5	760.0	5.0	1305.5	78.0	145.5	568.5	1020.5	1596.5	565.0	390.5	12.5	775.5	628.5	10.5	1201.0	367.5	493.5	1143.0	372.5	561.5	1404.5	141.0	1258.5	1033.5	1665.0	676.0	1714.5	1060.5	2925.0	3285.5
224468.0	2.0	22.5	61.0	3.0	2.0	89.5	17.5	1.0	59.5	12.5	79.5	38.5	0.0	61.0	5.0	5.0	9.0	61.0	50.5	57.0	26.5	0.0	14.0	28.0	0.0	33.0	13.0	21.5	26.5	48.5	5.0	100.0	15.0	56.0	108.5	71.0	44.5	108.0	36.0	85.0	79.5
225057.0	122.0	306.5	1886.5	172.5	485.0	3083.0	915.0	63.0	1299.0	242.5	3293.0	1025.0	15.0	1643.0	97.5	107.5	385.0	1873.5	1899.0	755.0	506.5	14.0	967.0	581.5	3.5	1309.0	381.0	475.0	1077.0	502.5	420.0	2167.0	219.5	1452.0	1990.0	1714.0	909.0	2371.5	1937.5	2955.5	3119.0
235899.0	23.0	48.0	323.0	10.5	39.0	466.0	131.5	9.5	130.5	42.5	410.5	156.0	1.0	326.5	16.0	19.0	70.5	259.0	357.5	161.5	95.0	1.0	109.0	85.5	1.0	251.5	27.5	52.5	198.0	73.5	49.0	446.0	60.5	270.0	285.0	334.0	135.5	401.5	244.0	356.5	472.0
255473.0	5.0	19.0	131.5	3.0	7.0	254.5	86.0	5.0	77.5	24.0	300.0	55.0	0.0	151.0	8.0	10.0	58.0	150.5	170.5	66.0	37.5	0.0	82.5	35.0	0.0	85.5	36.0	32.5	72.5	21.0	41.0	197.5	35.0	294.5	147.0	135.5	92.0	146.5	159.0	232.5	262.5
278081.0	4.0	2.0	1.0	0.0	0.0	16.0	0.0	0.0	3.0	2.0	9.0	79.5	0.0	7.0	0.0	0.0	0.0	5.0	0.0	2.0	0.0	0.0	0.0	0.0	0.0	11.0	7.0	0.0	9.0	15.0	4.0	47.0	0.0	6.0	7.0	2.0	12.0	2.0	14.0	0.0	1.0
278082.0	14.5	66.0	176.5	9.0	46.5	621.5	123.5	7.0	246.0	27.0	309.0	140.0	2.0	252.5	8.0	15.5	73.0	260.0	299.0	106.5	42.0	1.0	144.0	80.0	0.0	131.0	57.0	37.0	154.0	67.5	236.0	574.0	100.0	200.5	250.5	1049.0	138.5	1006.0	220.0	515.0	296.0
292629.0	75.0	139.5	812.5	38.0	156.0	1598.0	339.5	46.5	701.5	133.5	1570.5	825.5	5.0	822.0	21.0	64.5	363.0	839.0	655.0	324.5	298.0	2.5	363.0	335.0	4.0	925.5	198.0	240.5	746.5	254.5	433.5	1176.5	60.0	785.0	788.5	1012.5	603.0	1239.0	688.5	2008.5	1415.5
307595.0	19.5	20.5	138.0	7.0	18.0	226.0	94.5	8.5	138.0	24.5	372.0	101.5	0.0	145.5	6.0	7.0	78.5	116.0	148.0	44.5	41.5	0.0	142.0	60.0	1.0	224.5	38.5	41.0	103.0	62.0	31.0	244.0	18.0	161.5	142.0	131.5	99.0	102.5	198.5	140.5	1061.5
332160.0	17.0	11.5	88.0	1.0	22.0	127.5	35.0	7.5	59.0	10.0	90.0	58.0	2.0	91.5	23.0	7.0	13.0	72.0	42.0	27.5	28.0	0.0	30.0	24.5	1.0	5.5	34.0	5.0	39.0	15.0	60.0	112.0	8.0	50.0	144.5	135.5	55.0	96.5	60.5	246.0	84.5
343329.0	0.0	3.0	3.0	0.0	1.0	20.5	9.0	0.0	5.0	1.0	8.0	4.0	0.0	9.0	0.0	0.0	0.0	17.0	4.0	3.0	1.0	0.0	12.0	2.0	0.0	1.0	0.0	6.0	1.0	0.0	1.0	20.5	1.0	6.0	16.0	6.0	4.0	4.0	6.0	18.0	7.5
362534.0	4.5	10.5	131.0	1.5	12.0	91.5	56.0	1.0	33.5	2.0	124.0	52.5	0.0	52.5	19.0	51.5	14.5	54.0	113.0	99.5	25.5	0.0	24.5	15.5	0.0	65.0	5.5	31.5	81.0	21.0	15.5	77.5	19.5	36.5	49.5	86.0	36.5	123.0	78.5	137.5	29.0
388448.0	14.5	60.0	365.5	9.5	12.5	380.0	218.0	7.5	239.0	29.5	327.0	138.0	1.5	190.5	14.0	8.0	68.0	190.0	304.5	132.5	91.5	4.5	205.5	110.0	1.0	160.5	50.0	101.5	202.0	82.5	75.5	346.0	8.5	203.5	232.0	212.5	134.5	342.5	235.5	578.5	561.0
414714.0	114.0	211.0	1035.5	18.0	290.0	1777.5	791.0	160.5	3068.5	206.0	1039.5	873.0	5.5	636.0	120.5	288.5	702.5	430.5	1574.5	748.0	356.5	7.5	687.0	614.5	5.0	1410.0	403.5	300.0	1262.5	780.5	396.5	940.5	50.0	860.5	463.5	821.0	557.5	968.5	1181.0	2179.5	1336.0
415000.0	101.0	298.0	1821.5	54.0	132.0	2504.0	690.0	36.5	1632.0	210.0	2260.5	884.0	6.0	1340.0	157.0	131.0	373.0	1385.0	2553.0	759.5	524.0	6.0	3067.5	552.0	9.5	1220.0	726.5	389.0	1277.0	582.0	405.5	1662.5	100.0	1290.0	1299.5	1356.0	851.0	1975.5	1429.0	3284.5	2346.0
415001.0	25.0	114.5	274.0	8.0	41.0	460.5	162.5	10.0	237.5	30.0	564.0	197.5	2.0	184.0	21.0	15.5	105.5	240.0	424.5	166.5	134.5	3.0	399.5	92.0	3.0	361.0	104.5	80.0	211.5	189.0	220.5	341.5	51.5	230.5	299.0	357.0	230.5	493.5	234.0	841.0	492.0
453227.0	7.0	18.5	37.0	2.5	14.5	125.5	42.5	1.0	85.0	14.5	106.0	6.0	0.0	114.0	2.0	5.0	9.0	46.5	54.5	28.5	45.0	0.0	35.5	29.0	1.0	70.0	46.0	23.5	90.5	4.0	27.5	100.0	25.0	77.0	84.0	159.5	58.0	101.5	76.0	162.5	85.0
455492.0	2.5	1.0	14.5	0.5	3.0	18.0	5.0	0.0	8.0	5.0	38.0	4.0	0.0	6.5	0.0	3.0	5.0	9.0	47.0	7.0	0.0	0.0	13.0	13.5	0.0	0.0	0.0	0.0	0.0	4.5	1.0	7.0	11.0	13.5	19.0	19.0	10.5	8.0	22.0	44.5	23.5
464095.0	2232.5	421.0	3069.5	172.0	142.0	3950.5	3650.0	77.0	1528.5	297.0	4217.0	27432.0	33.5	5489.0	128.0	998.5	672.0	3181.5	2691.0	1916.0	631.0	16.5	1078.5	729.0	18.5	1334.5	736.0	413.0	1221.5	545.5	10732.5	20417.5	98.0	2289.0	2596.5	2626.5	1803.5	2768.0	2317.5	4696.0	3052.0
471822.0	0.0	0.0	0.0	0.0	0.0	0.0	0.0	0.0	4.0	0.0	1.0	1.0	0.0	2.0	0.0	0.0	0.0	0.0	0.0	0.0	0.0	0.0	0.0	4.0	0.0	0.0	2.0	0.0	0.0	0.0	0.0	9.0	0.0	0.0	0.0	0.0	0.0	2.5	1.0	7.0	0.0
475963.0	61.5	175.0	435.0	15.0	65.0	1189.5	443.0	26.5	514.0	114.0	652.5	509.5	2.0	610.5	36.5	75.0	178.5	487.5	470.5	568.5	124.5	1.0	222.5	260.5	6.0	952.5	123.5	237.5	691.0	219.0	414.0	803.0	88.5	375.0	678.5	654.0	343.0	966.5	497.0	1065.5	716.5
485256.0	34.5	34.5	263.0	9.0	26.0	405.0	101.0	25.0	137.5	19.5	561.0	139.0	1.0	173.5	18.0	24.0	49.5	146.0	262.0	55.5	25.0	2.0	77.5	64.5	0.0	170.5	46.5	76.5	136.5	95.5	72.0	347.5	28.0	200.0	219.0	236.5	116.5	245.0	303.5	327.5	451.0
510684.0	0.0	1.0	26.0	0.0	0.0	19.5	3.0	0.0	0.0	1.0	15.0	7.5	0.0	18.5	1.0	3.0	0.0	6.5	16.5	13.0	1.0	0.0	8.0	3.0	0.0	15.5	1.0	0.0	1.0	2.0	0.0	20.0	1.0	19.0	28.0	7.0	10.5	10.0	28.0	3.0	32.5
526525.0	197.0	3986.5	1946.0	151.5	1157.0	4807.0	1531.5	1674.5	4218.0	472.0	3964.5	29277.5	28.0	3028.5	419.5	164.5	959.0	2837.0	3458.0	983.0	8148.5	17.0	1369.5	977.5	10.0	2165.0	927.5	869.5	5025.0	1293.0	939.0	5063.5	178.0	9017.5	13991.0	36304.5	1559.5	3708.5	3211.5	5648.0	20926.5
533206.0	0.0	0.0	0.0	0.0	0.0	0.0	0.0	0.0	0.0	0.0	0.0	0.0	0.0	0.0	0.0	0.0	0.0	5.0	0.0	0.0	0.0	0.0	1.0	0.0	0.0	0.0	0.0	0.0	0.0	0.0	0.0	0.0	0.0	0.0	0.0	0.0	0.0	0.0	0.0	1.0	0.0
548681.0	50.5	76.0	22.5	8.0	28.5	469.0	37.0	17.5	26.0	13.5	863.5	283.5	1.0	101.0	18.5	16.5	37.5	204.0	570.0	657.5	30.5	1.0	192.5	86.5	1.0	231.5	45.5	105.5	40.5	75.5	95.0	51.0	26.5	238.0	42.5	45.5	21.0	54.5	60.0	75.5	188.0
570264.0	33.0	66.0	529.0	15.0	207.5	620.0	143.5	11.5	259.0	53.0	806.0	233.5	1.0	443.5	20.5	28.5	68.0	381.5	399.0	117.0	106.0	1.5	190.0	149.0	2.0	300.5	88.5	85.0	272.0	106.0	82.0	541.0	54.5	263.0	442.0	655.0	263.5	587.5	491.0	888.5	571.0
574975.0	21.5	47.0	182.0	13.5	22.5	706.0	172.0	12.5	338.0	35.0	496.5	133.5	1.0	297.0	9.0	8.5	46.0	266.0	323.5	108.5	44.5	2.0	199.0	118.5	3.5	259.0	34.5	85.5	116.0	142.0	113.0	365.0	29.0	246.5	321.0	277.0	184.0	304.5	308.5	569.0	384.5
580371.0	23.5	26.5	185.0	6.5	43.5	348.0	70.5	9.0	76.5	17.0	307.5	144.0	0.0	196.5	26.5	45.0	47.5	173.0	169.5	97.5	34.5	1.0	109.0	61.5	2.0	183.0	25.0	54.5	191.5	65.5	90.0	240.0	27.0	124.0	194.0	150.0	131.0	253.5	178.0	349.0	290.5
588673.0	116.0	138.5	1183.0	27.5	114.0	1232.0	845.5	189.5	893.0	216.5	1236.0	1523.0	16.0	903.0	78.5	86.0	773.5	771.0	1511.0	859.0	1197.5	5.0	550.5	938.5	5.5	602.0	350.5	393.5	1486.0	348.5	298.5	823.5	92.0	849.5	737.5	899.0	530.0	1254.5	1228.5	2888.5	2113.5
588674.0	5.0	15.5	49.5	1.0	3.0	92.5	25.0	2.0	40.0	28.5	84.5	93.5	0.0	40.0	4.0	0.0	10.0	14.0	143.0	25.0	5.0	0.0	99.5	59.5	0.0	8.0	18.0	13.0	2.5	4.0	8.5	42.5	0.0	5.0	30.0	65.5	8.0	187.5	80.0	51.0	94.0
588814.0	0.0	0.0	0.0	0.0	0.0	3.0	0.0	0.0	0.0	0.0	0.0	0.0	0.0	0.0	0.0	0.0	0.0	0.0	0.0	0.0	0.0	0.0	0.0	0.0	0.0	0.0	0.0	0.0	0.0	0.0	0.0	0.0	0.0	0.0	0.0	0.0	0.0	0.0	0.0	0.0	0.0
596497.0	0.5	0.0	33.5	0.0	0.5	16.0	0.0	7.0	39.5	3.0	14.0	19.5	0.0	17.0	0.0	2.0	9.0	5.0	61.0	5.0	1.0	0.0	0.0	6.0	0.0	6.0	7.0	19.0	0.0	10.0	16.0	11.0	0.0	17.0	2.0	5.0	10.0	23.0	12.0	69.0	41.0
597358.0	1.0	1.0	20.0	0.0	0.0	7.0	1.0	0.0	7.5	1.0	20.0	2.0	0.0	14.0	1.0	0.0	7.0	7.0	2.0	12.0	10.0	0.0	4.0	0.0	0.0	0.0	0.0	7.0	2.0	4.5	1.0	8.0	0.0	1.0	5.0	6.0	3.0	6.0	25.0	10.0	0.0
622450.0	35.0	113.5	373.0	17.5	37.5	776.5	399.5	52.5	324.0	70.0	555.5	327.5	1.5	385.0	33.5	33.5	188.5	323.0	1067.0	155.5	171.0	1.0	230.5	119.5	5.0	448.0	120.0	170.0	629.5	219.5	97.5	505.5	59.5	769.5	416.0	449.5	238.0	707.0	512.5	1031.0	933.5
622452.0	133.5	332.5	669.0	61.0	681.5	2469.0	1004.0	151.5	1264.5	235.0	1585.0	1663.0	8.5	649.0	106.5	113.0	687.5	556.5	1534.5	2606.0	474.5	11.5	906.0	804.0	5.0	1400.0	350.5	450.0	1808.5	782.5	581.5	916.5	88.5	1769.0	616.0	1462.5	430.0	1432.5	1428.5	2272.0	3785.5
641854.0	4.0	6.0	78.0	1.0	10.0	84.0	13.0	1.5	27.5	10.0	46.5	17.5	0.0	62.0	4.0	0.0	9.0	37.0	54.5	15.0	17.0	0.0	31.0	15.0	0.0	67.5	1.5	1.0	24.0	24.5	15.0	77.0	47.0	35.5	37.5	61.5	28.0	23.0	26.0	206.0	72.0
649776.0	73.5	246.5	757.0	34.0	374.5	1966.5	826.0	26.5	666.0	135.0	2125.0	786.5	5.0	1218.5	75.5	104.5	336.5	929.5	874.5	652.5	300.5	8.0	583.5	420.0	6.5	922.5	217.0	283.5	795.5	456.5	341.0	1554.0	141.5	842.0	1106.0	1259.0	603.0	1848.5	995.0	1967.5	3763.0
666506.0	14.0	24.5	146.0	4.0	19.0	288.5	180.0	14.0	111.0	35.0	241.5	63.5	1.0	169.0	5.5	5.5	55.0	177.0	297.5	50.0	30.0	1.0	40.5	32.0	1.0	64.0	28.0	51.0	62.5	56.0	68.0	221.0	18.0	88.5	179.5	196.0	111.5	185.0	140.5	325.0	132.0
675063.0	230.0	1675.0	2957.0	154.0	362.5	7332.5	3858.0	89.0	2036.0	408.5	7811.5	3663.5	112.0	2396.0	261.0	1080.5	7478.5	2036.5	6756.5	4357.0	929.5	22.5	4001.0	1213.5	23.0	3210.5	1044.5	1390.5	9257.0	1238.5	976.5	134115.5	346.5	4000.0	3252.5	4406.0	4338.0	6322.5	2653.0	6510.0	28930.5
685948.0	123.5	355.0	1749.5	76.5	227.5	2539.0	881.5	39.5	1053.0	215.5	2133.0	1150.5	6.5	1281.5	207.5	121.5	510.5	1462.0	3361.0	769.5	530.5	10.0	809.5	477.0	4.0	1195.0	420.5	354.0	1707.5	475.5	346.5	1746.5	223.0	1284.5	1288.0	2166.0	692.5	2384.5	1692.0	3192.0	2356.5
693072.0	6.0	15.5	105.0	5.0	14.5	163.5	28.0	0.0	24.0	2.0	136.0	36.5	1.0	79.5	2.0	1.0	28.0	94.5	77.5	67.5	9.0	0.0	68.0	17.5	2.0	92.5	13.0	18.0	126.0	40.5	55.0	145.5	9.0	76.5	77.5	80.0	51.0	162.5	67.0	242.5	208.5
713634.0	0.0	0.0	0.0	0.0	0.0	0.0	0.0	0.0	0.0	0.0	0.0	0.0	0.0	2.0	0.0	0.0	0.0	4.0	0.0	0.0	0.0	0.0	0.0	0.0	0.0	0.0	0.0	0.0	0.0	0.0	0.0	0.0	0.0	0.0	0.0	0.0	0.0	9.0	0.0	0.0	0.0
717963.0	9.5	41.5	202.5	11.0	33.0	364.5	155.0	2.0	111.0	25.0	335.0	98.0	1.0	239.5	13.5	34.0	26.0	172.0	113.5	67.0	111.0	1.0	263.5	92.0	1.0	130.0	60.5	54.0	154.0	77.0	63.5	506.5	52.0	170.5	263.0	231.5	181.0	300.5	251.0	593.0	233.5
742030.0	12.5	42.5	527.5	18.0	27.0	324.0	122.5	15.0	120.0	15.5	352.5	106.0	2.0	142.5	7.5	22.0	88.5	196.0	219.5	89.5	32.0	3.0	142.0	89.0	0.0	866.0	97.5	36.5	233.0	171.5	57.0	238.5	15.0	161.0	220.5	202.5	108.5	222.5	223.5	386.0	224.5
768507.0	7713.0	13594.0	79611.5	2888.0	11576.0	135343.5	31268.0	3496.5	71585.5	12122.5	107193.0	71056.5	409.0	54184.5	4964.0	6079.5	24501.5	57767.5	73255.0	41316.0	29767.0	404.0	45896.0	37095.5	365.0	65297.0	18580.0	28778.5	108724.0	58134.5	25329.5	124952.0	6058.0	97631.5	67149.0	87622.5	43569.5	135168.0	78919.5	148982.5	128311.0
768667.0	3.0	11.0	82.0	6.5	10.0	189.0	48.0	2.0	98.0	6.0	84.0	67.0	0.0	60.0	0.0	4.0	18.0	77.0	76.5	43.0	37.5	0.0	22.5	23.0	0.0	18.5	25.0	18.0	50.0	10.0	2.5	95.5	12.0	42.0	114.5	84.5	51.5	276.0	56.5	176.0	67.0
795748.0	38.0	53.5	374.0	8.5	43.5	441.0	111.5	6.0	225.5	55.0	427.0	167.5	0.0	237.5	4.5	29.0	74.5	207.5	209.0	101.0	73.0	1.0	154.0	48.0	1.0	188.5	46.0	32.5	146.5	112.5	110.0	419.0	15.0	153.5	277.5	287.5	156.0	329.0	194.5	729.0	422.5
871006.0	12.0	37.0	163.5	6.0	9.0	283.0	57.0	8.5	190.0	20.0	278.5	61.5	1.0	131.5	16.5	3.5	50.0	125.5	143.5	112.0	52.5	1.0	38.5	37.0	0.0	77.5	31.0	24.0	77.0	46.5	126.0	262.0	18.0	153.5	133.5	154.5	109.5	140.5	101.5	331.5	192.5
908621.0	4.0	4.0	11.0	0.0	3.5	37.0	10.0	1.5	5.5	2.5	9.0	11.0	0.0	15.0	1.0	5.0	0.0	7.0	5.0	19.5	5.0	0.0	14.0	7.5	0.0	33.0	9.5	19.0	46.5	0.0	0.0	15.0	0.0	23.0	12.0	7.0	6.5	36.5	11.5	20.0	57.0
909929.0	373.5	1514.5	11475.0	227.0	431.0	8952.5	10561.5	270.5	3277.0	603.0	10319.0	13029.0	77.0	3202.5	352.0	312.5	2584.5	2634.0	4378.5	2536.0	2351.5	18.0	2252.0	6606.5	24.5	5093.5	1089.0	1933.5	5487.5	1056.5	2168.0	5420.5	415.5	3827.5	3262.0	4690.5	2254.0	7051.0	4966.5	11480.0	12999.0
1033996.0	26.0	78.0	512.0	26.0	18.0	1645.5	309.5	33.5	361.0	23.5	305.5	279.5	1.5	493.0	79.5	16.0	323.0	154.5	1308.0	169.0	189.5	6.0	215.5	136.0	0.0	731.5	147.0	648.0	410.0	47.0	148.5	274.0	22.0	306.5	232.0	412.5	303.5	256.0	361.0	1338.5	505.5
1042313.0	5.0	0.5	48.5	0.0	4.0	76.0	14.5	1.0	19.5	1.0	61.5	20.5	0.0	33.5	5.0	6.0	3.0	28.0	23.5	25.0	2.5	0.0	6.5	7.5	0.0	1.0	18.0	15.0	39.0	12.0	5.5	50.0	0.0	41.0	41.5	66.0	18.5	45.5	39.0	116.5	113.5
1077263.0	12.0	20.5	58.5	1.0	6.0	105.5	13.0	7.0	32.0	18.0	108.5	57.0	1.0	59.5	3.0	2.0	14.0	130.5	43.0	17.0	27.0	1.0	47.0	39.0	0.0	42.0	15.0	5.0	56.0	17.5	11.0	116.0	10.5	37.5	91.5	86.0	53.0	71.0	73.5	87.0	91.5
1100069.0	195.5	234.0	1550.0	63.5	137.0	1606.5	654.5	44.5	927.5	192.0	1508.5	777.0	8.0	759.5	44.5	241.5	303.5	1002.5	1005.0	720.0	281.5	6.0	624.0	468.0	2.5	1280.0	239.5	294.0	1444.0	247.0	508.5	1136.5	103.0	872.5	763.5	1335.5	475.5	1320.5	1049.0	4010.0	2169.5
1127829.0	38.5	140.5	917.5	26.5	63.0	1393.5	287.0	15.0	453.5	82.0	1321.5	372.5	2.0	936.0	27.0	33.0	120.5	980.0	636.5	299.0	139.0	4.0	300.5	234.0	4.5	581.0	101.5	146.5	459.0	252.0	291.0	1030.0	92.0	435.0	852.0	757.5	430.0	887.0	769.5	1319.5	766.5
1154584.0	2.0	1.5	2.0	2.0	2.0	5.0	3.0	0.0	0.5	0.0	5.5	7.0	0.0	7.0	1.5	2.0	17.0	6.0	44.0	0.0	7.0	0.0	2.0	6.0	0.0	1.0	4.0	0.0	0.0	0.0	0.0	5.0	0.0	13.0	8.0	7.0	0.0	8.0	20.5	0.0	0.0
1191478.0	37.0	124.5	541.5	25.0	79.0	791.0	205.5	12.5	330.0	101.5	824.0	286.5	0.0	478.0	35.0	18.5	148.0	490.5	450.0	287.5	146.5	2.0	350.5	142.0	0.0	261.0	89.0	118.0	351.0	150.5	173.5	608.5	80.0	466.0	532.5	703.0	267.5	514.0	466.0	945.5	837.5
1202465.0	23.0	44.0	367.5	15.0	33.5	600.0	108.5	3.0	214.0	32.5	414.0	155.5	3.0	328.5	9.0	13.0	114.5	260.5	225.5	125.5	62.5	0.0	130.5	79.5	0.0	119.0	69.0	24.0	254.0	81.5	106.5	395.0	65.0	267.5	350.5	273.5	196.0	463.5	173.0	599.0	302.5
1217098.0	108.0	111.0	452.0	21.0	64.5	967.5	615.0	123.5	950.0	119.5	961.0	545.0	4.5	418.5	57.5	96.5	288.5	268.0	982.5	489.5	286.5	3.0	459.0	393.5	5.5	984.5	198.0	248.0	1203.5	1639.0	243.5	568.0	25.0	547.0	290.5	497.5	316.5	1066.5	668.5	2752.5	1918.5
1235850.0	135.5	275.0	1498.5	50.0	155.5	2206.0	956.0	50.5	1639.5	208.5	2517.5	817.5	9.5	1051.5	120.0	113.0	482.5	1133.5	2623.0	709.5	335.0	6.0	1072.0	436.5	2.0	1051.5	464.0	439.5	1290.0	359.0	422.5	1907.0	191.5	1087.0	1193.0	1504.0	708.5	2012.0	1498.0	2947.0	2048.5
1240482.0	16.5	57.5	153.0	15.0	28.0	190.5	28.5	4.0	78.0	14.5	311.0	127.0	1.0	175.0	5.5	15.5	37.0	103.0	424.0	58.5	22.0	1.0	77.0	79.0	1.0	87.5	66.0	96.0	106.5	277.5	51.5	256.5	18.0	68.5	138.5	166.0	77.0	179.0	90.5	211.5	178.5
1293499.0	9.0	15.0	84.0	2.0	37.0	151.0	38.5	2.5	97.5	10.0	115.0	66.0	0.5	129.0	5.5	4.0	37.0	103.5	84.0	86.0	29.5	0.0	50.0	54.0	0.0	102.0	39.0	36.0	62.0	14.0	28.0	142.5	11.0	101.5	105.0	126.0	27.0	144.0	108.5	235.0	161.0
1313208.0	0.0	0.0	0.0	0.0	0.0	2.0	0.0	0.0	0.0	0.0	0.0	0.0	0.0	0.0	0.0	0.0	0.0	1.5	0.0	1.0	0.0	0.0	0.0	0.0	0.0	0.0	0.5	0.0	0.0	14.0	0.0	1.0	0.0	0.0	2.0	0.5	0.0	0.0	0.0	0.0	1.0
1382929.0	61.0	28.5	163.5	1.5	44.5	354.0	124.0	19.5	191.0	32.0	167.0	70.5	0.5	101.0	10.5	10.0	33.0	120.0	224.0	214.5	25.5	1.5	135.0	64.5	0.0	257.0	51.0	52.0	164.0	90.5	157.5	201.5	19.0	227.5	185.0	231.5	118.5	273.0	259.5	423.5	279.5
1389450.0	13.0	27.5	174.0	6.0	33.5	353.5	122.5	0.5	112.5	27.0	177.0	152.0	2.0	119.5	3.0	7.0	31.0	147.0	245.0	88.0	77.0	1.0	66.0	59.0	1.0	97.0	38.5	70.0	115.5	96.0	43.5	273.5	21.0	154.5	141.0	205.5	167.5	242.5	223.0	192.0	244.5
1442155.0	0.0	3.0	7.0	0.0	1.5	25.5	0.0	0.0	4.0	2.0	9.0	6.0	0.0	2.0	2.0	0.0	3.5	5.0	5.0	2.5	3.0	0.0	2.0	4.5	0.0	12.0	0.0	1.0	18.0	0.0	0.5	12.5	1.0	1.0	17.0	4.5	2.5	21.0	5.5	44.0	6.0
1485951.0	8.5	22.0	145.5	6.0	15.0	242.0	76.5	8.5	64.0	17.5	223.0	167.0	0.0	120.0	22.0	9.0	78.0	90.0	204.5	50.5	41.5	0.0	113.5	63.0	1.0	93.0	36.5	25.5	106.5	60.5	73.5	160.5	8.0	139.5	146.5	184.5	101.0	177.0	172.5	308.0	265.5
1495647.0	0.0	0.0	0.0	0.0	0.0	0.0	0.0	0.0	0.0	0.0	0.0	0.0	0.0	0.0	0.0	0.0	0.0	0.0	0.0	0.0	0.0	0.0	0.0	0.0	0.0	0.0	0.0	0.0	0.0	0.0	0.0	2.5	0.0	0.0	0.0	0.0	0.0	0.0	0.0	0.0	13.0
1505233.0	0.0	0.0	0.0	0.0	0.0	12.0	1.0	2.0	0.0	1.0	0.0	6.0	0.0	1.0	0.0	0.0	0.0	3.0	0.0	1.0	1.0	0.0	0.0	0.0	0.0	2.0	0.0	0.0	1.0	17.0	0.0	0.0	0.0	0.0	8.0	1.0	0.0	4.0	0.0	0.0	0.0
1508535.0	0.0	0.0	0.0	0.0	0.0	0.0	0.0	0.0	0.0	0.0	0.0	0.0	0.0	19.0	0.0	0.0	0.0	0.0	0.0	0.0	0.0	0.0	0.0	0.0	0.0	0.5	0.0	14.5	19.0	9.0	0.0	0.0	0.0	0.0	0.0	2.0	0.0	1.0	0.0	0.0	28.0
1544799.0	8.0	4.0	54.0	0.0	3.0	56.0	18.0	0.0	9.0	3.0	101.0	23.5	0.0	45.0	1.0	6.0	16.0	30.0	37.5	24.0	7.0	0.0	16.5	6.0	0.0	38.0	7.0	15.0	31.0	14.0	6.0	59.5	28.0	33.0	64.0	36.0	30.5	49.5	36.5	61.5	57.5
1553901.0	1.0	1.0	0.0	0.0	1.0	0.0	10.0	0.0	5.0	0.0	2.0	0.0	0.0	6.0	1.0	0.0	11.0	7.5	7.0	0.0	0.0	0.0	0.0	1.0	0.0	0.0	0.0	0.0	0.0	8.0	0.0	2.0	0.0	2.0	2.0	11.0	0.0	24.0	3.0	0.0	0.0
1617890.0	0.0	0.0	0.0	0.0	0.0	0.5	0.0	0.0	0.0	0.0	0.0	0.0	0.0	0.0	0.0	0.0	0.0	0.0	0.0	0.0	0.0	0.0	0.0	0.0	0.0	0.0	0.0	0.0	0.0	0.0	0.5	0.0	0.0	0.0	0.0	0.0	0.0	6.0	3.0	0.0	4.0
1643682.0	193.5	257.0	2147.0	58.0	249.5	3279.5	712.5	91.0	2362.0	695.0	4022.0	2384.0	19.5	897.0	146.0	402.5	3758.5	746.5	3428.0	1155.0	449.0	12.0	1856.0	702.0	9.5	2130.5	689.5	474.0	2327.0	998.5	724.0	1664.5	201.0	2726.0	1015.5	1790.5	1048.5	2176.5	1828.0	3641.0	2627.0
1643683.0	43.5	50.5	268.5	12.0	25.5	491.0	127.0	46.0	267.0	33.0	468.5	143.0	2.5	313.0	13.5	10.5	248.5	168.5	543.0	120.0	59.0	3.0	156.5	79.5	3.0	106.5	117.0	45.0	160.5	117.5	59.0	234.5	52.0	187.0	191.5	295.5	122.0	250.5	281.0	325.0	347.0
1643684.0	55.0	122.5	601.5	20.0	41.5	600.0	1285.0	42.5	582.5	82.5	878.0	913.0	2.5	319.0	37.0	142.0	324.5	218.0	1238.5	379.0	183.0	0.5	239.5	254.5	3.0	352.5	156.0	164.0	1034.5	688.5	183.0	550.0	47.0	494.5	287.0	352.0	314.5	721.0	569.5	981.5	1433.5
1643686.0	25.0	59.0	286.5	11.0	48.0	661.0	56.5	6.0	285.5	63.0	674.5	209.0	1.0	269.0	17.0	21.0	126.0	288.0	265.5	146.5	71.0	2.0	176.0	98.5	0.0	287.0	65.0	52.0	330.5	113.0	70.0	446.5	34.0	320.0	446.0	340.5	250.0	471.0	512.0	741.0	482.5
1643687.0	2.0	0.0	22.5	0.0	2.0	31.0	4.0	0.0	30.5	4.0	15.0	8.0	0.0	20.0	1.5	0.0	6.0	42.0	21.0	14.0	1.0	0.0	16.0	7.5	0.0	7.0	13.0	5.0	0.0	0.0	8.0	25.5	9.0	16.5	22.5	17.5	11.0	50.0	13.0	10.0	12.0
1643688.0	404.0	742.5	4428.0	150.5	559.0	6682.5	1559.5	110.0	3650.5	536.0	4791.5	2720.5	16.0	2912.0	198.0	215.0	1070.0	2878.5	2979.5	1634.0	1105.5	16.5	1924.0	1456.0	21.0	2233.0	794.0	1133.5	3813.5	1998.0	1952.0	4993.0	357.5	3030.5	3560.0	5084.0	2068.0	8362.0	3817.0	7407.5	4989.0
1643822.0	82.0	207.0	874.0	34.5	111.0	1537.5	885.0	225.5	781.0	133.5	1288.5	1668.0	4.0	876.5	67.0	69.5	336.0	676.5	926.0	317.0	209.5	4.0	439.0	377.0	4.5	624.0	200.0	152.5	700.5	485.0	581.0	3892.5	82.5	896.5	919.0	3732.0	548.5	1283.5	876.0	2155.5	1250.5
1643946.0	11.0	55.5	130.5	9.0	34.5	445.5	121.0	8.0	139.0	25.5	366.0	109.0	1.0	214.5	10.0	16.5	58.0	206.5	251.5	118.0	118.0	0.0	132.0	72.5	0.0	146.5	57.5	25.5	130.5	76.5	113.0	322.5	27.5	218.0	270.0	235.5	103.5	310.5	265.0	369.0	329.0
1643947.0	12.0	70.0	226.5	7.5	24.5	478.5	118.5	1.5	118.0	50.5	570.5	130.0	1.0	244.5	7.0	16.5	66.0	285.0	207.5	74.5	76.0	3.0	111.5	116.5	1.0	185.0	19.5	78.0	206.5	60.5	92.0	439.0	7.5	225.5	295.5	386.0	148.0	416.5	231.0	595.0	393.5
1644055.0	163.0	363.5	1149.0	60.0	198.5	1901.5	762.0	93.0	1433.0	280.5	1969.5	1311.0	4.0	1108.0	123.5	90.0	486.0	1069.0	2350.0	568.0	293.5	6.0	1025.5	491.0	6.0	1300.5	456.5	392.5	1042.5	431.5	491.0	1318.0	342.5	1029.5	1068.0	2696.5	586.5	1516.0	1145.0	4321.5	3458.5
1644060.0	79.5	230.0	631.0	33.0	94.0	990.0	270.0	63.5	469.0	262.5	1718.0	517.5	1.5	492.0	104.5	80.5	320.5	643.5	1008.5	397.0	172.0	2.0	396.5	283.0	2.5	1390.5	236.0	286.5	844.0	273.5	347.0	716.5	69.0	723.0	551.0	932.5	374.5	693.0	635.0	2392.5	2414.5
1663425.0	117.0	154.5	903.0	49.0	169.0	2474.0	532.0	19.5	844.0	136.0	1698.5	464.5	4.0	691.5	64.0	78.0	370.5	1290.5	477.5	390.0	321.5	7.0	909.5	538.0	7.5	526.5	318.5	642.5	3686.5	265.0	425.5	1336.5	88.0	583.5	975.5	827.5	534.0	1575.0	968.5	2481.0	1956.0
1676649.0	76.5	18.5	98.5	10.5	18.5	149.0	36.5	18.0	100.0	13.0	201.5	114.0	0.0	47.5	29.5	8.5	28.0	104.0	76.5	40.0	37.5	0.5	225.5	21.5	2.5	107.0	20.0	48.5	226.5	40.0	27.0	204.5	14.0	71.5	83.0	83.0	50.0	110.0	271.0	144.5	84.5
1692040.0	14.0	23.5	247.0	4.5	30.0	308.0	109.5	6.5	251.0	49.5	424.5	101.5	0.0	217.5	4.5	23.5	71.5	204.0	200.0	129.5	79.0	2.5	155.0	74.0	3.0	163.0	36.0	70.5	213.5	31.5	111.0	248.0	12.5	218.5	217.0	218.0	127.5	405.5	256.5	402.5	311.0
1706369.0	732.5	1193.5	4862.0	242.5	588.5	8945.0	2758.0	136.5	5271.5	650.5	12207.0	3600.0	27.5	4309.5	551.0	370.0	2069.5	8502.0	10727.0	3640.5	1751.0	37.0	3638.5	1888.5	30.5	5294.5	1878.0	1465.5	7288.0	1521.0	1573.0	6281.0	659.5	5124.5	4755.5	5097.5	2795.0	8999.0	5069.0	8692.5	8218.0
1737405.0	858.0	1960.5	5276.5	332.5	1136.5	14489.0	3570.5	604.5	5204.0	2210.5	6783.0	27679.0	59.0	2487.5	1228.5	439.5	3649.5	3272.5	6489.0	7281.5	2702.0	40.5	9338.0	3857.5	59.5	8396.0	2366.0	2871.5	6864.0	14920.0	1994.5	5075.0	341.0	6057.5	3744.5	16197.0	2821.5	6790.5	6529.0	25649.0	12714.5
1747768.0	20.5	27.0	192.5	4.0	14.5	219.5	120.5	20.0	205.0	14.0	201.0	150.0	0.0	117.0	21.0	11.5	71.0	105.0	372.0	90.5	54.0	1.5	129.5	84.0	1.0	100.5	82.0	108.5	217.0	34.0	170.0	167.5	9.0	173.5	207.5	102.5	71.5	250.5	139.0	2775.0	293.0
1748771.0	0.0	0.0	0.0	0.0	2.0	7.0	0.0	0.0	0.0	0.0	6.0	3.0	0.0	5.0	0.0	0.0	1.0	1.0	0.0	0.0	11.0	0.0	5.0	0.0	0.0	29.0	0.0	0.0	61.0	0.0	0.0	7.0	0.0	0.0	1.0	3.0	1.0	0.0	1.0	0.0	3.0
1755823.0	93.0	99.5	738.5	48.0	59.0	487.5	211.0	28.5	414.5	63.5	571.5	573.5	3.5	259.5	52.5	73.0	374.5	227.0	637.0	517.5	346.5	5.0	256.5	306.0	7.0	502.5	128.5	1057.0	950.0	165.5	239.5	418.0	22.0	583.5	349.5	554.0	923.0	1308.5	687.0	1521.0	2097.5
1769716.0	0.0	0.0	0.0	0.0	0.0	11.0	0.0	0.0	0.0	0.0	0.0	0.0	0.0	0.0	0.0	0.0	0.0	0.0	0.0	0.0	0.0	0.0	0.0	0.0	0.0	0.0	0.0	0.0	0.0	0.0	0.0	0.0	0.0	0.0	0.0	0.0	0.0	0.0	0.0	0.0	0.0
1771349.0	6.5	5.0	0.0	0.0	0.0	10.0	0.0	0.0	16.0	0.0	0.0	0.0	0.0	1.0	0.0	0.0	0.0	0.0	3.0	7.0	0.0	0.0	0.0	0.0	0.0	0.0	0.0	0.0	6.0	0.0	0.0	0.0	0.0	3.0	22.0	27.5	3.0	16.0	14.0	0.0	0.0
1775403.0	183.0	274.5	1542.0	79.5	141.0	2720.0	828.5	62.0	2248.0	271.5	4151.0	1386.5	15.0	989.0	72.5	144.0	505.0	1605.0	2328.0	1285.0	527.5	11.5	2231.0	872.5	8.0	1213.5	377.5	1043.0	1882.5	1255.0	502.5	1912.5	164.5	1277.0	1892.5	1453.5	1132.5	3438.5	3517.5	3892.5	5379.5
1779134.0	28.5	52.0	330.5	8.0	54.0	433.0	114.0	13.5	282.5	47.5	531.5	170.0	0.0	291.0	23.0	15.0	50.5	351.5	330.0	118.0	104.0	1.0	161.5	129.5	1.0	160.5	42.0	66.0	445.5	132.5	478.5	450.0	4.5	192.5	317.0	323.0	176.5	570.0	412.0	538.0	466.5
1783344.0	8.0	23.0	132.0	3.0	12.5	219.5	62.0	22.5	162.5	25.0	334.0	114.0	2.0	114.0	3.0	0.0	25.0	138.5	132.0	112.0	41.0	2.0	102.0	53.0	1.0	159.0	25.0	20.0	91.0	14.5	74.0	177.0	12.0	95.0	311.0	183.5	107.5	143.5	113.0	451.0	310.5
1803398.0	18.5	58.0	252.0	11.0	27.0	436.0	89.0	3.0	152.0	47.0	604.0	141.0	3.5	307.0	7.0	15.0	113.0	275.5	274.5	134.0	126.5	0.0	190.5	149.5	2.0	226.0	95.0	115.5	168.0	143.0	65.5	355.0	18.0	193.5	211.0	260.5	165.0	380.0	372.0	1016.0	725.0
1804992.0	0.0	0.0	0.0	0.0	0.0	11.0	0.0	0.0	0.0	0.0	0.0	0.0	0.0	0.0	6.0	0.0	1.0	2.0	0.0	0.0	0.0	0.0	0.0	0.0	0.0	7.0	0.0	0.0	0.0	0.0	0.0	0.0	0.0	0.0	0.0	0.0	0.0	0.0	0.0	7.0	0.0
1836787.0	1.0	15.0	55.0	1.0	71.5	65.0	20.0	2.0	20.0	10.0	163.5	34.0	1.0	67.5	1.0	2.0	7.0	59.5	19.0	20.0	13.0	1.0	35.0	12.0	0.0	57.0	20.5	15.0	32.0	11.0	7.0	90.5	1.0	79.0	96.5	42.0	41.0	57.0	27.0	93.0	106.5
1843488.0	37.5	136.5	681.0	26.5	68.0	807.0	369.5	340.0	501.0	223.0	866.5	2269.5	6.0	421.5	20.5	63.0	242.5	533.0	575.5	151.0	157.0	3.5	209.0	245.0	5.0	764.0	182.0	120.0	214.5	117.0	184.5	827.5	88.5	487.5	564.5	1311.0	254.5	693.0	765.0	894.0	1064.5
1843489.0	662.0	6658.0	9513.5	247.0	671.5	24358.0	13373.5	1306.0	7471.5	1313.0	8417.5	9245.5	72.5	3564.5	612.5	700.5	6580.0	2779.0	11303.0	1862.5	2238.0	49.0	5020.0	17204.0	45.0	8552.0	1865.5	2425.5	11259.5	4975.5	2366.0	7195.5	349.5	4370.0	4522.0	31817.0	2486.0	11181.5	7550.0	29379.0	20270.0
1853223.0	60.0	81.5	1031.5	28.0	167.5	846.0	247.5	24.5	596.5	158.0	3078.5	416.0	5.0	1651.5	21.0	49.5	201.5	543.0	1450.0	472.0	216.0	7.5	1276.5	357.5	6.0	704.5	98.5	120.5	852.5	264.5	309.0	1189.0	53.0	668.5	913.5	713.0	447.0	981.5	768.0	1747.5	1423.5
1853224.0	0.0	4.0	0.0	4.0	0.0	29.5	19.0	1.0	48.0	19.0	9.0	10.0	1.0	14.0	3.0	5.0	3.0	16.5	8.0	15.0	8.0	0.0	4.0	7.0	0.0	80.5	15.0	2.0	18.5	1.0	16.0	16.0	0.0	33.5	1.0	40.0	0.0	12.0	51.5	120.0	16.0
1853229.0	1693.5	4531.5	23358.5	847.0	3119.5	40766.5	8804.5	586.5	17457.5	3518.5	43848.5	13031.5	109.0	21213.5	996.0	1507.0	8540.5	23185.5	16999.0	12565.5	7556.5	124.5	15149.0	12143.5	108.0	19315.5	5205.5	6751.5	22987.5	8533.5	6484.0	31516.0	2263.5	17451.5	23675.5	24564.0	13085.0	34221.5	24809.0	56464.0	40120.0
1860137.0	0.0	0.0	0.0	0.0	0.0	0.0	0.0	0.0	0.0	0.0	0.0	2.0	0.0	10.0	0.0	0.0	0.0	0.0	0.0	0.0	1.5	0.0	0.0	0.0	0.0	0.0	0.0	0.0	0.0	0.0	1.0	0.0	0.0	0.0	0.0	0.0	0.0	1.0	0.0	0.0	0.0
1890424.0	2743.5	4277.0	31033.0	1147.0	2110.5	39700.0	16844.0	1262.5	19749.5	3694.5	45260.0	16685.0	148.5	16990.0	1504.5	1533.5	8434.0	20131.0	24103.0	12171.5	11619.0	133.5	20684.0	9476.0	112.0	23501.0	6283.5	6871.5	29128.0	10582.5	7214.0	27272.0	2189.5	28034.5	18973.5	22759.0	16027.0	39483.0	26213.5	62238.5	116399.5
1890443.0	51.5	51.0	199.5	16.0	19.0	514.0	219.5	15.5	241.5	14.0	351.5	170.0	1.0	217.5	16.5	22.0	149.5	224.5	441.5	108.0	106.0	2.0	151.0	71.5	0.0	301.0	105.0	97.0	338.0	301.5	93.0	332.5	13.0	357.5	185.0	212.5	209.5	326.0	335.0	320.5	1227.5
1890505.0	244.0	642.5	2601.0	90.5	202.0	4201.5	1204.0	112.0	2322.5	372.0	3250.5	1294.5	12.5	1219.5	206.5	231.0	790.0	2047.0	2133.0	1249.0	856.0	13.0	3753.5	953.0	13.5	2208.0	810.0	887.0	2798.0	1884.0	582.5	2544.0	235.5	2365.5	1599.5	2024.5	2642.0	3970.5	2144.0	6106.0	133799.5
1890940.0	67.5	208.5	642.0	30.0	51.0	1225.5	1022.0	52.5	319.0	112.5	1134.0	350.5	5.5	616.5	52.0	37.0	239.5	474.5	1052.5	291.0	79.5	1.0	375.5	224.0	7.0	539.5	207.5	163.5	595.5	361.5	144.5	731.0	68.0	519.0	593.5	809.0	316.5	792.5	536.0	1208.5	974.5
1921002.0	167.0	533.0	2106.5	87.5	4047.5	5665.0	670.5	58.0	1454.0	287.0	3187.0	1261.5	5.0	1834.0	257.0	166.5	1007.0	1760.5	1509.5	1024.0	521.5	4.0	1183.5	753.5	11.5	1447.5	414.5	676.0	2228.0	498.0	550.5	3954.5	453.0	1545.0	2588.5	2058.0	1246.5	2566.5	1849.0	4660.0	3630.0
1921567.0	0.0	10.0	18.0	2.0	0.0	44.0	14.5	0.0	70.0	2.0	12.5	25.0	0.0	40.0	1.0	0.0	6.5	13.0	21.0	11.0	0.0	0.0	37.0	9.0	0.5	9.5	5.0	1.0	63.0	0.0	10.0	53.0	1.0	40.5	28.0	25.0	21.5	4.5	17.0	44.0	122.0
1921782.0	5.0	14.5	63.0	7.0	9.5	143.0	64.0	4.0	30.5	21.0	239.5	65.0	1.0	87.5	4.0	6.5	20.0	62.5	90.5	51.0	26.0	0.0	52.0	32.0	0.0	27.0	6.0	34.0	127.5	50.0	56.0	84.0	6.0	87.0	112.5	194.0	86.5	78.0	92.5	207.5	179.0
1936988.0	167.5	335.5	2229.0	75.0	474.5	4021.5	838.5	65.0	1363.0	288.0	3914.5	964.0	7.0	2221.0	88.0	124.5	595.0	2024.0	2330.0	818.5	721.0	13.0	1172.5	734.5	7.0	1418.0	443.5	489.5	1415.0	785.0	536.0	2642.0	134.5	1883.0	2109.0	2078.5	1155.5	2550.5	1827.0	3819.5	2901.0
1955042.0	392.5	651.5	3820.5	235.5	444.5	7130.5	1140.0	97.0	1885.0	785.5	7031.0	2487.5	25.0	1839.5	178.0	232.0	1114.0	2872.5	1676.0	4180.5	1715.5	19.0	1304.5	1696.0	24.5	3429.5	485.0	1329.5	3715.0	1109.5	1247.0	5659.0	235.0	3781.0	4222.0	5093.0	4277.5	8969.0	5722.0	9001.5	9199.0
1962852.0	12.0	27.5	56.0	6.5	24.0	171.5	41.0	4.0	66.5	22.0	142.5	61.0	1.0	117.0	4.0	12.0	48.0	92.5	127.0	60.5	174.5	0.0	53.5	66.5	0.0	91.5	20.0	36.0	68.5	21.5	379.0	134.0	12.0	109.0	98.0	79.5	79.5	177.0	72.0	161.0	255.5
1963360.0	416.0	931.5	4533.0	220.5	726.0	7897.5	1341.0	125.5	3041.5	744.0	9144.5	3526.5	25.0	3239.0	335.5	330.0	1588.5	4202.5	3360.0	3343.5	2332.5	23.0	3161.0	2070.0	21.5	4007.5	1097.0	2130.5	4955.5	2000.5	1817.5	5743.0	390.0	4552.0	3770.0	5666.5	4105.5	8258.0	5205.5	12186.0	8865.0
1968909.0	2.0	7.0	15.0	0.5	6.0	60.0	7.0	2.5	23.5	6.0	25.0	16.0	0.0	9.0	4.0	0.0	7.0	4.0	20.5	40.0	22.0	0.0	38.0	19.0	0.0	82.0	6.0	5.0	37.5	30.0	8.0	36.0	49.0	32.0	34.0	31.0	16.0	57.0	39.0	57.0	79.0
1970189.0	115.0	364.5	1956.5	71.5	442.0	3899.5	834.0	59.5	1719.5	359.5	3112.0	1171.0	12.0	1831.0	113.0	136.5	543.0	2202.5	2192.5	820.0	576.5	11.0	884.0	706.0	5.0	1739.0	367.0	472.0	2353.5	1308.5	506.0	2688.0	197.0	1783.0	2285.5	2240.5	1284.0	2720.5	1920.5	3796.0	2822.0
1980410.0	555.5	624.5	1309.5	424.5	405.5	1805.0	1641.5	574.0	2577.5	499.0	1499.5	4147.5	16.0	716.0	526.5	617.5	1504.5	690.5	1307.5	1418.5	1761.5	11.0	1324.5	1634.0	10.5	803.5	725.5	788.5	2428.5	1180.5	2328.5	5431.0	271.5	1112.5	1199.5	1543.0	1505.5	2721.0	1778.0	1579.5	1477.0
2024973.0	70.5	87.5	388.0	39.0	108.5	848.5	182.5	13.5	478.0	45.0	668.0	254.0	0.5	712.0	9.0	34.5	149.5	366.0	414.5	211.0	102.0	3.0	230.5	153.0	4.0	313.0	95.5	128.0	350.5	330.0	90.5	404.0	54.0	294.5	281.0	458.0	270.5	558.5	507.0	929.0	644.5
2024979.0	181.5	801.5	1647.5	71.5	239.0	3550.0	790.0	50.0	1575.5	193.0	2613.5	1052.0	11.5	1535.5	316.5	145.5	618.5	1732.5	2304.5	719.0	657.0	10.0	850.5	639.5	9.0	1416.0	348.0	484.5	1591.5	510.0	556.0	2156.0	176.0	1354.5	1591.5	1720.5	1272.5	2630.5	1593.5	3724.0	2778.5
2039638.0	217.5	440.5	2278.0	112.5	255.0	3594.0	880.0	76.5	1431.0	391.0	4080.5	1484.0	15.5	2090.5	213.0	190.0	867.5	2425.0	1576.0	1180.0	934.5	12.0	1422.5	942.5	10.5	1839.5	707.0	756.5	2538.0	1175.0	626.0	3076.0	296.0	1604.0	2213.0	2706.5	1532.5	2900.0	2821.5	6177.0	3721.5
2066484.0	0.0	0.0	0.0	0.0	0.0	6.0	0.0	0.0	17.0	0.0	19.0	0.0	0.0	2.0	2.0	0.0	0.0	0.0	12.0	0.0	0.0	0.0	0.0	0.0	0.0	0.0	0.0	0.0	20.0	0.0	4.0	2.0	0.0	5.0	1.0	2.0	1.0	9.0	2.0	0.0	1.0
2066490.0	40.0	117.0	529.5	15.5	57.0	599.0	444.0	34.5	340.5	75.5	592.5	952.5	1.5	256.5	92.5	20.0	134.0	328.0	543.5	498.0	140.5	1.0	458.5	138.5	1.5	333.5	125.0	157.0	493.0	209.5	164.5	389.0	12.0	334.0	393.0	443.5	220.5	822.5	548.0	1435.5	764.0
2109260.0	0.0	0.0	0.0	0.0	2.0	0.0	0.0	0.0	0.0	22.5	0.0	0.0	0.0	0.0	0.0	0.0	0.0	0.0	0.0	0.0	0.0	0.0	0.0	0.0	0.0	0.0	0.0	0.0	0.0	0.0	0.0	1.5	0.0	5.0	0.0	0.0	0.0	0.0	0.0	0.0	0.0
2138246.0	9.0	57.5	190.5	10.0	45.0	503.0	53.0	3.0	150.0	19.0	306.0	100.0	2.0	291.0	1.0	2.0	55.0	253.5	235.0	91.0	45.0	1.0	164.5	54.5	0.0	66.5	36.0	41.0	75.5	35.0	44.0	454.0	40.0	113.5	264.0	225.5	107.0	312.5	167.0	285.5	187.0
2169561.0	14822.0	10006.0	89696.0	6831.0	32516.5	159981.0	204575.0	20917.0	94644.0	28908.0	741788.5	573735.0	555.0	267966.0	48580.5	1945.5	62046.5	10852.5	40916.0	6864.5	57537.5	393.0	21588.5	354988.5	269.5	31616.0	8095.5	44724.0	118459.0	796937.0	65264.0	63900.0	618.0	44720.0	3034.0	81779.5	11109.0	23072.0	71307.5	130278.0	237298.0
2202723.0	0.0	0.0	0.0	0.0	0.0	1.0	0.5	0.0	0.0	0.0	0.0	0.5	0.0	0.0	0.0	0.0	0.0	0.0	9.0	0.0	0.0	0.0	0.0	0.0	0.0	0.0	0.0	0.5	0.0	0.0	0.0	0.0	0.0	0.0	0.0	0.0	1.0	0.0	3.0	0.0	2.0
2211217.0	0.0	5.0	6.0	0.0	0.0	20.0	1.5	0.0	3.0	0.0	1.0	5.0	0.0	1.0	0.0	0.0	2.0	1.0	0.0	13.0	6.0	0.0	4.0	5.0	0.0	0.0	2.0	0.0	0.0	0.0	6.0	50.5	0.0	14.0	8.0	9.0	0.0	6.5	6.0	0.0	28.0
2315420.0	30.5	56.0	412.5	21.0	42.0	556.0	181.5	9.0	221.5	54.0	550.5	208.0	2.0	241.5	37.0	31.0	77.5	488.5	381.5	181.0	85.5	1.0	171.5	118.0	2.0	196.0	80.0	85.0	210.5	105.0	107.0	473.0	26.0	294.5	354.0	460.0	222.0	519.5	433.5	964.0	461.0
2483366.0	52.0	117.5	602.0	27.0	80.5	1121.0	271.5	38.0	476.5	108.5	889.0	302.0	6.0	585.0	45.0	45.5	276.0	644.0	920.0	261.0	135.5	3.0	454.0	267.0	1.0	513.5	83.0	165.5	567.5	235.5	495.0	856.0	116.0	582.0	605.5	715.5	365.0	989.5	593.5	1487.0	922.5
2495577.0	22.0	28.0	106.0	4.5	15.0	164.0	35.5	5.0	74.5	14.0	110.0	47.0	1.0	68.5	5.0	25.0	69.5	76.0	87.0	92.5	19.5	0.0	47.5	34.0	0.0	79.0	17.0	28.5	130.5	81.5	31.5	91.5	0.0	56.0	50.0	117.0	38.0	150.0	118.0	141.5	199.5
2495578.0	23.5	19.5	243.5	1.5	12.0	179.5	65.5	8.5	208.5	7.0	292.0	149.0	1.5	51.0	19.0	31.5	70.0	51.0	193.5	131.0	19.5	1.0	76.5	43.0	1.0	193.0	47.5	27.0	143.0	67.0	46.0	110.0	11.0	134.5	56.0	131.0	50.0	137.5	126.0	172.0	243.5
2497644.0	58.0	115.0	705.5	40.5	53.5	805.0	136.0	10.0	461.0	126.0	950.5	301.5	1.0	669.0	76.0	38.5	201.5	682.0	333.0	337.5	226.0	3.0	357.5	327.5	4.0	751.5	177.0	229.5	790.5	150.5	170.0	811.0	86.0	492.0	522.5	772.5	366.5	950.0	696.5	1923.0	1185.5
2499411.0	0.0	0.0	30.0	0.0	1.0	9.0	0.0	2.0	0.0	2.0	4.0	0.0	0.0	5.0	0.0	0.0	1.0	28.0	0.0	0.0	0.0	0.0	0.0	2.0	0.0	10.0	4.0	1.0	6.0	0.0	0.0	5.0	0.0	0.0	2.0	7.0	3.0	5.0	5.0	10.0	1.0
2562243.0	0.0	2.0	20.0	0.0	1.0	0.0	0.0	0.0	0.0	0.0	5.0	0.0	0.0	0.0	0.0	0.0	0.0	0.0	0.0	0.0	0.0	0.0	0.0	0.0	0.0	0.0	0.0	0.0	0.0	0.0	0.0	0.0	0.0	0.0	0.0	1.0	0.0	0.0	0.0	0.0	0.0
2691354.0	380.0	900.5	5840.5	180.0	505.0	9143.0	2255.0	159.5	2928.5	817.5	7348.5	2703.0	22.0	4905.5	309.0	292.0	1523.0	5073.0	4179.0	2173.5	1483.5	26.0	3630.0	2038.5	21.5	4893.5	945.0	1229.5	4865.0	1654.0	3231.0	7843.0	630.0	3934.0	5233.0	5615.0	3771.0	6415.5	5450.5	12038.0	6845.0
2691355.0	101.5	350.5	1963.5	63.5	181.5	3117.5	432.5	32.0	883.5	258.0	3460.5	829.5	9.0	1614.0	61.0	108.0	446.5	1559.0	788.0	921.5	516.5	5.0	661.5	627.0	15.0	1641.0	388.5	429.0	1443.0	472.0	429.0	2602.0	325.5	1248.5	1780.0	1856.5	1159.5	2109.0	1795.5	4152.5	1711.5
2691356.0	232.5	633.5	4534.5	96.5	379.5	4950.0	1555.5	79.0	1675.5	469.5	4928.5	1502.0	27.5	2840.5	152.0	181.5	908.0	3142.5	1341.5	1306.5	870.5	18.0	1307.5	1090.0	12.5	2836.5	685.0	882.5	2424.0	1047.5	1342.0	4053.5	387.0	3950.5	3847.5	3056.0	1918.5	3635.5	2868.0	5217.5	3848.0
2732011.0	76.5	0.0	0.0	0.0	0.0	1.0	0.0	0.0	0.0	0.0	0.0	0.0	0.0	0.0	0.0	0.0	0.0	0.0	4.0	0.0	0.0	0.0	0.0	0.0	0.0	0.0	0.0	0.0	0.0	0.0	0.0	1.0	0.0	0.0	10.0	0.0	0.0	0.0	0.0	0.0	64.0
2732094.0	7.0	1.0	0.0	0.0	0.0	0.0	6.0	0.0	0.0	0.0	24.0	4.0	0.0	6.5	1.0	0.0	0.0	0.0	14.5	0.0	0.0	0.0	0.0	0.0	0.0	0.0	0.0	24.0	6.0	0.0	0.0	1.0	0.0	0.0	0.0	1.0	0.0	0.0	3.0	0.5	0.0
2732414.0	0.0	0.0	0.0	0.0	2.0	8.0	0.0	0.0	0.0	0.0	13.0	1.5	0.0	9.0	0.0	3.0	3.0	0.0	14.0	0.0	0.0	0.0	0.5	0.5	0.0	0.5	0.0	0.0	1.0	14.0	0.5	3.0	0.0	0.0	3.0	4.0	4.0	5.0	3.0	0.0	26.5
2732501.0	0.0	4.0	66.0	0.0	1.0	43.0	1.0	1.5	51.0	1.0	77.0	6.0	1.0	17.0	0.0	4.0	5.0	28.0	9.0	6.0	0.0	1.0	5.0	16.0	0.0	10.0	0.0	70.5	8.5	0.0	1.0	67.5	0.0	158.5	14.0	32.5	11.0	0.0	6.0	21.0	6.0
2732502.0	8.0	7.0	7.5	1.0	1.0	21.0	6.5	1.5	6.0	196.5	53.5	10.0	0.0	11.0	0.0	1.0	0.0	19.0	27.0	18.0	9.5	0.0	4.0	6.0	0.0	15.0	0.0	12.5	18.0	0.0	9.0	53.0	0.0	36.0	22.0	17.5	4.0	8.5	13.0	37.0	14.0
2732503.0	83.5	68.0	910.5	27.0	88.0	537.5	345.0	98.0	1828.0	42.5	329.0	1590.0	6.0	63.5	101.5	45.5	1055.5	65.5	283.5	281.0	259.5	4.5	423.5	675.0	3.0	906.5	124.5	472.0	1941.0	502.0	2183.0	5298.0	8.5	389.0	432.0	552.5	732.0	2109.5	1998.5	738.5	682.5
2732504.0	16.5	0.0	86.0	0.0	0.0	6.0	0.0	0.0	0.0	0.0	8.0	0.0	0.0	0.0	0.0	0.0	0.0	0.0	5.0	3.0	0.0	0.0	0.0	0.0	0.0	0.0	0.0	0.0	10.0	11.0	9.0	0.0	0.0	74.5	0.0	0.0	1.0	0.0	0.0	1.0	0.0
2732515.0	5.5	5.5	1.0	34.0	66.0	40.5	1.5	13.5	3.0	13.0	9.5	2.5	0.0	1.5	182.5	24.0	5.0	1.0	6.5	29.0	1.0	0.0	14.0	4.5	0.5	2.0	12.0	23.5	1.0	62.0	113.5	1.0	1.0	13.5	0.0	363.5	10.0	2.0	13.0	1.5	0.5
2732524.0	19.5	54.0	272.0	24.0	13.5	538.5	236.0	8.5	263.0	49.0	394.0	124.0	2.0	93.0	11.0	13.0	38.0	222.5	224.5	109.0	71.5	0.0	76.5	59.0	0.0	184.5	34.0	89.0	172.0	108.5	67.5	397.0	12.0	333.5	294.5	217.0	407.5	437.0	337.0	428.5	383.0
2732527.0	6.5	16.5	0.0	4.5	0.0	77.5	11.5	1.0	0.0	1.5	32.5	19.5	0.0	8.0	3.0	14.0	1.5	17.5	30.0	1.0	0.0	0.0	14.0	10.5	0.0	0.5	10.5	6.0	8.0	3.0	1.0	3.0	0.5	6.0	4.0	14.0	1.0	0.0	2.5	0.0	55.0
2732532.0	0.0	4.0	0.0	0.0	0.0	4.0	0.0	0.0	0.0	0.0	8.0	0.0	0.0	0.0	0.0	0.0	0.0	2.0	0.0	29.0	0.0	0.0	0.0	1.0	0.0	33.0	0.0	10.0	0.0	0.0	0.0	0.0	0.0	0.0	0.0	9.0	0.0	0.0	21.0	0.0	0.0
2732533.0	0.5	10.0	14.5	3.0	1.0	23.5	0.0	1.0	0.0	1.0	99.5	66.0	0.0	0.0	0.0	3.5	1.0	7.0	1.0	0.0	13.0	0.0	0.0	5.0	0.0	35.0	1.0	0.0	0.0	9.5	7.0	1.0	0.0	0.0	11.0	8.0	0.0	0.0	0.0	0.0	22.0
2732534.0	4.0	45.0	114.0	6.0	13.0	231.0	67.0	0.0	30.0	37.0	162.0	96.5	0.0	190.0	4.0	0.0	16.0	133.5	217.5	33.0	12.0	1.0	71.0	33.5	1.0	81.0	14.0	0.0	35.0	17.5	23.0	177.0	5.5	71.0	131.5	178.0	38.0	117.5	67.0	205.5	216.0
2732536.0	0.0	0.5	24.5	0.0	0.0	9.5	9.0	0.0	5.0	2.0	3.0	0.0	0.0	3.5	0.0	1.0	2.0	1.5	14.5	4.0	0.0	0.0	0.0	0.0	0.0	0.0	0.0	0.0	21.5	0.0	1.0	78.5	0.0	4.0	8.5	1.0	13.0	26.0	0.0	10.0	0.0
2732539.0	0.0	0.0	0.0	0.0	0.0	5.0	0.0	0.0	0.0	3.0	11.5	0.0	0.0	4.0	0.0	0.0	0.0	1.0	6.0	0.0	0.0	0.0	261.5	0.0	0.0	0.0	0.0	0.0	16.0	0.0	6.0	7.0	1.0	15.0	3.0	0.0	0.0	1.0	0.0	40.0	150.5
2732540.0	26.0	53.5	7.0	0.0	0.0	24.0	0.0	4.0	0.0	1.0	2.0	55.0	1.0	9.0	10.0	5.0	6.5	6.0	66.5	14.0	15.0	1.0	317.0	122.5	0.0	158.5	28.0	54.0	40.5	20.0	144.0	59.0	1.0	539.0	0.0	57.0	0.0	59.0	17.0	0.0	1.0
2732541.0	878.5	1658.5	8955.0	543.5	1978.5	12388.0	4558.0	780.0	9128.0	1574.5	12598.5	10401.0	61.0	3897.0	1279.5	1124.0	4923.0	4458.5	8458.0	4308.0	3654.5	35.5	5752.0	3408.5	37.5	9386.5	2538.5	3788.0	11287.0	5251.5	3582.0	22968.0	618.0	8395.5	6119.5	11336.5	5154.5	12455.0	9892.0	17590.5	18423.5
2732542.0	0.0	0.0	11.0	0.0	0.0	0.0	0.0	0.0	0.0	0.0	0.0	0.0	0.0	0.0	0.0	0.0	0.0	0.0	16.0	0.0	0.0	0.0	1.0	0.0	0.0	0.0	0.0	0.0	0.0	0.0	5.0	0.0	0.0	0.0	0.0	0.0	0.0	0.0	0.0	0.0	0.0
2732543.0	23.0	63.0	20.0	12.5	24.0	43.0	18.5	3.5	40.0	30.0	75.0	45.5	0.0	84.5	14.5	25.0	2.5	138.0	112.5	9.0	66.5	2.0	46.0	70.5	1.0	19.5	32.5	31.0	18.0	129.0	2.0	68.0	50.0	46.5	94.0	53.5	14.5	59.0	27.0	78.0	9.0
2732544.0	428.5	687.0	5000.5	148.5	545.0	5161.5	1372.0	355.0	2378.0	404.0	4105.5	3336.0	25.0	1276.0	297.5	505.5	2489.5	4847.5	3131.5	2206.5	1771.0	21.0	2953.0	10091.0	20.0	3328.5	771.5	4675.5	4660.0	1254.0	1038.0	5433.0	135.0	5323.0	1941.0	4898.0	1755.0	4656.0	2669.5	12499.0	19666.5
2732545.0	595160.5	530506.0	1571663.5	536.0	64.0	1527.5	1464.0	1391.0	3179.0	372.5	819.5	4532.0	3985.5	2102.5	3884858.5	320950.5	8583224.5	419127.0	1105260.0	1671712.0	172517.5	4087.5	4864481.0	6104.0	3442.0	66226.0	3327.0	5125.5	6028.5	17526.5	1834343.5	1506370.0	1568.0	1855.0	1800.5	2153.0	2232.5	1379.5	3688.5	31242.0	130.5
2732546.0	1.0	4.0	0.0	0.0	0.0	0.0	6.0	0.0	0.0	0.0	0.0	5.0	0.0	6.0	0.0	0.0	12.0	5.0	0.0	0.0	0.0	0.0	0.0	2.0	1.0	10.0	0.0	0.0	12.0	0.0	0.0	0.0	0.0	3.0	8.0	1.0	0.0	10.0	20.0	0.0	0.0
2732548.0	6.0	10.0	149.0	2.0	24.0	114.0	23.0	0.0	60.0	10.0	151.0	46.0	1.0	55.0	5.0	9.0	18.0	79.0	55.0	21.0	57.0	0.0	21.0	38.0	0.0	7.0	32.0	31.0	85.0	12.0	29.0	149.0	1.0	40.0	89.0	65.5	181.5	153.0	84.0	335.0	157.0
2732549.0	829.0	3638.5	10584.0	602.5	1425.5	15434.0	8248.5	410.5	7650.5	1080.0	15327.5	16180.5	95.0	4790.5	1152.5	6084.0	17742.0	5496.0	10414.0	15782.5	2976.5	49.0	11306.0	4147.0	65.5	11455.0	3717.0	5403.5	34802.5	3370.5	14129.5	164016.5	689.5	11417.5	7402.5	12863.0	10594.0	24163.0	9303.0	14899.5	31264.0
2732550.0	2.0	35.5	43.0	3.0	4.0	115.0	26.0	4.0	96.0	0.0	621.5	96.0	1.0	17.0	12.0	14.5	27.0	36.0	154.0	169.0	17.0	0.0	398.5	1.0	0.0	86.0	8.0	21.5	71.0	15.0	33.0	202.0	6.0	77.5	79.0	108.0	124.5	45.0	51.5	380.0	122.0
2732551.0	0.0	0.0	0.0	0.0	0.0	4.0	0.0	0.0	0.0	3.0	0.0	0.0	0.0	1.0	0.5	0.0	0.0	1.0	0.0	1.0	0.0	0.0	0.0	0.0	0.0	0.0	0.0	0.0	0.0	0.0	0.0	22.0	0.0	0.0	5.0	0.0	3.0	0.0	28.0	0.0	0.0
2732553.0	0.0	2.0	23.0	0.0	6.0	20.0	20.0	0.0	4.0	11.0	19.0	0.0	0.0	5.0	0.0	2.0	14.0	26.0	0.0	0.0	9.0	0.0	16.0	8.0	0.0	33.0	0.0	14.5	40.0	6.0	2.0	15.0	0.0	6.0	7.0	20.5	3.0	16.0	1.0	49.0	54.0
2732554.0	0.0	9.0	0.0	1.0	0.0	2.0	0.0	2.0	0.0	4.0	12.0	0.5	0.0	4.0	2.0	0.0	1.0	11.0	1.0	0.0	0.0	0.0	0.0	0.0	0.0	0.0	4.0	14.0	88.0	13.0	21.0	5.0	0.0	41.5	12.0	11.0	0.0	11.0	7.0	2.0	3.0
2732555.0	13.0	23.5	150.0	5.5	7.5	198.0	52.5	8.5	71.5	22.5	113.5	43.5	0.0	179.5	11.0	5.0	36.0	149.0	122.5	74.0	54.0	0.0	48.5	40.5	1.0	76.0	45.0	66.5	142.5	81.0	67.5	150.0	2.0	88.0	109.5	92.5	51.0	209.0	166.5	253.0	228.5
2732559.0	12.0	6.5	0.0	0.0	0.0	1.0	0.0	1.5	0.0	3.0	22.0	0.0	0.0	25.0	4.0	0.0	0.0	0.0	0.0	0.0	0.0	0.0	0.0	12.0	0.0	0.0	0.0	37.0	0.0	0.0	0.0	0.0	0.0	51.0	0.0	1.0	0.0	0.0	0.0	0.0	0.0
2762272.0	0.0	6.0	0.0	0.0	0.0	5.0	0.0	0.0	0.0	0.0	19.0	0.0	0.0	0.0	0.0	0.0	0.0	0.0	0.0	0.0	0.0	0.0	0.0	0.0	0.0	0.0	0.0	6.0	0.0	0.0	0.0	0.0	0.0	0.0	1.0	0.0	4.0	0.0	1.0	27.0	0.0
2762275.0	144.5	223.0	1801.0	104.0	279.0	3340.5	1158.0	52.5	1429.5	200.5	6729.0	2215.0	5.0	976.5	98.5	6764.5	1444.0	1406.0	1286.5	940.5	456.5	11.5	1365.0	509.0	8.5	1765.5	461.0	896.0	1942.5	2621.5	3136.0	1634.0	224.0	3413.5	806.0	1476.0	953.0	1850.5	2036.0	4741.5	3456.0
2770089.0	37.0	128.5	294.5	15.0	63.0	654.5	210.5	39.0	270.0	46.5	577.5	366.0	1.0	357.5	38.0	28.0	156.5	357.5	484.0	206.5	127.5	2.0	234.5	143.0	2.0	334.5	93.0	60.0	309.0	138.0	198.5	613.0	62.5	298.0	416.5	614.0	182.5	462.5	407.5	566.0	556.0
