sample	cleaned_fastq.1	cleaned_fastq.2	cleaned_fastq.U	merged_fastq.1	merged_fastq.2	merged_fastq.U	raw_fastq.1	raw_fastq.2	raw_fastq.U	trimmed_fastq.1	trimmed_fastq.2	trimmed_fastq.U
100267_3090B	17066757	17066757	1372427	17142873	17142873	1394121	20217362	20217362	0	18485080	18485080	51914
100267_3150B	24010766	24010766	2275642	24121070	24121070	2289023	27135621	27135621	0	26398963	26398963	11130
100267_4240	37709964	37709964	1962252	37982846	37982846	2012581	41612705	41612705	0	39926595	39926595	68832
100267_3150	36842406	36842406	3202195	37041226	37041226	3218233	40963712	40963712	0	40247643	40247643	11816
100267_3090	30683482	30683482	2180222	30836259	30836259	2203272	34674082	34674082	0	32960828	32960828	78703
100255_4230	38714026	38714026	1986438	38952792	38952792	1997037	41193333	41193333	0	40940257	40940257	9572
100257_4230	73362455	73362455	4040509	73795056	73795056	4058723	78424958	78424958	0	77838186	77838186	15593
100257_3100	75127458	75127458	4149237	75567778	75567778	4171507	80559024	80559024	0	79710183	79710183	29102
100257_3160	74342449	74342449	4602842	74757928	74757928	4835053	89017234	89017234	0	79129929	79129929	463052
100008_4240B	44176809	44176809	3961800	44471231	44471231	3989714	49601107	49601107	0	48431719	48431719	29226
100008_4240	62771572	62771572	5676851	63185940	63185940	5719138	70660542	70660542	0	68865070	68865070	40008
100008_3160B	97509046	97509046	7960400	97989274	97989274	7984564	106430819	106430819	0	105902696	105902696	71142
100008_3100B	64469702	64469702	4305233	64761763	64761763	4320090	69633773	69633773	0	69066898	69066898	14955
100008_3100	22376	22376	1444	22800	22800	1456	24424	24424	0	23709	23709	547
100008_3160	48737	48737	4171	49574	49574	4210	54923	54923	0	53755	53755	29
100255_3160	66493501	66493501	3155911	66956728	66956728	3167342	70137392	70137392	0	70123575	70123575	495
100255_3100	53765167	53765167	3603050	54099300	54099300	3614725	58017417	58017417	0	57707276	57707276	6749
100306_4230B	44874943	44874943	3671441	45091385	45091385	3729128	53076421	53076421	0	48712229	48712229	108284
100306_3150B	25429540	25429540	2157172	25541182	25541182	2212362	33471354	33471354	0	27687836	27687836	65708
100306_4230	61691509	61691509	4721117	62025186	62025186	4782806	70959739	70959739	0	66680543	66680543	127449
100306_3150	37907874	37907874	2998615	38095827	38095827	3049392	46702056	46702056	0	41077578	41077578	67641
100261_3160	57452259	57452259	5265292	57785764	57785764	5278592	63236551	63236551	0	63055701	63055701	8655
100261_3080	41371513	41371513	3482635	41622993	41622993	3489011	45171790	45171790	0	45110740	45110740	1264
100261_4240	51882623	51882623	4774385	52233196	52233196	4790715	57298473	57298473	0	57011429	57011429	12482
100217_3080	53067041	53067041	4737503	53365017	53365017	4747779	58208624	58208624	0	58109614	58109614	3182
100217_4230	60731163	60731163	6619862	61108769	61108769	6657637	68769860	68769860	0	67728927	67728927	37479
100217_3150	63641560	63641560	5649151	64011964	64011964	5660364	69712878	69712878	0	69671187	69671187	1141
100248_3100	57423434	57423434	3588566	57774266	57774266	3604924	61661315	61661315	0	61365818	61365818	13372
100248_4240	62178313	62178313	4108422	62573909	62573909	4119888	66711278	66711278	0	66693298	66693298	499
100248_3160	66759785	66759785	4098083	67215083	67215083	4112448	71367053	71367053	0	71325411	71325411	2120
100137_4230	48121824	48121824	2604778	48359031	48359031	2615704	51351819	51351819	0	50934933	50934933	39802
100137_3090	39756558	39756558	3023708	39968493	39968493	3032575	43343019	43343019	0	42991610	42991610	9458
100137_4230B	35017485	35017485	2090160	35164129	35164129	2099076	37650253	37650253	0	37232225	37232225	30980
100137_3150	57326503	57326503	2960698	57586694	57586694	2990671	62545936	62545936	0	60537502	60537502	39863
100137_3150B	40289465	40289465	2456444	40457601	40457601	2485792	44962968	44962968	0	42906450	42906450	36943
100337_3080	52737882	52737882	5001323	53082890	53082890	5026835	58865282	58865282	0	58086426	58086426	23299
100337_3150	49435139	49435139	4562410	49779621	49779621	4586703	55305829	55305829	0	54344964	54344964	21360
100337_4240	40754350	40754350	3868759	41042101	41042101	3892328	45820899	45820899	0	44909881	44909881	24548
100206_3100B	38245476	38245476	2453378	38490259	38490259	2461893	41122996	41122996	0	40945735	40945735	6417
100206_3160	63896640	63896640	3526572	64312548	64312548	3537655	67928065	67928065	0	67847592	67847592	2611
100206_3100	53785359	53785359	3571168	54126904	54126904	3584314	57975036	57975036	0	57702961	57702961	8257
100200_3160	120196891	120196891	11915452	120686508	120686508	11933792	132721657	132721657	0	132618242	132618242	2058
100200_4240	28015177	28015177	3232095	28147696	28147696	3244687	33187306	33187306	0	31371771	31371771	20612
100200_3100	61524558	61524558	6885192	61904044	61904044	6902465	69156861	69156861	0	68792679	68792679	13830
Water_A16	10442	10442	16696	12577	12577	43708	1037218	1037218	0	17719	17719	38566
Water_A8B	87136	87136	23573	87976	87976	27429	425207	425207	0	108827	108827	6578
Water_B	14918	14918	66126	19546	19546	173938	5985012	5985012	0	25359	25359	168125
Water_B8	18540	18540	1452	18645	18645	1475	22082	22082	0	20093	20093	27
Water_B16	92701	92701	144714	107454	107454	314239	6566022	6566022	0	169381	169381	252312
Water_A8	104695	104695	29421	105957	105957	35221	613536	613536	0	132670	132670	8508
Water_B8B	12326	12326	1077	12382	12382	1105	15613	15613	0	13455	13455	32
Water_A	99462	99462	24747	100279	100279	25748	221051	221051	0	123819	123819	2208
100177_3100	3641	3641	295	3666	3666	301	4027	4027	0	3963	3963	4
100177_4230B	43408613	43408613	3140921	43686744	43686744	3151661	46894145	46894145	0	46836912	46836912	1493
100177_3100B	51927449	51927449	5743213	52133135	52133135	5756287	58757651	58757651	0	57876538	57876538	12884
100177_3150B	113188051	113188051	9426793	113819602	113819602	9474183	124789914	124789914	0	123238638	123238638	55147
100177_3150	154244593	154244593	13074705	155099004	155099004	13146399	170466582	170466582	0	168176186	168176186	69217
100177_4230	64381312	64381312	4699884	64792952	64792952	4717155	69599130	69599130	0	69507869	69507869	2238
100256_4230	72757582	72757582	4310252	73198648	73198648	4337979	78674149	78674149	0	77505679	77505679	30948
100256_3100	75711715	75711715	3512450	76154526	76154526	3528150	79955408	79955408	0	79661829	79661829	20847
100256_3150	74728306	74728306	4739980	75183671	75183671	4754466	80037864	80037864	0	79933284	79933284	4853
SAMPLE_water3_1	29888	29888	66834	30247	30247	70853	101907	101907	0	98204	98204	2896
SAMPLE_100267_3	16670547	16670547	93977824	16854259	16854259	96346735	113837758	113837758	0	111211634	111211634	1989360
SAMPLE_100267_2	28422992	28422992	74273131	28611734	28611734	76551762	105474862	105474862	0	104287915	104287915	875581
SAMPLE_100267_1	3258960	3258960	81370024	3343285	3343285	81796360	85148128	85148128	0	85099150	85099150	40495
SAMPLE_water5_1	3244030	3244030	8945349	3258381	3258381	9339745	12741287	12741287	0	12145352	12145352	452774
SAMPLE_100257_3	30294223	30294223	38874987	30494322	30494322	41431697	71979443	71979443	0	71727573	71727573	198446
SAMPLE_100257_2	31842691	31842691	45433927	32224292	32224292	49332860	81584037	81584037	0	81423979	81423979	133173
SAMPLE_100257_1	27550115	27550115	53244010	28001931	28001931	57130391	85154276	85154276	0	85009890	85009890	122432
SAMPLE_100008_2	41942842	41942842	116744007	42466479	42466479	118749865	161295581	161295581	0	160934181	160934181	282163
SAMPLE_100008_3	18486018	18486018	50904406	18686158	18686158	53127327	72151848	72151848	0	70865396	70865396	948089
SAMPLE_100008_1	27935873	27935873	63947224	28549002	28549002	67074539	95632971	95632971	0	95536036	95536036	87505
SAMPLE_water6_1	18371434	18371434	10673038	18377167	18377167	10740453	29145008	29145008	0	29019569	29019569	98051
SAMPLE_water1_1	2463246	2463246	4445008	2466177	2466177	4506454	6995772	6995772	0	6899147	6899147	73484
SAMPLE_100255_1	30287745	30287745	75727450	30934150	30934150	81986169	112943748	112943748	0	112752518	112752518	167801
SAMPLE_100255_2	224194	224194	653040	247085	247085	949413	1208030	1208030	0	1109559	1109559	86939
SAMPLE_100255_3	42946472	42946472	85903438	43502488	43502488	92759019	136314872	136314872	0	136013260	136013260	248247
SAMPLE_100306_3	28679959	28679959	89531051	28908216	28908216	91859972	121154636	121154636	0	119741457	119741457	1026731
SAMPLE_100306_2	36121530	36121530	94076431	36690019	36690019	95462417	132288533	132288533	0	131685905	131685905	466531
SAMPLE_100306_1	34831968	34831968	113307639	35418469	35418469	115273516	150972597	150972597	0	149742126	149742126	949859
SAMPLE_100261_3	18481188	18481188	92616751	18702720	18702720	94627632	113525744	113525744	0	112764792	112764792	565560
SAMPLE_100261_2	68293529	68293529	93450162	69730631	69730631	100748450	170489305	170489305	0	170319289	170319289	159792
SAMPLE_100261_1	60670775	60670775	65938432	63166082	63166082	96246417	159446688	159446688	0	159227613	159227613	184886
SAMPLE_100217_3	39439546	39439546	38008577	39634793	39634793	39604655	79277030	79277030	0	79071594	79071594	167854
SAMPLE_100217_1	85920228	85920228	66566352	87150051	87150051	71398413	158551286	158551286	0	158445568	158445568	102896
SAMPLE_100217_2	27503587	27503587	70023989	28235831	28235831	73661140	101898089	101898089	0	101811358	101811358	85613
SAMPLE_water2_1	6541846	6541846	25197586	6573941	6573941	25993700	32916105	32916105	0	31635511	31635511	932130
SAMPLE_100248_2	26213931	26213931	89041732	26589598	26589598	93670836	120758194	120758194	0	118815348	118815348	1445086
SAMPLE_100248_1	21025133	21025133	125271013	21393222	21393222	129228031	151384460	151384460	0	148780578	148780578	1840675
SAMPLE_100248_3	25638784	25638784	62993370	25887417	25887417	65181827	91196264	91196264	0	90598661	90598661	470583
SAMPLE_100137_2	30898697	30898697	80444303	31450568	31450568	82080768	113540979	113540979	0	113409604	113409604	121732
SAMPLE_100137_1	23491815	23491815	62952650	24089054	24089054	64900362	88999648	88999648	0	88887069	88887069	102347
SAMPLE_100137_3	24074716	24074716	110587949	24451149	24451149	113227986	138011294	138011294	0	136644318	136644318	1034817
SAMPLE_100337_1	26248638	26248638	79942674	26528756	26528756	81278827	107841432	107841432	0	107611362	107611362	196221
SAMPLE_100337_3	25812902	25812902	53447893	26029953	26029953	55387880	81481807	81481807	0	81170425	81170425	247408
SAMPLE_100337_2	25049149	25049149	84281508	25359724	25359724	86881473	112304477	112304477	0	111988786	111988786	252411
SAMPLE_water4_1	7403794	7403794	6147855	7410301	7410301	6196879	13626815	13626815	0	13543586	13543586	63594
SAMPLE_100206_3	25061847	25061847	106298529	25246017	25246017	108429236	135126053	135126053	0	131781307	131781307	1893946
SAMPLE_100206_2	265957	265957	656728	297707	297707	988326	1295612	1295612	0	1230992	1230992	55041
SAMPLE_100206_1	102365465	102365465	150063437	104530082	104530082	172568438	277144951	277144951	0	276714750	276714750	383770
SAMPLE_100200_1	36671285	36671285	111018918	37063958	37063958	113931003	151052061	151052061	0	150735260	150735260	259701
SAMPLE_100200_3	22354816	22354816	83537390	22585104	22585104	85119536	108016703	108016703	0	106805371	106805371	899269
SAMPLE_100200_2	26532928	26532928	66800734	26786816	26786816	67738227	94547291	94547291	0	94409704	94409704	115339
SAMPLE_100177_3	16091235	16091235	35355448	16383549	16383549	38450149	54953552	54953552	0	54426265	54426265	407433
SAMPLE_100177_1	22346093	22346093	65129227	23190119	23190119	71977722	95285706	95285706	0	94740665	94740665	427176
SAMPLE_100177_2	59129487	59129487	37021164	61311484	61311484	48901151	110215298	110215298	0	110115820	110115820	96815
SAMPLE_NTC_3	29659	29659	119168	31237	31237	132668	164077	164077	0	163163	163163	742
SAMPLE_NTC_5	48040	48040	156744	55654	55654	226807	282567	282567	0	281803	281803	658
SAMPLE_NTC_1	20061	20061	61259	20190	20190	62660	83132	83132	0	81826	81826	1024
SAMPLE_NTC_8	48319	48319	163958	50487	50487	182960	233568	233568	0	232766	232766	681
SAMPLE_NTC_4	30581	30581	120222	32725	32725	138947	171810	171810	0	170858	170858	814
SAMPLE_NTC_2	22737	22737	66649	22859	22859	68044	91132	91132	0	89726	89726	1177
SAMPLE_NTC_7	52163	52163	193301	57291	57291	240655	298109	298109	0	297081	297081	865
SAMPLE_NTC_6	43609	43609	144459	45852	45852	165377	211352	211352	0	210591	210591	638
SAMPLE_100256_3	21461109	21461109	43584602	21597800	21597800	44979206	66628970	66628970	0	66381321	66381321	195685
SAMPLE_100256_2	150816	150816	440920	158175	158175	500552	659381	659381	0	656366	656366	2361
SAMPLE_100256_1	46375774	46375774	86363513	47149502	47149502	96332658	143503108	143503108	0	143312737	143312737	169423
