	SAMPLE_100008_1	SAMPLE_100008_2	SAMPLE_100008_3	SAMPLE_100137_1	SAMPLE_100137_2	SAMPLE_100137_3	SAMPLE_100177_1	SAMPLE_100177_2	SAMPLE_100177_3	SAMPLE_100200_2	SAMPLE_100200_3	SAMPLE_100206_1	SAMPLE_100206_2	SAMPLE_100206_3	SAMPLE_100217_1	SAMPLE_100217_2	SAMPLE_100217_3	SAMPLE_100248_1	SAMPLE_100248_2	SAMPLE_100248_3	SAMPLE_100255_1	SAMPLE_100255_2	SAMPLE_100255_3	SAMPLE_100256_1	SAMPLE_100256_2	SAMPLE_100256_3	SAMPLE_100257_1	SAMPLE_100257_2	SAMPLE_100257_3	SAMPLE_100261_1	SAMPLE_100261_2	SAMPLE_100261_3	SAMPLE_100267_1	SAMPLE_100267_2	SAMPLE_100267_3	SAMPLE_100306_1	SAMPLE_100306_2	SAMPLE_100306_3	SAMPLE_100337_1	SAMPLE_100337_2	SAMPLE_100337_3	SAMPLE_NTC_1	SAMPLE_NTC_2	SAMPLE_NTC_3	SAMPLE_NTC_4	SAMPLE_NTC_5	SAMPLE_NTC_6	SAMPLE_NTC_7	SAMPLE_NTC_8	SAMPLE_water1_1	SAMPLE_water2_1	SAMPLE_water3_1	SAMPLE_water4_1	SAMPLE_water5_1	SAMPLE_water6_1
Myxococcales	646.0	1970.0	6967.5	305.5	1927.0	16292.5	4735.0	418.5	7421.5	1340.0	22145.5	6174.5	44.0	6916.5	546.5	970.5	4007.0	6986.5	9145.0	3892.5	3979.5	50.5	4462.5	3338.5	63.0	7529.0	2262.5	3845.5	11495.0	2323.5	4200.5	9502.5	734.0	8490.5	6896.0	7964.0	4356.0	14781.0	9951.5	20160.5	15361.5	11.5	23.5	27.0	22.5	35.5	35.5	32.5	47.5	1977.5	8553.0	12.5	3109.0	3473.0	9521.5
Planctomycetales	1668.5	4919.0	27802.5	843.0	2385.0	44009.5	10863.0	640.5	14494.0	3600.5	39522.0	11852.5	107.5	23562.5	1023.0	1332.5	7308.0	23095.0	15936.5	10295.5	7426.0	129.0	10891.0	8960.5	108.0	19440.5	4656.5	6314.5	18837.5	7435.5	17275.0	47674.5	2883.5	21799.0	28520.5	25088.5	15767.5	32110.0	24366.5	51299.0	31050.5	24.5	26.0	72.5	59.0	74.5	78.5	94.5	87.0	2784.0	20538.0	39.0	4481.0	6094.5	11045.5
Spirochaetales	430.5	2419.0	5949.5	297.5	790.5	14112.0	6448.5	218.5	9572.5	937.5	16232.5	5148.0	30.0	5400.0	574.0	251.5	1660.5	4968.0	5545.0	3476.5	1772.5	29.0	3210.5	2881.5	25.0	6492.5	1098.0	1706.0	4247.5	2769.5	1265.0	7651.5	625.0	4944.0	5648.0	5791.5	4163.5	8395.0	5083.5	13366.0	12791.0	6.0	15.0	25.0	22.5	22.0	25.5	34.5	33.0	1178.0	6387.0	13.5	1689.5	2495.0	3856.5
Hyphomicrobiales	33092.5	80437.5	447121.0	17366.5	55658.5	654795.0	166576.0	14030.5	293151.5	67424.5	687176.5	235307.5	2205.5	342410.5	29519.0	36433.5	127074.0	366411.5	301870.5	247358.5	136924.5	1911.0	209700.5	168842.5	1917.5	326270.0	90492.0	123148.5	412050.5	163693.0	106456.0	584846.5	47919.0	429304.5	421953.0	456838.5	265664.5	637903.0	480118.5	921417.5	700626.0	646.5	668.0	1235.0	1072.5	1636.5	1564.5	1835.0	1863.5	68752.5	367454.5	872.0	161589.0	118051.5	361930.0
Rickettsiales	729.5	2042.0	10584.5	422.0	1361.0	17808.0	4093.0	221.0	6559.0	1525.5	18312.5	4956.0	55.0	10093.5	590.5	550.5	3027.0	10160.5	7929.0	5420.0	2807.5	56.5	4771.5	3219.5	56.0	7371.0	1817.5	2516.0	7315.5	2982.0	2638.0	17084.0	1600.5	28948.5	11930.5	10325.0	6407.5	15495.5	9716.0	19978.0	13220.0	29.5	20.5	32.0	24.5	46.0	41.0	51.5	41.0	1254.0	9409.5	20.5	9831.5	2916.0	6162.5
Chroococcales	1004.5	2083.0	12082.0	402.5	913.5	14023.0	4796.5	371.0	7757.0	1788.0	19159.5	5824.0	60.0	7037.0	518.5	584.5	3694.5	7974.5	6410.5	5786.0	4583.0	51.5	6898.0	4129.0	54.5	11404.0	2433.5	3091.0	8865.0	3597.5	2526.5	11177.5	809.0	9310.5	7388.5	10128.5	6862.0	14428.5	9909.0	23600.0	80456.0	23.5	17.5	55.5	72.0	114.0	71.0	104.5	110.0	2603.0	12153.5	23.5	5134.0	5000.0	8941.0
Oscillatoriales	1959.5	2719.5	17122.0	647.0	1457.5	27877.0	11815.0	911.0	85616.5	2048.5	24468.5	13099.0	143.5	8467.5	1412.0	930.5	6121.5	9615.5	17489.5	9893.5	6003.5	117.0	9850.0	6010.0	79.5	15355.0	7060.5	5696.5	20092.0	5294.0	4894.5	14762.5	957.0	16400.5	9843.0	13219.0	9909.5	20420.5	17544.5	37010.0	104320.5	31.5	49.5	67.5	107.0	135.0	120.0	170.5	184.5	5609.0	23982.0	65.0	9683.0	10122.5	16321.5
Nostocales	1457.5	3605.0	15300.5	669.0	1358.5	23241.0	8726.5	577.0	15811.5	4085.5	23888.0	9252.5	161.0	7714.5	1065.0	1381.0	5027.5	11061.0	16915.5	9309.5	6300.5	71.5	11610.0	6122.5	77.5	13607.0	5074.5	5743.0	16519.5	9624.5	4056.0	16830.0	1234.5	14151.0	11413.0	14277.0	11626.0	24897.0	66713.0	34926.0	481999.5	44.0	62.5	215.0	349.5	510.5	325.0	497.0	604.5	6127.0	21350.0	50.5	9743.0	8766.0	18217.5
Bacillales	23952.5	69074.5	201492.5	17499.5	38027.0	332401.0	145665.0	69126.5	250789.5	37826.0	359105.5	264476.5	1548.5	118077.5	31975.5	33439.5	152286.5	123616.0	291853.0	124308.5	85210.0	1276.0	149922.5	86004.0	1144.5	556074.5	88480.5	106713.5	299830.5	116148.0	85187.0	383014.0	14509.5	237936.0	359820.5	205621.0	171763.0	332550.5	336114.5	368831.5	716491.5	785.0	891.5	668.0	687.0	1035.0	916.5	1099.5	1232.5	264957.5	222373.5	1023.5	517835.0	105854.5	415001.5
Actinomycetales	3937.5	25971.5	38497.5	1091.0	3153.5	58310.0	33831.0	8218.0	42072.5	4959.0	42946.5	65912.0	269.0	16320.0	3497.5	3577.5	19980.5	12498.5	36699.0	13920.5	9090.0	137.0	28167.0	12454.5	139.0	35596.0	8710.5	10730.5	63812.5	30477.5	8432.5	28414.5	1596.5	26355.0	17973.5	25389.0	14933.0	35945.5	30421.0	94761.0	67502.0	78.5	91.0	87.0	102.5	152.0	130.0	152.5	146.5	13292.5	31566.0	119.5	25530.5	14339.5	72642.0
Mycoplasmatales	160.0	468.5	1897.5	68.5	307.0	3536.5	1071.0	32.0	2413.5	264.5	4341.0	1083.5	7.0	2266.5	149.0	176.5	577.5	1667.0	1758.5	780.0	443.5	16.0	1127.0	686.0	10.0	1600.0	306.0	621.0	1343.5	659.0	449.0	2991.0	146.5	1913.5	2184.5	1866.0	1039.5	2558.0	1750.0	3052.0	2490.0	7.0	7.5	2.0	8.5	4.0	4.0	9.0	4.0	358.0	2106.5	6.5	11350.0	673.5	732.0
Thermotogales	93.5	252.0	1423.5	65.0	131.5	2856.5	677.0	152.5	807.5	194.0	2294.0	650.5	5.0	1600.5	192.0	68.5	312.5	1446.5	1285.5	573.5	373.5	5.5	634.5	422.5	5.0	948.0	195.5	172.5	889.0	445.0	288.5	1795.5	242.5	1223.5	1562.5	1605.5	862.0	1847.5	1257.5	2434.5	1240.0	1.0	2.0	1.0	4.5	7.0	6.0	5.0	3.0	346.5	1486.5	2.5	317.0	541.5	429.0
Nitrosomonadales	3750.5	10400.0	46973.5	1924.5	7613.5	77381.5	19037.0	1074.5	37018.0	8768.0	88543.5	26189.5	247.0	46007.0	2465.0	3094.0	15157.0	50505.0	37550.0	27123.0	15038.5	261.0	30278.0	20634.0	271.0	43613.5	11616.5	14511.5	42195.5	16966.0	12322.5	60056.0	5197.5	40067.0	47630.0	55866.5	27643.5	78730.5	58110.5	110090.5	102496.0	82.0	82.0	163.5	148.0	207.0	186.0	263.5	233.5	6840.5	54104.5	111.0	12827.5	13918.5	50712.0
Chloroflexales	97.0	199.5	1001.5	52.5	123.0	1291.0	925.0	205.5	724.5	117.5	1370.0	441.5	6.0	767.5	34.0	90.0	315.5	1012.0	888.5	395.5	248.5	6.5	517.0	367.0	3.0	1236.5	187.5	208.0	1012.5	317.5	329.5	1098.5	121.0	1256.5	1046.0	1276.5	711.0	2695.0	986.5	2271.0	1121.0	4.5	3.5	4.5	3.0	3.0	6.5	3.0	3.0	232.5	1267.5	2.0	401.5	438.0	1085.0
Aquificales	282.5	136.0	727.5	29.5	124.5	1087.5	240.5	19.5	456.5	87.5	1227.0	361.5	5.0	764.0	17.5	42.5	180.5	710.5	744.5	256.0	191.0	5.5	290.5	183.0	2.0	331.0	121.0	176.0	497.5	264.5	208.5	1030.5	105.0	648.5	880.0	699.0	383.0	805.0	668.5	1154.0	778.0	1.0	1.0	5.0	4.0	2.0	1.0	3.0	0.0	120.0	850.5	1.0	78.0	218.5	243.5
Verrucomicrobiales	708.0	1088.5	6474.0	239.5	693.0	12134.5	3055.5	201.5	4086.5	954.0	10295.0	3681.0	40.0	5472.0	394.5	506.5	3143.0	6035.5	5324.0	2904.5	2198.5	32.5	3952.0	2804.0	33.0	4988.5	1637.0	1712.5	5819.0	2679.0	2060.5	11411.0	700.5	4831.0	6112.0	7941.5	3481.5	8330.0	6279.5	11828.0	9110.0	5.5	10.0	11.5	17.5	19.5	28.0	26.5	15.0	1611.5	6018.5	17.5	1533.5	2317.5	4811.5
Chlamydiales	188.5	441.5	2152.0	114.0	321.5	4253.0	800.0	60.5	1489.5	425.0	4992.5	2037.5	12.0	2093.0	158.0	146.0	790.0	2332.5	2162.0	1442.5	892.5	12.5	1531.5	981.5	7.0	2126.5	407.5	875.0	3748.0	824.5	775.0	3279.0	226.0	2149.0	2413.5	2881.0	1549.0	4206.0	2828.0	6117.5	4082.0	4.0	2.0	8.5	3.0	9.5	8.0	18.0	20.5	528.5	2357.5	5.5	408.5	749.0	980.0
Pleurocapsales	380.5	750.0	3946.5	135.0	388.0	4699.0	1801.0	148.5	2520.0	835.0	9263.0	2714.5	16.0	2819.5	193.5	299.5	1276.5	2884.5	2549.5	1855.5	1789.0	16.5	2559.5	1391.0	26.5	3040.0	1467.0	1036.0	3993.0	1191.0	1045.0	2613.5	217.0	2243.0	1662.5	4198.0	1999.0	3968.5	2994.0	9041.5	61513.5	5.5	15.0	29.5	39.5	78.0	49.0	82.0	83.5	1011.0	3934.0	13.0	1641.0	2249.5	3332.5
Halanaerobiales	112.0	202.0	1318.5	49.5	151.0	1857.0	621.0	125.0	935.5	205.5	1785.0	877.5	3.0	1012.0	66.5	93.0	412.0	952.5	1278.0	619.5	287.0	4.0	636.5	427.0	4.0	1213.0	203.0	272.0	1319.5	556.0	376.5	1665.5	163.0	941.0	1318.5	1396.5	626.0	1458.0	1106.5	2447.0	1394.5	2.0	3.0	0.0	5.0	3.0	4.0	6.5	4.5	198.0	1161.0	3.5	729.0	464.5	1208.0
Candidatus Pelagibacterales	123.0	299.0	1426.0	74.5	321.0	2636.0	457.0	27.5	1072.0	240.5	2683.5	700.5	3.0	1656.0	82.5	148.5	411.0	1623.0	1409.5	691.5	358.5	11.0	666.0	477.5	7.0	860.5	267.0	445.0	1307.5	478.5	312.0	2239.0	269.0	1286.5	1862.0	1557.0	969.5	2426.0	1395.0	3140.5	1923.5	2.0	5.0	4.0	3.0	4.0	5.5	2.0	6.5	194.0	1674.0	3.0	382.5	607.5	598.5
Thermoanaerobacterales	208.0	431.0	1987.5	220.5	737.5	13782.0	1308.5	115.0	1608.0	415.0	3648.0	1646.5	18.0	2056.5	202.0	412.0	902.0	1691.0	7180.5	1087.0	591.5	12.0	1072.5	869.5	17.0	4005.0	532.0	448.5	1937.0	1062.5	1135.0	10094.0	214.5	1711.0	4296.0	2917.5	1500.5	17028.5	6702.5	4347.5	4087.0	2.0	9.5	6.0	4.0	7.5	14.0	18.0	16.5	1258.0	1861.5	6.0	983.5	1143.0	2400.0
Thermales	21921.5	1193.5	2281.5	136.5	302.5	4267.5	1724.0	316.5	3118.0	609.0	6846.0	2021.0	19.0	2536.0	225.0	445.5	2046.0	1900.5	3952.5	1448.0	1154.0	22.5	2733.0	981.5	25.5	3026.0	2550.5	1135.5	3290.5	1611.0	1091.5	2811.0	251.0	3356.0	3540.5	3005.5	1348.0	6426.5	4462.5	10115.5	15922.5	6.5	8.5	13.5	14.0	30.5	14.0	27.5	13.0	1361.5	4772.5	13.0	2662.5	2305.5	5664.5
Desulfuromonadales	133.5	352.0	1372.0	64.5	300.5	2651.0	937.0	48.5	1118.0	253.5	2787.5	881.0	9.0	1641.5	81.0	111.0	559.5	1468.0	1593.5	738.5	795.0	7.5	867.5	586.5	14.5	1523.0	410.5	587.0	1390.0	748.0	711.5	1860.5	131.5	1234.5	1494.0	2002.0	986.0	2604.0	1817.5	3642.5	3194.0	3.0	4.5	6.0	5.0	3.0	5.0	6.0	7.0	465.0	1868.5	4.5	624.5	519.0	1334.5
Thiotrichales	663.5	1508.0	7807.5	380.0	1219.5	12826.0	3323.0	224.0	5274.5	980.0	11961.0	5738.0	45.5	6946.5	504.5	423.5	2760.5	8605.5	9509.5	3877.0	2147.0	34.5	4019.5	2649.0	37.0	5512.0	1826.0	1952.0	6963.0	2108.5	3148.5	8780.5	1299.5	5953.5	7713.5	6726.0	4084.0	10433.5	9037.0	12198.0	10050.5	13.0	12.0	20.5	12.0	20.5	28.5	36.0	27.5	1970.0	11759.0	26.0	2040.0	2093.5	8089.5
Pseudomonadales	14345.5	28735.0	205458.5	40766.5	16542.5	234109.5	92979.0	8774.5	101250.0	24711.0	166524.0	167438.0	790.0	90782.5	60974.5	22348.5	75732.5	108431.0	198821.0	88934.5	61568.5	704.5	126302.5	57817.0	827.0	228598.5	49085.0	69128.5	395266.5	38343.5	34169.5	673913.5	14134.0	152840.5	97218.5	114790.0	65879.5	279158.5	146684.5	275907.5	411344.0	284.5	390.5	451.5	455.5	678.0	574.0	825.0	744.5	81372.5	119446.0	450.0	133322.5	61398.0	149031.0
Burkholderiales	60799.5	155284.0	711381.0	28287.0	412711.5	1095549.0	282221.0	26789.5	583211.5	112153.5	1285506.0	488847.0	7334.0	628423.5	56900.0	54756.5	285321.0	656034.5	756407.0	374909.0	297862.0	3572.0	452174.5	294926.5	3579.5	656120.5	193165.5	221730.0	765818.0	228106.0	205961.5	1687690.0	70258.5	609012.5	726003.0	1010913.5	461808.5	1025544.5	877045.0	1527682.0	1410781.0	2486.0	3454.5	2242.5	2067.5	3072.5	2632.0	3517.5	3830.5	216440.0	739970.5	4125.5	260567.0	288052.5	5897181.0
Acidimicrobiales	355.5	953.5	4210.5	190.5	449.0	5943.5	3426.0	236.0	5016.0	611.0	4947.5	3237.0	41.5	2739.5	287.0	449.0	1711.5	2990.5	5652.5	3976.5	1214.5	17.5	2481.0	1911.5	20.0	3316.0	1006.0	1993.5	5149.5	1853.0	1414.0	4924.0	289.5	4340.5	2972.0	3526.0	1921.5	6908.0	4102.0	9269.5	6963.5	7.5	8.0	12.0	13.0	15.5	13.0	21.0	14.0	1702.5	4651.5	14.5	1856.5	1824.0	6010.0
Rubrobacterales	317.5	302.5	1869.0	75.5	173.0	2962.0	1142.0	457.5	1642.0	208.0	2344.0	2426.0	12.5	1159.0	206.0	185.0	1326.0	980.0	2231.0	916.5	995.5	6.0	1215.5	1072.0	9.5	1533.5	501.0	986.0	2517.5	838.0	758.5	2247.5	133.0	2519.0	1717.0	1287.5	947.5	7944.5	5221.5	3063.0	3327.5	8.0	9.5	7.0	4.0	7.0	4.5	6.5	13.0	879.5	1864.0	5.0	2160.5	1732.0	6866.0
Coriobacteriales	376.0	759.0	3470.5	134.0	305.0	10131.5	3858.5	327.5	2089.0	303.0	3265.5	33288.5	24.0	1628.0	405.0	504.5	1082.0	1896.0	2187.0	1116.5	876.5	21.0	1739.0	1167.0	6.0	2324.5	661.0	769.0	2151.0	1117.0	4698.5	31658.0	309.0	2617.5	1937.0	21854.0	1411.0	5271.5	3884.0	4949.5	8904.0	9.0	8.0	6.0	15.5	12.5	14.5	21.5	12.5	1039.0	2386.5	18.0	9635.0	2038.0	4322.0
Sphaerobacterales	118.0	226.5	852.0	30.0	56.0	1318.0	805.5	52.0	494.5	84.0	1061.5	598.5	5.5	518.5	66.0	67.5	464.0	540.0	1664.5	455.0	542.0	2.5	573.5	385.5	3.0	968.5	323.0	279.0	1081.5	329.5	295.5	949.5	54.5	637.5	508.0	595.5	458.0	1053.5	929.5	2165.0	1800.5	3.0	0.5	2.0	1.5	3.0	4.0	2.5	6.5	554.5	823.5	4.0	415.0	484.0	2880.0
Bifidobacteriales	1132.0	5468.0	6560.0	823.5	1405.5	35618.0	10761.5	964.5	10158.0	2096.5	17898.0	96243.5	119.5	5811.5	1522.0	2332.5	4479.5	6411.5	15537.5	3815.5	3797.0	64.0	8483.0	11705.0	52.5	37241.0	3638.0	3952.5	13984.0	4460.0	5466.5	53551.5	796.5	11796.0	13659.5	53290.0	5359.5	12060.5	11721.0	20770.5	40421.0	33.5	33.5	43.5	37.0	67.0	48.5	97.0	73.5	5819.5	10048.0	48.5	16606.0	12328.5	14888.0
Micrococcales	63951.5	146235.0	491790.0	15932.0	43076.5	637575.0	623132.0	61897.0	464929.5	61574.0	559588.5	571058.0	3430.5	256532.0	65057.0	44175.5	287393.5	178576.0	766664.5	249572.5	155090.5	2170.0	317875.0	271371.5	2389.5	491248.5	158051.0	179253.0	665446.0	378647.5	145846.0	364946.5	22195.0	340179.0	234102.0	471695.0	273997.5	557003.0	497266.5	1629370.0	1038004.5	1417.5	1535.5	1770.5	1546.5	2320.0	2112.5	2529.5	2575.0	492054.5	429421.5	1937.5	433960.5	247998.5	1232868.0
Mycobacteriales	27325.0	50977.5	219296.0	7346.5	18564.5	220015.5	114210.5	22882.0	191016.0	29188.5	298178.0	362163.0	1132.0	82957.0	22919.0	26462.0	81777.0	72255.0	166769.5	87464.5	59708.5	737.5	132506.0	70927.0	797.0	237245.5	61968.0	62187.5	282320.5	381320.0	102972.5	137826.0	7380.0	147200.0	166562.5	256204.5	67558.5	193386.5	184665.5	319237.5	293117.0	463.0	542.5	401.5	404.0	573.0	522.0	631.0	594.5	65251.0	349606.5	650.0	206573.0	63668.5	274312.5
Micromonosporales	1132.5	1915.0	7623.5	306.0	1404.5	13720.5	7884.0	957.0	10935.0	1595.0	13193.5	7803.5	52.5	6011.5	686.5	1065.0	4959.0	4705.0	15434.0	5203.0	3423.0	100.0	5195.5	3209.0	82.5	19002.0	2817.0	2357.5	20215.0	7969.0	2602.5	10364.0	582.5	18852.5	5621.0	12103.5	4261.0	63438.5	10556.0	23407.5	19141.5	37.5	20.0	32.5	33.5	46.5	22.5	44.0	31.5	3479.5	11167.5	25.5	6404.0	6784.5	11764.5
Propionibacteriales	31574.0	345593.0	272638.5	8729.0	29298.5	301006.5	180251.0	35735.0	329658.0	94691.5	262811.0	439327.0	1906.5	78366.5	37669.5	33200.0	142905.0	112681.5	251682.5	145061.0	89992.5	1021.0	157165.5	74268.5	1012.5	233639.0	69691.5	129943.5	485074.5	236105.5	106810.0	167041.0	7593.5	513484.5	160210.0	170768.5	105201.0	359072.5	314415.5	509940.5	697347.5	577.5	751.0	678.5	703.5	1081.0	928.5	1081.5	1216.5	105204.0	192150.0	903.5	321044.5	112670.0	521454.5
Pseudonocardiales	2334.5	4144.0	15835.5	633.0	1967.5	22902.5	12806.5	1783.5	20112.5	2507.5	18831.0	20422.5	98.5	9220.5	1591.0	2512.5	9938.0	7907.0	36085.5	9651.0	4903.0	81.0	11923.5	6866.5	79.5	16423.5	6105.0	6403.0	38085.5	12954.0	5502.0	14441.0	984.0	21689.5	12658.5	15496.5	8061.5	20616.5	18930.5	39718.0	42047.0	43.5	42.5	48.0	47.0	63.5	66.5	61.5	93.5	8608.0	19061.0	61.5	14265.5	8351.5	30115.5
Kitasatosporales	2848.5	5910.5	23107.5	915.5	2600.0	39850.0	24558.0	3165.0	34350.0	3470.0	34606.5	23568.5	139.5	20373.0	2787.5	2623.5	13905.0	13889.0	43623.0	11917.0	6894.0	136.5	15169.0	10440.0	120.0	24836.0	7585.0	7568.5	35863.0	26059.0	7039.5	24271.5	2324.0	21714.0	17445.5	23484.5	11939.0	32443.5	24389.5	53430.5	54740.0	65.5	85.0	84.0	81.0	89.0	80.0	118.5	113.5	13060.5	30197.5	104.0	20127.5	14464.5	49459.5
Streptosporangiales	3482.5	6135.0	20274.0	825.5	1692.0	30056.0	20648.5	3988.5	23837.0	3637.0	37327.0	19565.0	99.5	15213.0	2655.5	1902.5	16480.5	9246.5	55871.5	14518.5	8473.0	108.0	15875.5	7908.5	108.0	27282.5	5981.0	7316.5	47427.0	16411.5	4492.0	15677.0	1411.5	13888.0	12230.0	15690.5	7256.0	23701.5	15709.5	43103.0	32151.5	42.0	42.0	52.5	50.0	82.5	81.5	74.0	80.5	7709.0	21159.5	59.0	13507.5	9181.0	23133.5
Frankiales	1605.5	2676.5	13671.0	445.5	1350.0	22832.5	14633.0	1340.0	20198.5	2518.0	17787.0	13958.0	105.5	11051.5	1064.5	2271.0	8622.0	7183.5	23964.0	8106.0	4751.0	70.0	9035.5	6120.5	64.0	12091.0	4562.0	4367.5	17334.5	12401.5	4490.5	13697.5	1082.0	12586.0	8310.5	12186.5	7043.0	18302.5	15764.5	30595.5	23833.5	33.0	52.5	32.5	40.0	46.5	43.5	51.0	55.0	7057.0	18029.5	59.0	10711.5	9283.5	37607.0
Glycomycetales	49.0	94.0	330.0	14.0	24.0	708.0	370.0	18.0	838.5	76.5	589.0	552.5	3.5	369.0	32.0	32.0	240.5	262.5	822.0	278.5	79.5	3.0	274.5	97.5	3.5	600.0	98.0	111.5	804.5	326.5	113.5	464.0	28.0	604.0	377.0	438.5	149.0	880.5	492.0	1020.5	877.5	2.0	1.5	3.0	0.5	2.0	2.0	1.0	0.0	133.0	999.5	1.5	322.0	273.0	822.5
Enterobacterales	67503.5	73516.0	342969.0	25952.5	29235.5	338629.0	197585.5	35205.5	306550.5	38195.5	648284.5	299741.0	2187.5	187527.0	45223.5	90190.5	285309.5	157416.5	477099.0	300800.0	181853.5	1603.5	421191.5	127953.5	1765.0	356261.0	303207.0	183181.0	698665.5	69916.5	105307.0	1405809.5	22885.5	248612.0	176921.5	260461.0	174980.0	383380.5	198685.0	581879.5	939897.0	887.0	1100.0	1038.0	1006.5	1441.5	1204.0	1694.5	1644.0	257067.0	230194.5	1415.0	211319.5	178981.0	1165825.0
Deinococcales	3500.5	5951.0	23750.0	1082.5	2963.0	46191.5	9208.5	1349.0	36292.0	3075.0	45455.5	18398.5	162.5	27208.5	1596.0	4835.0	17034.5	23801.5	42738.0	16288.0	31066.5	147.0	19566.5	19451.0	158.5	31580.5	6378.0	8186.0	52549.0	12674.5	11685.0	33975.5	1850.5	23388.0	18676.0	37810.0	18817.5	43036.5	30280.5	71117.0	31006.5	68.0	64.5	70.5	65.5	99.5	92.0	120.5	117.0	32663.0	34623.5	75.5	12458.0	8001.5	33548.5
Legionellales	1637.0	3596.0	16439.5	970.5	2834.5	30400.5	5472.5	439.0	13758.5	3243.0	35173.0	10670.5	94.5	11728.0	1601.5	1292.5	6887.5	14159.0	11831.5	11150.0	7259.0	85.0	10752.5	6861.5	105.0	17062.5	3913.0	7334.0	19794.5	11293.0	6295.5	19812.5	1394.0	20209.0	15034.0	18512.0	13109.0	23957.0	20329.5	48975.0	40752.5	24.5	26.0	59.0	49.5	84.0	69.0	119.5	99.5	3883.5	15848.0	44.5	6441.0	5849.5	14028.5
Hydrogenophilales	727.5	464.5	2395.5	108.0	724.0	4063.5	1070.5	94.0	1546.5	393.0	19637.0	1924.0	86.5	1422.0	1550.0	885.0	1143.0	2084.5	2803.0	701.5	384.0	6.5	856.5	557.0	19.0	2590.0	661.5	346.0	3417.5	696.5	408.5	3668.0	296.0	2232.5	13705.0	2628.5	1928.0	5510.0	77532.0	3357.0	24610.5	7.0	17.0	11.0	13.0	37.5	20.5	25.5	40.5	1464.0	1326.5	8.5	2317.5	459.0	2652.0
Limisphaerales	4.0	18.0	70.0	3.0	14.5	136.0	82.0	2.0	85.5	13.0	214.5	38.0	1.0	74.5	1.0	3.0	10.5	88.5	40.0	34.5	30.0	0.0	63.5	31.0	0.0	56.5	27.5	20.0	93.0	32.0	41.0	123.5	15.0	64.0	79.5	75.0	44.5	129.0	101.0	160.0	57.5	0.0	0.0	0.0	0.0	0.0	1.0	0.0	0.0	0.0	79.0	0.0	2.0	47.5	35.5
Chromatiales	1503.5	2851.5	27496.5	773.5	2534.5	25520.5	8354.5	600.5	12247.0	2539.0	24367.5	27955.5	114.0	10852.0	25466.0	4668.0	8606.0	15961.0	26684.5	10943.5	5075.0	92.5	9314.0	7423.5	96.0	13541.5	5435.5	6615.5	20396.5	4617.5	5795.5	17120.5	1979.5	16572.0	14873.5	15862.5	8538.5	31661.0	21817.5	27121.5	37464.5	31.0	34.0	46.5	48.5	56.0	52.5	73.5	77.5	5244.5	22757.0	41.0	8993.5	4861.0	12736.0
Lysobacterales	4720.5	12392.0	50608.0	1825.5	6114.5	64634.0	28988.5	3785.0	38914.5	5995.0	68867.0	40251.5	291.0	30591.5	12522.5	7738.5	26373.5	29504.5	127908.0	25334.5	13495.5	270.0	29558.5	16455.0	205.0	49189.0	12119.0	12701.5	64004.0	14897.0	21499.5	39703.5	31289.0	42525.5	34533.5	33464.5	23132.5	60082.5	86210.5	73034.5	79350.0	105.0	108.5	131.0	98.5	144.5	113.0	158.0	175.0	15088.0	48088.0	172.5	32040.5	37304.0	43998.5
Cardiobacteriales	245.0	874.5	3568.5	100.0	733.0	4096.0	1212.5	330.0	2588.5	321.5	4178.5	2589.5	16.5	1798.5	217.5	266.0	849.5	1692.5	2377.0	1458.0	577.5	8.0	2245.5	781.5	10.5	2158.0	1286.0	694.0	5977.5	762.0	880.5	4333.0	310.5	3006.5	1935.0	2187.5	1408.5	3477.0	6991.5	4785.5	5285.0	6.0	7.5	14.5	6.0	11.0	6.0	9.0	14.5	783.0	5852.0	8.5	1446.0	1285.0	2275.5
Methylococcales	236.5	504.5	2433.5	133.0	491.0	4005.0	1314.5	81.0	1592.0	387.5	4066.0	1353.0	16.0	1956.5	240.5	168.5	1348.5	2162.5	4044.5	1336.0	758.5	11.5	1521.5	1187.5	12.5	2144.0	850.5	786.0	3054.0	831.5	1004.5	3170.5	285.0	1853.0	2282.0	2331.5	1325.0	3476.5	3308.5	4523.5	4332.0	8.0	8.0	8.5	6.0	7.0	7.0	11.0	7.5	632.5	2771.0	9.0	866.5	1019.5	1814.0
Oceanospirillales	23032.0	56724.0	313141.5	13588.5	22681.5	366161.5	92334.5	6287.0	158531.0	41433.5	363088.0	161847.0	1341.5	101775.0	14204.0	16416.0	86327.0	182623.5	122895.5	167607.5	96522.0	938.5	89557.5	107566.0	1125.0	214446.5	56767.5	110374.5	237107.5	61851.0	77979.5	353664.5	13649.0	261168.0	265951.0	242237.0	199419.0	413120.0	277151.0	569305.0	492047.0	447.0	494.5	749.5	718.0	1080.0	959.0	1200.5	1174.5	52875.0	349927.0	680.0	92151.0	100334.0	229967.0
Alteromonadales	1852.5	4267.5	20883.0	928.5	2249.5	32074.0	16186.5	1082.0	14906.5	2450.5	30404.5	57110.5	126.0	14171.5	4482.0	6303.0	7087.0	15816.0	40651.0	10241.0	5700.5	117.0	12622.5	6188.0	78.0	17962.5	6370.0	7557.5	18458.5	5082.0	4654.0	23779.5	2079.0	16017.0	15737.0	14689.5	8226.0	24129.5	16870.5	30210.5	50791.0	35.0	31.0	62.0	61.5	101.0	84.0	91.5	89.0	6155.5	21892.0	58.0	9809.5	7515.5	13507.0
Vibrionales	17513.5	34068.5	232652.5	7856.0	24775.5	336741.0	107940.5	8443.0	376417.0	21512.5	219101.0	243298.5	1908.5	75748.5	16911.5	19571.5	255914.0	89858.5	215884.5	106335.5	58883.0	954.0	107904.0	78203.0	842.5	143272.5	44430.0	67249.0	279372.5	75366.5	189518.5	5981719.5	12898.5	189062.0	204549.5	204409.0	370259.0	298025.5	328658.5	313646.0	334369.0	537.0	598.5	487.5	457.5	637.0	594.0	1624.0	824.0	122428.5	168677.5	850.0	150988.0	134349.0	625936.0
Aeromonadales	1500.0	3370.0	14426.5	697.5	1502.5	20394.0	6689.0	1173.5	21690.0	1904.5	19437.5	158673.0	161.5	11837.0	4889.5	2498.5	8220.0	9943.0	29976.0	11890.5	4436.0	98.5	18603.0	6475.5	90.5	13100.5	8155.0	9188.5	21537.0	3256.5	4417.5	17683.0	1638.5	11563.0	9251.0	13773.0	7049.0	20606.0	17725.0	20205.5	43010.0	21.5	38.5	39.0	36.0	53.5	41.0	103.5	80.5	9548.0	15550.0	37.5	6523.0	7261.5	9731.5
Pasteurellales	2986.0	37486.0	24105.5	1165.0	3263.5	33395.5	27657.0	4106.0	25636.0	4238.5	35212.5	51091.5	246.5	13888.5	3132.0	4217.0	21373.0	12004.0	28441.5	19455.0	5618.5	104.5	19306.5	10467.5	137.0	34764.5	7185.5	10525.5	51171.5	18256.0	5460.5	189727.0	1392.5	23306.0	17821.0	18168.0	18331.5	36927.5	27765.5	55518.5	62016.5	94.0	101.5	76.0	67.5	122.0	101.0	166.0	151.5	12687.5	23149.0	135.5	22370.0	21442.0	107312.5
Bacteroidales	3027.5	20192.5	33228.0	1915.0	9681.5	68500.5	45046.5	6240.0	60495.0	6090.5	71790.5	92348.0	264.0	20056.5	5132.0	2674.5	14058.5	18370.5	32648.5	14355.0	11476.0	192.5	27542.0	18701.0	161.5	43279.0	7777.0	10928.0	40631.0	16280.0	10233.5	36297.0	2021.0	23349.0	20936.0	210718.0	14462.0	34326.5	33259.0	97363.0	96367.5	77.0	77.0	120.0	102.0	189.5	169.0	256.5	192.5	12599.0	23319.5	104.0	46974.5	16737.5	32731.5
Entomoplasmatales	120.5	312.5	1396.5	61.0	139.5	2128.0	761.5	91.5	913.5	180.0	4753.0	1389.5	6.0	2608.5	103.0	93.0	338.0	1099.5	1265.0	512.5	451.0	33.5	1285.0	423.0	11.0	1238.5	256.0	250.5	1028.0	410.5	525.5	2032.5	100.5	885.5	1598.5	3356.5	586.5	1443.5	1078.0	2685.5	1433.0	38.0	45.0	6.5	2.0	3.0	13.5	7.5	6.0	233.5	1280.0	68.0	75639.0	560.0	858.5
Acholeplasmatales	109.0	362.0	1694.0	46.0	500.5	2952.0	810.0	92.5	1239.0	251.5	3829.5	1226.5	14.0	1777.0	89.0	129.5	348.0	1382.0	1615.0	917.0	640.0	8.0	1052.5	583.5	7.0	1337.5	390.5	465.5	862.0	500.5	341.0	2406.0	187.5	1405.0	1904.0	2133.0	764.5	1771.0	1497.0	2652.5	2896.5	2.0	1.5	1.0	5.0	2.0	6.0	3.5	9.5	523.5	1767.0	4.0	418.5	459.5	770.5
Anaeroplasmatales	0.0	10.0	6.0	5.0	5.0	35.0	0.0	0.0	3.0	2.5	37.0	12.5	0.0	32.5	0.0	0.0	3.0	42.5	48.0	20.0	0.0	0.0	19.0	6.0	0.0	11.0	0.0	1.0	2.0	3.0	6.0	95.0	0.0	27.0	38.5	32.5	17.0	11.0	14.0	44.0	21.0	0.0	0.0	1.0	1.0	0.0	0.0	0.0	0.0	14.0	9.0	0.0	8.5	10.0	19.0
Eubacteriales	10247.5	27302.5	117712.0	8499.0	13794.5	238706.5	115895.5	13591.0	84297.5	19671.5	221191.5	258333.5	1137.0	68224.0	10183.0	25705.5	196795.0	76365.5	203625.0	110041.5	34367.0	686.0	128978.5	45355.5	879.0	149289.5	32986.0	39401.0	354136.5	60253.5	38249.5	2700858.0	10058.5	122636.0	107090.5	344911.0	151428.5	198152.0	122421.0	205722.0	521846.5	446.0	457.0	448.5	471.0	748.5	604.0	1268.0	863.5	193650.5	138555.0	597.5	108899.0	135314.5	247549.5
Lactobacillales	20493.5	227865.5	142578.0	6078.5	16601.0	295553.5	141163.0	17286.5	152113.5	27759.0	219127.0	248510.5	1378.0	205202.0	54490.0	28840.0	272146.0	54510.5	180914.5	81625.5	63543.5	1380.0	193677.0	109412.0	1014.0	228949.0	53652.0	51735.5	276193.5	95672.0	85784.5	1371469.0	8218.5	127816.5	83291.5	180037.0	62324.5	204892.0	141898.0	415361.5	305111.0	974.5	910.0	546.0	441.5	718.0	752.5	913.5	738.5	167928.5	113715.5	1341.0	1351921.0	72148.0	203082.5
Thermodesulfobacteriales	28.5	89.0	476.0	31.0	62.0	818.0	130.5	11.0	366.5	59.0	706.5	250.5	4.0	403.5	24.5	29.0	117.0	547.5	378.5	361.5	81.0	5.0	240.5	144.0	3.0	324.0	64.5	103.0	366.0	167.5	94.0	689.0	47.5	412.5	560.0	512.5	365.0	578.5	476.5	1004.5	712.5	0.0	0.0	0.0	3.0	1.0	1.0	2.0	3.0	41.5	616.0	1.5	121.5	211.0	205.5
Chrysiogenales	17.0	37.0	202.0	11.5	32.0	328.5	110.0	3.5	142.5	43.0	308.0	150.0	1.0	193.5	6.0	15.0	44.0	166.0	231.5	128.5	99.5	1.0	146.0	68.0	0.0	152.0	76.5	42.0	97.5	39.0	105.5	278.5	28.0	143.5	227.5	282.5	92.0	254.5	199.0	242.0	373.0	0.0	0.0	1.0	0.0	2.0	0.0	0.0	0.0	81.5	235.0	1.0	212.0	44.0	67.0
Herpetosiphonales	28.0	86.0	454.0	9.0	38.5	488.0	272.0	21.0	334.0	55.0	594.5	688.5	3.0	275.5	30.5	28.5	1625.0	258.0	610.0	175.0	107.0	2.0	266.5	102.5	1.0	351.0	108.0	187.5	350.0	207.0	109.5	399.5	12.0	354.0	239.5	322.0	213.0	470.0	177.0	703.0	563.5	0.0	0.0	0.5	0.0	1.5	2.5	2.0	1.0	167.0	328.0	2.0	240.0	221.5	483.5
Thermomicrobiales	70.5	130.5	580.5	23.5	43.5	618.0	423.0	14.0	357.0	69.5	488.5	510.0	0.0	248.0	46.0	24.0	183.0	273.0	597.5	257.5	129.5	2.0	294.5	253.5	1.0	345.5	133.5	215.5	450.0	256.5	122.0	510.0	26.0	341.0	285.5	399.0	219.0	673.5	441.5	1476.5	1008.0	0.5	0.0	1.0	1.0	1.0	0.5	1.0	3.5	209.5	445.0	3.0	228.0	178.5	439.0
Nitrospirales	226.0	562.0	2705.5	85.5	368.0	8733.5	1715.0	73.0	2176.5	356.5	4331.5	1485.5	10.5	2529.5	902.0	121.5	1081.0	2239.0	2835.5	1823.5	875.0	25.0	1521.5	941.0	11.5	2609.0	656.5	727.0	2878.0	706.0	2492.0	3068.5	232.5	2348.5	2714.5	3430.0	1813.0	4293.5	2705.5	6211.0	3825.5	6.5	2.0	9.5	9.0	6.0	8.0	8.0	9.5	544.5	2983.5	8.0	1114.5	1081.0	5284.5
Deferribacterales	102.0	177.5	1054.5	55.0	127.5	1876.0	441.5	30.0	755.5	177.0	1687.0	751.0	3.0	741.0	71.5	38.5	313.0	775.5	951.5	500.0	283.5	8.0	464.0	477.0	1.0	739.0	188.5	299.5	810.0	398.5	311.5	1477.5	105.0	802.5	960.5	1071.5	739.0	1650.0	1142.0	1642.5	1332.0	1.0	3.0	2.0	3.0	4.5	1.0	1.5	3.0	220.5	1130.0	0.0	248.0	409.0	639.0
Chlorobiales	156.5	408.0	2207.5	110.0	855.5	4064.0	735.0	44.0	1762.5	363.0	3556.5	1172.5	11.5	1968.5	116.0	133.0	487.0	2015.5	1722.0	1053.0	805.5	10.5	1177.0	692.0	7.0	1803.5	347.0	567.5	1446.5	774.5	647.0	2720.5	264.0	1617.0	2179.0	2315.0	1374.0	2944.5	1984.0	3667.0	2135.0	4.5	6.0	5.0	8.0	6.0	9.5	5.5	8.5	588.5	2680.0	3.5	419.5	734.0	722.5
Flavobacteriales	9428.5	50642.5	94718.0	4083.0	14852.0	165938.5	41684.5	6729.0	80622.0	13768.5	171215.5	76492.5	582.5	72699.5	14760.0	14590.0	37971.0	77018.5	199584.5	57974.0	30560.5	520.5	87297.5	40930.5	627.5	278892.5	26528.0	34046.0	122497.5	29748.5	34941.5	107852.0	7799.0	83595.0	77054.0	94731.0	52717.5	172420.5	107740.5	203530.5	203946.0	148.0	185.0	279.0	266.5	396.5	356.5	436.5	432.0	28173.5	91958.0	251.5	72179.0	38346.5	71155.0
Sphingobacteriales	2150.0	3893.5	22904.5	771.0	3111.5	29183.5	11102.5	757.0	14431.5	2816.0	32521.5	15319.5	130.5	18269.5	3411.5	2491.0	9118.5	15180.5	28369.5	10011.5	8262.5	120.5	10330.5	8628.5	113.5	20264.5	6155.0	7186.5	28970.5	6125.5	4718.5	20658.0	1623.0	25755.0	18741.5	19716.0	10295.0	27010.5	24491.5	37333.0	30933.5	43.5	39.5	50.0	44.0	57.5	56.5	75.5	76.0	5426.0	19216.0	57.0	25792.5	6026.5	8902.5
Dictyoglomales	43.0	167.0	712.0	18.0	80.5	1293.5	360.0	16.0	578.0	76.5	1143.0	275.0	3.0	705.5	25.0	16.5	156.5	638.5	1037.0	230.0	130.5	1.0	376.0	183.5	2.0	325.0	143.0	137.0	274.5	331.0	112.0	1054.5	95.5	663.0	881.5	786.0	360.0	833.5	689.0	1169.0	1724.5	2.0	2.5	2.0	3.0	3.0	3.0	3.0	3.0	90.0	716.5	1.0	94.5	307.0	146.0
Fusobacteriales	1408.5	10876.0	16625.5	460.5	1149.5	23216.0	18843.0	4982.5	17824.0	1777.0	17582.0	31358.5	109.5	8536.5	1521.0	1153.0	6136.0	3809.0	19678.0	4653.5	3795.5	66.0	13383.5	4442.0	83.0	11574.5	3894.0	4120.0	37935.0	3564.5	3623.0	8759.0	403.0	6708.0	4941.0	8806.5	4938.5	12030.5	10548.0	53674.0	31218.0	45.0	35.0	47.5	48.0	74.0	75.5	70.5	91.5	10803.0	10547.0	52.5	21233.0	5093.5	16483.5
Terriglobales	277.5	849.0	3975.5	138.0	468.5	7655.0	1841.5	139.0	20425.0	447.0	5387.5	1714.5	32.5	3591.5	170.5	189.5	920.5	3329.5	2906.0	1889.0	1177.5	30.0	1645.5	1243.0	15.0	2514.0	680.5	1038.0	2457.0	1045.5	2238.5	4898.0	401.5	2795.0	3426.5	4059.0	2252.0	4942.5	3288.0	6018.0	4682.0	3.5	4.0	9.5	8.0	8.0	13.5	15.5	15.5	511.5	3548.5	6.0	927.5	1349.0	3486.0
Rhodospirillales	2233.0	5181.0	30402.5	910.0	2471.0	31265.5	11877.5	1516.5	17452.5	3261.5	37896.0	53676.5	226.5	18312.5	8870.5	3007.0	9630.5	17291.0	24764.0	12601.5	7524.0	98.5	13766.5	9599.0	101.0	16921.0	5803.5	10126.0	21838.5	6442.0	7503.0	26663.0	1865.0	18902.0	18016.0	21399.5	13596.0	36436.0	23661.5	39407.5	38260.0	61.0	105.5	51.5	51.5	79.5	71.0	83.0	104.0	4731.0	19054.5	112.0	12056.5	8795.0	154211.0
Rhodobacterales	8567.5	21655.0	85319.0	2335.5	7249.0	108395.0	74178.5	5721.0	88505.0	11788.0	102966.0	87008.0	498.0	47759.5	7296.0	8445.0	41532.5	46805.0	164696.5	43633.0	34415.0	474.5	91800.5	32807.5	352.0	69089.5	28938.0	38204.5	96825.0	35053.0	25834.5	75576.5	6423.5	113438.5	48680.0	99767.0	42839.0	110354.0	113777.0	162863.5	230252.5	218.5	226.5	274.0	242.5	386.5	298.5	415.5	397.5	37232.0	76695.5	323.5	170820.0	46147.5	88987.5
Sphingomonadales	24237.5	49544.0	259835.5	8131.0	18808.0	337265.5	117533.5	10054.5	211763.5	34400.5	347924.0	140537.0	1282.5	178227.5	18170.5	24034.0	88299.5	174724.0	255501.0	118287.0	70036.5	1084.5	147494.5	97539.0	1089.0	221480.5	63009.0	70693.5	275124.5	85083.0	62226.0	235436.5	23118.0	230607.5	181122.5	220682.5	165202.0	279596.0	236422.0	525414.5	454748.5	472.0	498.0	651.0	651.0	939.0	765.5	1023.5	1062.0	88915.5	285087.0	638.0	84390.0	90594.5	257127.5
Caulobacterales	16666.0	29512.5	172718.5	4766.5	13617.5	171726.0	53294.5	8323.0	121841.0	16566.5	189700.0	77162.5	648.0	96809.5	14092.0	9721.0	75352.0	73849.5	213319.0	65548.0	51649.5	744.5	101468.5	46637.0	498.0	115473.5	31835.5	35784.0	174203.5	33900.0	24100.5	108943.5	14067.5	122324.5	80786.5	109621.0	61181.5	133184.0	102291.5	245624.5	230254.0	303.5	301.5	346.0	284.0	443.5	406.5	473.5	524.0	25623.0	126334.5	443.5	251291.0	45999.0	103990.5
Neisseriales	5632.0	253798.0	61961.5	2202.5	15114.0	109597.0	28778.5	9515.5	58876.0	10136.5	127174.0	75238.5	662.0	54112.5	6201.5	4563.5	48543.0	47843.0	55828.5	28657.0	20500.5	310.5	45552.5	24517.5	344.5	80987.5	17011.0	23496.0	84829.5	21873.5	18256.5	69706.0	5661.5	46101.5	54514.5	64148.0	41873.5	88056.0	65935.5	189259.5	107081.0	135.5	156.0	220.0	183.5	289.5	278.0	332.5	319.0	17700.5	77608.5	173.0	38736.0	24154.0	88575.5
Rhodocyclales	2100.5	5186.5	23894.5	915.5	4983.5	39672.0	10822.0	684.0	22528.5	3579.0	44841.5	14748.0	139.5	22189.5	1978.0	3157.0	9091.5	21788.0	36359.0	11374.5	7009.5	135.0	14571.0	8600.0	126.5	26706.0	6103.0	8017.5	24331.5	7419.5	6600.0	30269.0	2708.5	17939.0	26195.5	24127.0	13340.5	33392.0	30990.5	47636.0	58057.0	47.0	55.0	84.5	64.0	99.0	85.0	114.0	99.5	5969.5	28226.5	59.0	18043.5	9349.0	26359.5
Desulfurellales	78.0	222.5	969.0	42.0	121.5	2173.5	544.5	10.5	598.0	158.5	2812.5	588.5	4.0	939.0	52.5	67.0	239.0	1113.0	593.0	710.5	466.0	5.0	349.5	413.5	4.0	1042.5	161.0	228.5	762.5	341.5	251.5	1893.0	73.5	994.5	1958.0	1425.0	848.5	1690.0	1481.5	2205.5	1785.0	1.0	2.5	3.0	2.0	5.0	2.5	5.0	7.5	183.0	1466.5	0.0	136.5	353.5	560.0
Desulfovibrionales	397.0	1016.5	5001.0	206.0	1237.0	8650.5	2618.0	156.5	4688.0	677.5	8761.0	2903.5	25.5	5568.5	309.0	365.0	1710.5	4476.0	6297.0	2243.0	1939.5	26.5	2405.0	1846.5	30.0	3964.0	1379.5	1465.5	3680.5	1459.5	1507.0	7310.5	512.5	4067.5	5088.0	5948.0	2771.5	7830.5	5032.0	10135.0	7603.0	12.0	21.0	16.0	12.0	19.5	16.0	18.0	18.0	900.5	5118.5	22.0	2527.5	1736.0	22586.0
Desulfobacterales	148.0	417.5	1771.0	73.5	492.5	3368.5	874.0	50.0	1326.5	276.0	3440.5	1078.0	8.5	1820.0	127.0	96.5	479.5	2028.5	2091.5	1103.0	661.0	13.0	925.5	570.0	15.5	1808.0	384.5	492.0	1558.5	790.5	566.5	2611.0	312.0	1665.0	1997.0	2080.5	1051.5	2952.5	1880.0	4539.5	2828.5	1.5	5.0	6.0	4.5	4.5	3.0	12.0	11.0	410.0	1956.0	2.0	418.5	724.0	1459.0
Syntrophobacterales	64.5	139.0	884.0	25.5	163.0	1406.5	382.5	22.5	576.0	103.5	1423.5	471.5	4.5	703.0	66.0	118.0	233.0	701.0	803.5	427.0	338.5	4.0	417.5	256.0	4.5	532.0	140.0	227.0	454.0	216.5	340.0	1111.0	93.0	731.0	948.0	897.5	422.0	1102.5	745.0	1672.5	1285.0	2.0	1.0	2.0	2.0	3.0	2.0	2.0	2.0	208.5	1104.5	6.0	302.0	403.5	618.0
Bdellovibrionales	897.5	1962.0	12857.0	360.5	22866.5	15689.5	3313.0	298.5	9077.5	1399.0	16988.0	5340.0	59.0	9392.0	1033.5	700.0	3041.0	8702.0	10455.5	5664.0	3325.0	51.5	5535.5	3811.0	60.0	7606.0	2474.0	2526.0	16428.0	2408.5	2325.0	11582.5	905.5	9231.5	10653.5	10174.0	7149.5	13679.5	9679.5	20536.5	18690.5	27.0	11.5	35.0	22.0	34.5	39.5	41.5	48.0	1672.0	11065.5	24.5	2396.0	3675.5	5541.5
Campylobacterales	690.0	4513.0	9009.5	430.0	1506.5	17403.5	5296.5	448.0	8829.0	1309.0	17355.0	11149.5	52.0	8504.5	595.5	562.0	3599.0	8184.5	10331.5	4763.0	2633.5	54.0	6152.0	3930.0	34.0	6795.0	1980.5	3784.0	9020.0	3395.0	2848.0	13572.5	1100.0	8310.0	8972.5	9984.5	6600.0	14473.0	9671.0	17086.5	16661.5	14.0	14.0	26.0	24.0	38.0	35.0	49.0	33.0	2824.5	11011.0	16.5	3110.0	3815.5	6534.5
Fibrobacterales	31.0	106.0	907.5	23.0	118.5	1032.5	187.0	30.0	483.5	69.0	868.5	387.0	3.0	677.5	19.0	26.5	120.5	977.0	598.5	496.5	150.5	3.0	353.0	183.5	4.0	423.0	114.0	131.5	335.0	154.5	106.5	599.0	70.0	770.0	651.5	561.0	423.5	744.0	525.5	2250.5	826.5	2.0	1.0	3.0	2.0	0.0	2.0	4.0	3.0	36.0	1027.0	0.0	105.0	241.0	173.5
Gemmatimonadales	421.0	758.5	3269.5	136.0	400.0	6894.5	1974.0	233.0	4905.5	828.0	6015.0	2294.0	22.5	3093.5	219.0	1029.5	1505.5	3019.5	4072.5	2480.0	1462.0	23.0	1885.0	1817.5	24.0	3967.0	1198.5	1382.5	3708.5	1379.5	1719.0	3875.5	303.0	4213.5	2570.5	3791.5	2123.0	5217.0	3537.0	8850.0	9826.5	8.0	5.0	16.0	4.0	26.5	18.0	17.0	28.0	1250.5	3742.5	15.0	2934.0	1264.0	3761.5
Candidatus Procaibacterales	64.0	177.5	963.5	41.0	122.0	1623.5	374.5	75.5	681.0	229.5	1585.0	544.0	5.0	1034.5	58.0	84.0	180.0	1183.5	772.0	555.5	314.0	3.0	545.5	359.5	4.0	744.0	188.0	307.0	616.0	379.5	234.5	1278.5	142.0	723.0	1332.5	1100.5	527.5	1496.0	1435.0	1587.5	1387.5	0.0	2.0	7.0	1.0	2.0	3.0	2.0	4.5	77.0	910.0	1.5	195.0	338.5	801.5
Acidithiobacillales	317.0	412.5	3800.5	207.5	725.5	4271.0	1310.0	98.0	3886.0	372.0	5105.0	3231.5	21.0	2240.0	631.5	959.5	755.5	2439.0	3151.5	1458.5	879.0	15.5	1632.0	1030.0	8.5	1918.0	795.5	1980.5	2140.5	683.5	683.5	2899.0	263.0	2159.0	2493.0	2395.5	1376.0	5026.0	3268.0	4480.0	5842.5	8.0	7.5	8.0	13.5	9.0	9.0	12.0	13.0	669.5	3801.5	12.5	1181.0	1013.5	4311.0
Nautiliales	28.0	75.0	386.0	12.5	53.0	754.0	163.0	16.5	271.5	63.5	674.5	198.5	1.0	570.5	26.0	23.0	123.5	397.0	443.5	211.5	117.5	2.0	180.0	152.5	3.0	372.0	45.0	70.5	282.0	157.5	65.5	839.0	79.5	423.0	413.0	476.5	211.5	534.5	358.0	564.5	623.5	0.0	0.0	0.0	2.0	2.0	0.0	1.0	0.0	115.0	468.5	1.0	171.0	176.5	200.0
Parvularculales	29.5	68.0	482.0	7.0	22.0	658.5	238.0	18.5	197.0	45.0	633.0	220.5	4.5	337.0	45.5	24.0	101.0	324.5	455.0	269.5	138.5	0.0	382.0	109.0	0.0	180.5	179.0	128.0	482.5	67.5	146.0	474.0	87.0	602.0	390.5	347.0	187.0	489.5	393.5	727.5	711.5	0.5	0.0	0.0	0.0	0.0	0.0	0.0	2.0	101.5	432.5	0.0	105.5	135.0	188.0
Lentisphaerales	4.0	2.0	1.0	0.0	0.0	16.0	0.0	0.0	3.0	2.0	9.0	79.5	0.0	7.0	0.0	0.0	0.0	5.0	0.0	2.0	0.0	0.0	0.0	0.0	0.0	11.0	7.0	0.0	9.0	15.0	4.0	47.0	0.0	6.0	7.0	2.0	12.0	2.0	14.0	0.0	1.0	0.0	0.0	0.0	0.0	0.0	0.0	0.0	0.0	0.0	1.0	0.0	0.0	0.5	0.0
Victivallales	14.5	66.0	176.5	9.0	46.5	621.5	123.5	7.0	246.0	27.0	309.0	140.0	2.0	252.5	8.0	15.5	73.0	260.0	299.0	106.5	42.0	1.0	144.0	80.0	0.0	131.0	57.0	37.0	154.0	67.5	236.0	574.0	100.0	200.5	250.5	1049.0	138.5	1006.0	220.0	515.0	296.0	1.0	0.5	0.0	0.0	0.0	1.0	2.0	0.0	76.5	235.5	1.0	108.0	102.5	142.0
Anaerolineales	75.0	139.5	812.5	38.0	156.0	1598.0	339.5	46.5	701.5	133.5	1570.5	825.5	5.0	822.0	21.0	64.5	363.0	839.0	655.0	324.5	298.0	2.5	363.0	335.0	4.0	925.5	198.0	240.5	746.5	254.5	433.5	1176.5	60.0	785.0	788.5	1012.5	603.0	1239.0	688.5	2008.5	1415.5	1.0	0.0	1.0	3.0	4.0	0.0	4.0	2.0	161.5	985.5	3.0	438.0	333.5	971.0
Gloeobacterales	65.0	123.5	728.5	17.0	80.0	1123.0	445.0	30.5	586.0	113.5	1249.0	431.5	3.0	636.5	43.0	40.5	314.5	588.0	723.0	254.0	208.0	4.0	463.0	240.0	2.0	599.5	241.0	168.5	669.0	296.0	151.0	1043.0	77.0	765.0	566.5	710.0	548.5	830.5	856.0	1164.0	3173.0	0.0	2.5	0.0	3.5	3.0	3.0	3.0	5.0	190.0	733.5	0.0	267.0	259.5	322.5
Bryobacterales	126.5	160.0	854.5	49.5	101.0	2072.0	436.0	44.5	713.0	139.5	1766.5	342.5	4.0	751.0	107.5	48.5	336.5	825.5	1335.0	334.5	277.5	3.5	604.5	335.0	6.0	684.5	164.0	277.5	543.5	274.0	1188.5	1114.0	115.5	829.5	998.0	917.5	591.0	1312.5	823.0	2200.0	1212.5	1.0	2.5	1.5	3.0	2.5	4.0	3.5	4.0	244.5	1018.0	1.0	242.5	330.0	413.0
Kordiimonadales	4.5	10.5	131.0	1.5	12.0	91.5	56.0	1.0	33.5	2.0	124.0	52.5	0.0	52.5	19.0	51.5	14.5	54.0	113.0	99.5	25.5	0.0	24.5	15.5	0.0	65.0	5.5	31.5	81.0	21.0	15.5	77.5	19.5	36.5	49.5	86.0	36.5	123.0	78.5	137.5	29.0	0.0	0.0	0.0	0.0	0.0	0.0	0.0	1.5	40.5	75.0	0.0	14.0	17.0	58.5
Ktedonobacterales	14.5	60.0	368.5	9.5	12.5	382.0	218.0	7.5	239.0	29.5	327.0	138.0	1.5	190.5	14.0	8.0	68.0	190.0	304.5	132.5	91.5	4.5	205.5	110.0	1.0	160.5	50.0	101.5	202.0	82.5	75.5	346.0	8.5	203.5	232.0	212.5	134.5	342.5	235.5	578.5	561.0	0.0	1.0	1.0	0.5	2.0	1.0	0.5	3.0	78.0	392.5	0.0	119.5	130.0	92.5
Catenulisporales	126.5	212.0	1048.5	20.0	302.0	1833.0	820.0	164.5	3085.0	210.0	1066.5	899.5	6.5	675.0	122.5	308.0	727.0	437.5	1690.5	767.0	370.5	7.5	698.0	631.5	5.0	1420.5	439.5	322.0	1316.0	816.5	406.0	979.5	50.0	870.5	493.0	872.0	578.5	991.5	1207.0	2230.5	1378.5	3.5	2.5	4.0	2.0	3.0	2.0	4.0	4.0	514.0	1446.0	4.0	1072.0	900.0	1894.5
Opitutales	622.0	1266.0	8048.5	239.5	617.5	11324.5	2839.5	254.0	6431.5	840.0	10868.5	3592.5	37.0	6273.0	525.0	471.0	1884.5	6116.0	11222.0	3459.5	2535.0	39.0	13285.0	2460.5	27.5	5400.5	3046.0	1704.5	5231.0	2919.0	1981.5	7772.5	751.5	5954.0	6172.5	6440.5	3780.0	9452.5	7027.0	15885.0	10945.5	12.0	10.0	18.0	12.0	24.5	27.0	33.5	38.5	2284.0	10470.5	20.5	2518.5	2897.5	4594.0
Puniceicoccales	25.0	114.5	274.0	8.0	41.0	460.5	162.5	10.0	237.5	30.0	564.0	197.5	2.0	184.0	21.0	15.5	105.5	240.0	424.5	166.5	134.5	3.0	399.5	92.0	3.0	361.0	104.5	80.0	211.5	189.0	220.5	341.5	51.5	230.5	299.0	357.0	230.5	493.5	234.0	841.0	492.0	0.0	0.0	0.0	1.0	1.0	0.0	0.0	2.0	76.0	327.0	1.0	72.0	99.0	333.5
Desulfarculales	18.0	62.5	138.5	11.5	39.5	328.5	101.5	1.5	132.0	30.0	329.5	73.5	1.0	220.0	8.0	9.0	54.5	156.5	198.0	149.0	131.0	1.0	102.0	79.0	3.5	221.0	65.0	44.0	266.0	41.0	117.5	311.5	28.0	205.5	239.0	325.5	118.0	371.0	222.5	450.0	268.5	0.0	0.0	1.0	0.0	3.0	1.0	0.0	2.0	68.5	221.5	1.0	15.0	86.5	294.5
Thermolithobacterales	2.5	1.0	14.5	0.5	3.0	18.0	5.0	0.0	8.0	5.0	38.0	4.0	0.0	6.5	0.0	3.0	5.0	9.0	47.0	7.0	0.0	0.0	13.0	13.5	0.0	0.0	0.0	0.0	0.0	4.5	1.0	7.0	11.0	13.5	19.0	19.0	10.5	8.0	22.0	44.5	23.5	0.0	0.0	0.0	0.0	0.0	0.0	0.0	0.0	14.5	11.0	0.0	0.0	14.0	26.0
Haloplasmatales	0.0	0.0	0.0	0.0	0.0	0.0	0.0	0.0	4.0	0.0	1.0	1.0	0.0	2.0	0.0	0.0	0.0	0.0	0.0	0.0	0.0	0.0	0.0	4.0	0.0	0.0	2.0	0.0	0.0	0.0	0.0	9.0	0.0	0.0	0.0	0.0	0.0	2.5	1.0	7.0	0.0	0.0	0.0	0.0	0.0	0.0	0.0	0.0	0.0	0.0	0.0	0.0	0.0	0.0	0.5
Caldilineales	88.5	254.0	584.5	25.0	71.5	1431.5	636.5	41.5	679.0	127.5	890.0	609.0	2.0	760.0	55.5	97.5	232.5	580.0	648.5	774.5	187.5	2.5	381.5	349.5	9.0	1140.5	159.0	325.0	1038.5	288.5	663.5	938.5	101.0	558.5	762.5	814.5	395.5	1426.5	693.0	1362.5	876.0	1.0	0.0	1.0	3.0	1.0	2.0	3.5	8.0	187.5	767.0	1.5	179.5	216.0	460.0
Natranaerobiales	34.5	34.5	263.0	9.0	26.0	405.0	101.0	25.0	137.5	19.5	561.0	139.0	1.0	173.5	18.0	24.0	49.5	146.0	262.0	55.5	25.0	2.0	77.5	64.5	0.0	170.5	46.5	76.5	136.5	95.5	72.0	347.5	28.0	200.0	219.0	236.5	116.5	245.0	303.5	327.5	451.0	0.0	0.0	2.0	0.0	0.0	2.0	0.0	2.0	47.5	234.0	2.0	137.5	93.5	279.5
Sneathiellales	0.0	1.0	26.0	0.0	0.0	19.5	3.0	0.0	0.0	1.0	15.0	7.5	0.0	18.5	1.0	3.0	0.0	6.5	16.5	13.0	1.0	0.0	8.0	3.0	0.0	15.5	1.0	0.0	1.0	2.0	0.0	20.0	1.0	19.0	28.0	7.0	10.5	10.0	28.0	3.0	32.5	0.0	0.0	0.0	0.0	0.0	0.0	0.0	0.0	0.5	1.0	0.0	0.0	2.0	1.0
Erysipelotrichales	238.5	4134.5	2455.0	167.5	1344.5	5821.5	1740.0	1853.0	4748.5	555.0	6491.5	30203.0	30.0	3587.0	469.0	203.5	1132.5	3299.5	4325.5	1233.5	8836.5	25.0	1914.5	1177.5	12.5	2461.0	1014.0	1043.5	5432.5	1560.0	1271.5	7984.0	237.5	9536.5	14547.5	37367.0	1875.0	4655.0	4388.5	7066.0	22806.0	11.0	10.0	11.5	13.0	32.5	26.0	27.5	33.5	1075.0	5777.0	16.0	2014.0	1294.5	4410.0
Acanthopleuribacterales	0.0	0.0	0.0	0.0	0.0	0.0	0.0	0.0	0.0	0.0	0.0	0.0	0.0	0.0	0.0	0.0	0.0	5.0	0.0	0.0	0.0	0.0	1.0	0.0	0.0	0.0	0.0	0.0	0.0	0.0	0.0	0.0	0.0	0.0	0.0	0.0	0.0	0.0	0.0	1.0	0.0	0.0	0.0	0.0	0.0	0.0	0.0	0.0	0.0	0.0	0.0	0.0	0.0	0.0	0.0
Holophagales	53.0	141.0	696.5	59.0	93.0	1700.5	459.5	29.5	624.0	130.5	1308.0	340.5	4.0	787.5	33.0	51.5	268.0	763.5	795.0	467.5	255.0	3.0	490.0	272.5	4.5	532.5	201.0	524.5	506.0	271.5	206.5	1070.5	80.0	708.0	795.5	725.5	390.0	1047.5	768.5	1399.0	1014.5	1.0	1.5	0.0	1.0	2.0	2.0	4.0	2.0	143.0	861.0	0.5	141.0	196.5	1090.5
Mariprofundales	23.5	26.5	185.0	6.5	43.5	348.0	70.5	9.0	76.5	17.0	307.5	144.0	0.0	196.5	26.5	45.0	47.5	173.0	169.5	97.5	34.5	1.0	109.0	61.5	2.0	183.0	25.0	54.5	191.5	65.5	90.0	240.0	27.0	124.0	194.0	150.0	131.0	253.5	178.0	349.0	290.5	1.0	0.0	0.0	0.0	1.0	0.5	1.0	0.0	30.0	150.5	1.0	63.0	43.5	40.5
Solirubrobacterales	274.5	304.5	3194.5	75.0	260.5	2837.5	1733.5	544.0	1953.5	480.5	2659.0	3751.0	32.0	1693.5	224.5	240.0	1760.5	1591.0	3490.5	2263.5	2004.0	15.5	1409.0	2551.0	11.0	1919.0	807.5	1175.0	3298.5	803.0	665.5	1850.5	157.5	2363.5	1641.0	2076.0	1251.5	2885.5	2589.5	6252.5	5205.5	13.0	18.5	9.5	6.5	10.0	3.0	16.0	12.5	1294.0	2859.0	12.0	1804.0	1009.0	16254.5
Thermoleophilales	5.0	15.5	49.5	1.0	3.0	92.5	25.0	2.0	40.0	28.5	84.5	93.5	0.0	40.0	4.0	0.0	10.0	14.0	143.0	25.0	5.0	0.0	99.5	59.5	0.0	8.0	18.0	13.0	2.5	4.0	8.5	42.5	0.0	5.0	30.0	65.5	8.0	187.5	80.0	51.0	94.0	0.0	0.0	0.0	0.0	0.0	0.0	1.0	0.0	15.0	25.5	1.0	36.0	36.5	157.5
Nitriliruptorales	0.5	0.0	33.5	0.0	0.5	16.0	0.0	7.0	39.5	3.0	14.0	19.5	0.0	17.0	0.0	2.0	9.0	5.0	61.0	5.0	1.0	0.0	0.0	6.0	0.0	6.0	7.0	19.0	0.0	10.0	16.0	11.0	0.0	17.0	2.0	5.0	10.0	23.0	12.0	69.0	41.0	0.0	0.0	0.0	0.0	0.0	0.0	0.0	0.0	88.0	9.5	0.5	0.0	30.0	16.0
Actinopolysporales	35.0	121.0	402.0	21.0	40.5	809.5	424.5	57.5	384.5	75.5	593.0	410.0	1.5	390.0	40.5	41.0	214.0	345.0	1136.5	163.5	182.0	1.0	259.0	144.0	5.0	462.5	133.5	216.0	692.5	312.5	121.0	548.0	59.5	793.5	433.5	480.5	249.0	737.0	587.5	1169.0	1068.0	0.0	0.0	1.0	0.0	3.0	1.0	2.0	1.5	213.0	646.5	0.0	361.0	218.5	572.5
Kineosporiales	468.5	782.5	2537.0	227.0	3163.5	6628.0	4640.0	450.0	4035.0	686.5	4952.5	4673.0	27.5	2554.0	351.0	444.5	2413.0	1653.5	5302.5	5988.5	1217.0	22.5	2708.0	2683.0	21.0	4837.5	1108.5	1160.5	5882.5	2816.5	2202.0	2740.0	209.0	4092.0	1786.0	5245.5	1586.5	5382.0	4900.5	7020.0	16956.0	9.5	16.5	11.5	9.5	23.0	23.0	32.5	15.5	2489.5	4506.5	16.5	4135.5	2234.0	6682.0
Elusimicrobiales	13.0	43.0	277.0	7.0	20.0	334.0	86.5	1.5	100.5	41.0	281.0	100.5	0.0	222.0	9.0	12.5	26.5	165.5	215.5	80.0	75.0	0.0	118.0	59.0	0.0	178.5	54.5	7.0	162.0	79.0	30.0	326.0	75.0	141.5	164.0	227.0	113.5	195.5	159.0	547.0	372.5	0.0	1.0	0.0	0.0	0.0	2.0	2.0	2.0	30.0	223.0	1.0	9.0	83.0	90.0
Synergistales	79.5	302.0	868.0	39.0	383.0	2177.0	899.0	27.5	708.0	159.0	2296.0	959.0	7.0	1321.5	77.5	123.0	372.5	983.0	953.5	694.5	333.0	8.0	695.0	458.5	7.5	1069.0	226.0	301.5	858.5	503.0	375.0	1704.0	155.5	946.5	1200.0	1361.0	683.5	2031.5	1132.0	2329.0	3892.0	0.5	3.0	4.0	5.0	6.0	5.0	5.0	11.5	258.0	1146.5	1.0	190.5	430.0	702.5
Phycisphaerales	59.5	69.5	527.0	17.0	60.5	835.5	481.5	51.5	347.0	82.0	1146.5	256.0	2.5	509.0	25.0	18.5	156.0	508.0	968.5	276.0	96.0	4.0	280.5	128.5	4.0	255.5	114.0	136.5	511.5	163.0	508.0	706.5	52.0	338.5	446.0	612.5	369.5	672.0	430.0	1156.5	511.0	0.0	0.0	3.0	0.0	2.0	3.0	2.0	0.5	58.0	647.0	0.0	50.5	97.0	356.5
Caldisericales	6.0	15.5	105.0	5.0	14.5	163.5	28.0	0.0	24.0	2.0	136.0	36.5	1.0	79.5	2.0	1.0	28.0	94.5	77.5	67.5	9.0	0.0	68.0	17.5	2.0	92.5	13.0	18.0	126.0	40.5	55.0	145.5	9.0	76.5	77.5	80.0	51.0	162.5	67.0	242.5	208.5	0.0	0.0	0.0	0.0	0.5	0.0	0.5	0.5	16.0	111.0	0.0	13.5	44.0	26.5
Ferritrophicales	0.0	0.0	0.0	0.0	0.0	0.0	0.0	0.0	0.0	0.0	0.0	0.0	0.0	2.0	0.0	0.0	0.0	4.0	0.0	0.0	0.0	0.0	0.0	0.0	0.0	0.0	0.0	0.0	0.0	0.0	0.0	0.0	0.0	0.0	0.0	0.0	0.0	9.0	0.0	0.0	0.0	0.0	0.0	0.0	0.0	0.0	0.0	0.0	0.0	0.0	0.0	0.0	0.0	0.0	0.0
Methylacidiphilales	24.5	58.0	311.5	13.0	42.0	561.5	181.0	3.0	189.5	38.5	547.5	154.0	3.0	320.5	24.5	43.0	84.5	264.0	184.5	98.5	147.0	2.0	401.0	147.5	2.0	274.0	100.5	89.5	235.0	95.0	105.5	647.0	58.0	297.5	394.5	351.0	249.5	426.5	366.5	898.5	460.0	1.0	0.0	1.0	0.5	3.5	4.0	1.0	1.0	59.5	361.0	0.5	28.5	150.0	100.5
Salinisphaerales	12.5	42.5	527.5	18.0	27.0	324.0	122.5	15.0	120.0	15.5	352.5	106.0	2.0	142.5	7.5	22.0	88.5	196.0	219.5	89.5	32.0	3.0	142.0	89.0	0.0	866.0	97.5	36.5	233.0	171.5	57.0	238.5	15.0	161.0	220.5	202.5	108.5	222.5	223.5	386.0	224.5	0.0	0.5	1.0	1.0	0.0	0.0	1.0	0.0	40.0	224.5	1.5	25.5	86.0	386.0
Cytophagales	9707.5	17994.0	101415.0	3620.5	18869.5	178778.5	40843.5	4083.0	90632.0	15100.0	142925.5	84389.5	511.0	77724.5	6049.5	7175.0	31550.0	77390.5	100549.5	51622.5	36643.5	525.0	58840.0	44597.0	474.5	81695.0	23387.0	34781.0	129584.5	67660.0	29764.5	152906.5	7964.5	117053.5	88930.0	111047.0	55948.5	165269.0	98641.0	193531.5	159921.0	206.5	202.5	287.5	250.0	370.0	319.5	420.5	405.0	44800.5	107895.0	315.5	56308.0	36305.0	68973.5
Thermogemmatisporales	3.0	11.0	82.0	6.5	10.0	189.0	48.0	2.0	98.0	6.0	84.0	67.0	0.0	60.0	0.0	4.0	18.0	77.0	76.5	43.0	37.5	0.0	22.5	23.0	0.0	18.5	25.0	18.0	50.0	10.0	2.5	95.5	12.0	42.0	114.5	84.5	51.5	276.0	56.5	176.0	67.0	0.0	0.0	0.0	1.0	0.0	0.0	1.0	0.0	0.0	101.0	0.0	0.0	14.5	60.0
Ignavibacteriales	56.5	77.5	464.0	10.5	66.5	604.0	151.5	9.0	330.0	69.0	591.5	217.5	0.0	305.5	15.0	40.0	91.0	248.5	337.5	139.0	106.0	1.0	214.5	82.0	1.0	395.5	84.0	54.0	237.5	153.0	136.0	593.0	17.0	224.5	369.5	374.0	201.0	494.0	286.5	974.5	676.5	0.0	1.5	4.0	1.0	1.0	1.0	1.0	2.0	97.0	289.5	0.5	164.5	218.0	223.0
Euzebyales	103.5	126.5	574.0	20.0	49.0	911.5	479.5	37.0	399.5	72.0	523.5	449.5	6.5	225.5	28.5	57.0	342.5	344.0	955.0	311.5	85.5	2.0	234.5	378.5	3.0	422.0	235.5	476.5	1839.0	406.0	84.0	445.0	35.0	613.0	310.0	275.0	168.5	673.0	709.5	2495.0	1030.5	1.0	2.5	3.5	1.5	3.0	1.5	4.5	2.0	601.0	768.5	1.5	245.0	142.0	2400.0
Selenomonadales	373.5	1546.5	11611.0	234.5	432.5	9006.5	10853.0	283.0	3308.5	631.5	10356.0	13159.0	77.0	3194.0	357.0	313.5	2618.0	2628.0	4427.5	2553.5	2355.5	18.0	2260.5	6744.5	24.5	5185.0	1094.5	1935.5	5575.5	1055.5	2199.0	5478.0	416.0	3897.5	3273.0	4738.0	2279.0	7175.0	5038.5	11533.0	13316.0	10.0	11.0	17.0	27.0	22.5	15.5	34.0	24.0	1898.0	4243.5	19.0	3072.0	4809.0	5235.0
Armatimonadales	5.0	0.5	48.5	0.0	4.0	76.0	14.5	1.0	19.5	1.0	61.5	20.5	0.0	33.5	5.0	6.0	3.0	28.0	23.5	25.0	2.5	0.0	6.5	7.5	0.0	1.0	18.0	15.0	39.0	12.0	5.5	50.0	0.0	41.0	41.5	66.0	18.5	45.5	39.0	116.5	113.5	0.0	0.0	0.0	0.0	0.0	0.0	0.0	0.0	0.0	57.0	0.0	0.5	0.0	47.0
Chthonomonadales	50.5	89.0	319.5	7.0	41.5	620.0	73.5	20.0	185.0	73.0	616.5	229.0	1.0	296.5	11.5	41.5	104.5	372.0	211.0	200.5	107.5	2.0	146.5	124.0	2.0	258.0	61.5	73.0	449.5	112.5	174.5	581.5	57.0	342.5	451.5	359.5	247.0	485.5	408.5	567.5	517.0	0.0	0.0	1.0	2.0	0.0	0.0	1.0	1.0	8.0	460.0	3.5	122.5	176.0	119.5
Candidatus Brocadiales	38.5	140.5	917.5	26.5	63.0	1393.5	287.0	15.0	453.5	82.0	1321.5	372.5	2.0	936.0	27.0	33.0	120.5	980.0	636.5	299.0	139.0	4.0	300.5	234.0	4.5	581.0	101.5	146.5	459.0	252.0	291.0	1030.0	92.0	435.0	852.0	757.5	430.0	887.0	769.5	1319.5	766.5	2.0	0.0	4.0	2.0	3.0	5.0	2.0	3.0	54.0	654.0	1.0	202.5	196.0	98.0
Gaiellales	2.0	1.5	2.0	2.0	2.0	5.0	3.0	0.0	0.5	0.0	5.5	7.0	0.0	7.0	1.5	2.0	17.0	6.0	44.0	0.0	7.0	0.0	2.0	6.0	0.0	1.0	4.0	0.0	0.0	0.0	0.0	5.0	0.0	13.0	8.0	7.0	0.0	8.0	20.5	0.0	0.0	0.0	0.0	0.0	0.0	0.0	0.0	0.0	0.0	1.0	12.0	0.0	2.0	18.0	0.0
Magnetococcales	37.0	124.5	541.5	25.0	79.0	791.0	205.5	12.5	330.0	101.5	824.0	286.5	0.0	478.0	35.0	18.5	148.0	490.5	450.0	287.5	146.5	2.0	350.5	142.0	0.0	261.0	89.0	118.0	351.0	150.5	173.5	608.5	80.0	466.0	532.5	703.0	267.5	514.0	466.0	945.5	837.5	1.0	2.5	1.0	1.5	1.0	1.0	4.0	5.0	86.0	490.0	0.0	173.0	72.0	349.5
Dehalococcoidales	37.0	77.0	781.5	26.0	58.0	915.5	214.5	9.5	432.5	70.0	703.5	293.0	4.0	506.5	41.0	24.0	160.5	573.0	382.5	203.5	159.5	0.0	278.5	164.5	1.0	368.0	99.0	46.5	481.0	145.0	229.5	662.0	78.0	440.5	527.0	441.5	334.5	668.5	339.5	1283.0	654.5	0.5	4.0	0.0	0.0	2.0	2.0	1.0	1.0	67.5	471.0	3.0	187.5	242.5	605.0
Jiangellales	147.5	197.5	592.5	29.0	98.5	1345.0	1107.5	188.5	1607.0	178.0	1268.0	908.0	6.5	520.0	85.0	119.5	448.0	373.5	1490.5	792.0	387.0	4.0	608.0	643.5	5.5	1407.0	319.5	389.0	1875.0	1859.0	379.5	741.5	39.5	763.5	384.0	853.5	491.0	1604.5	1022.0	3457.5	3259.0	4.5	3.5	2.0	6.5	4.5	10.0	8.5	6.0	481.5	1520.5	6.0	1409.0	541.5	2186.5
Orbales	16.5	57.5	153.0	15.0	28.0	190.5	28.5	4.0	78.0	14.5	311.0	127.0	1.0	175.0	5.5	15.5	37.0	103.0	424.0	58.5	22.0	1.0	77.0	79.0	1.0	87.5	66.0	96.0	106.5	277.5	51.5	256.5	18.0	68.5	138.5	166.0	77.0	179.0	90.5	211.5	178.5	0.0	0.0	0.0	0.0	0.0	0.0	0.5	1.0	20.5	130.5	0.0	31.5	25.0	68.0
Nitrospinales	9.0	15.0	84.0	2.0	37.0	151.0	38.5	2.5	97.5	10.0	115.0	66.0	0.5	129.0	5.5	4.0	37.0	103.5	84.0	86.0	29.5	0.0	50.0	54.0	0.0	102.0	39.0	36.0	62.0	14.0	28.0	142.5	11.0	101.5	105.0	126.0	27.0	144.0	108.5	235.0	161.0	0.0	1.0	0.0	0.0	0.0	0.0	0.0	0.0	12.0	162.5	0.0	47.5	8.5	56.5
Oligosphaerales	0.0	0.0	0.0	0.0	0.0	2.0	0.0	0.0	0.0	0.0	0.0	0.0	0.0	0.0	0.0	0.0	0.0	1.5	0.0	1.0	0.0	0.0	0.0	0.0	0.0	0.0	0.5	0.0	0.0	14.0	0.0	1.0	0.0	0.0	2.0	0.5	0.0	0.0	0.0	0.0	1.0	0.0	0.0	0.0	0.0	0.0	0.0	0.0	0.0	0.0	0.0	0.0	0.0	0.0	0.0
Ardenticatenales	0.0	0.0	0.0	0.0	0.0	0.0	0.0	0.0	0.0	0.0	0.0	0.0	0.0	0.0	0.0	0.0	0.0	0.0	0.0	0.0	0.0	0.0	0.0	0.0	0.0	0.0	0.0	0.0	0.0	22.0	0.0	0.0	0.0	0.0	0.0	0.0	0.0	0.0	0.0	0.0	0.0	0.0	0.0	0.0	0.0	0.0	0.0	0.0	0.0	0.0	6.0	0.0	0.0	0.0	0.0
Candidatus Actinomarinales	13.0	27.5	174.0	6.0	33.5	353.5	122.5	0.5	112.5	27.0	177.0	152.0	2.0	119.5	3.0	7.0	31.0	147.0	245.0	88.0	77.0	1.0	66.0	59.0	1.0	97.0	38.5	70.0	115.5	96.0	43.5	273.5	21.0	154.5	141.0	205.5	167.5	242.5	223.0	192.0	244.5	1.0	1.0	0.0	1.0	1.0	2.0	0.0	0.0	44.0	322.0	0.0	57.0	163.5	66.0
Ferrovales	0.0	3.0	7.0	0.0	1.5	25.5	0.0	0.0	4.0	2.0	9.0	6.0	0.0	2.0	2.0	0.0	3.5	5.0	5.0	2.5	3.0	0.0	2.0	4.5	0.0	12.0	0.0	1.0	18.0	0.0	0.5	12.5	1.0	1.0	17.0	4.5	2.5	21.0	5.5	44.0	6.0	0.0	0.0	0.0	0.0	0.0	0.0	0.0	0.0	1.0	2.0	0.0	3.0	1.0	73.0
Desulfurobacteriales	8.5	22.0	145.5	6.0	15.0	242.0	76.5	8.5	64.0	17.5	223.0	167.0	0.0	120.0	22.0	9.0	78.0	90.0	204.5	50.5	41.5	0.0	113.5	63.0	1.0	93.0	36.5	25.5	106.5	60.5	73.5	160.5	8.0	139.5	146.5	184.5	101.0	177.0	172.5	308.0	265.5	0.0	0.0	0.0	0.0	0.0	0.0	1.5	3.5	57.0	187.0	1.0	20.0	66.0	138.5
Thermoflexales	0.0	0.0	0.0	0.0	0.0	0.0	0.0	0.0	0.0	0.0	0.0	0.0	0.0	0.0	0.0	0.0	0.0	0.0	0.0	0.0	0.0	0.0	0.0	0.0	0.0	0.0	0.0	0.0	0.0	0.0	0.0	2.5	0.0	0.0	0.0	0.0	0.0	0.0	0.0	0.0	13.0	0.0	0.0	0.0	0.0	0.0	0.0	0.0	0.0	0.0	0.0	0.0	0.0	0.0	0.0
Chitinivibrionales	0.0	0.0	0.0	0.0	0.0	12.0	1.0	2.0	0.0	1.0	0.0	6.0	0.0	1.0	0.0	0.0	0.0	3.0	0.0	1.0	1.0	0.0	0.0	0.0	0.0	2.0	0.0	0.0	1.0	17.0	0.0	0.0	0.0	0.0	8.0	1.0	0.0	4.0	0.0	0.0	0.0	0.0	0.0	0.0	0.0	0.0	0.0	0.0	0.0	0.0	0.0	0.0	0.0	0.0	0.0
Kallotenuales	0.0	0.0	0.0	0.0	0.0	0.0	0.0	0.0	0.0	0.0	0.0	0.0	0.0	19.0	0.0	0.0	0.0	0.0	0.0	0.0	0.0	0.0	0.0	0.0	0.0	0.5	0.0	14.5	19.0	9.0	0.0	0.0	0.0	0.0	0.0	2.0	0.0	1.0	0.0	0.0	28.0	0.0	0.0	0.0	0.0	0.0	0.0	0.0	0.0	0.0	6.0	0.0	0.0	0.0	0.5
Rhodothalassiales	8.0	4.0	54.0	0.0	3.0	56.0	18.0	0.0	9.0	3.0	101.0	23.5	0.0	45.0	1.0	6.0	16.0	30.0	37.5	24.0	7.0	0.0	16.5	6.0	0.0	38.0	7.0	15.0	31.0	14.0	6.0	59.5	28.0	33.0	64.0	36.0	30.5	49.5	36.5	61.5	57.5	0.0	1.0	0.0	0.0	1.0	0.0	0.0	0.0	0.0	23.0	0.0	1.0	21.5	2.0
Oligoflexales	1.0	1.0	0.0	0.0	1.0	0.0	10.0	0.0	5.0	0.0	2.0	0.0	0.0	6.0	1.0	0.0	11.0	7.5	7.0	0.0	0.0	0.0	0.0	1.0	0.0	0.0	0.0	0.0	0.0	8.0	0.0	2.0	0.0	2.0	2.0	11.0	0.0	24.0	3.0	0.0	0.0	0.0	0.0	0.0	0.0	0.0	0.0	0.0	0.0	5.0	0.0	0.0	0.0	0.0	0.0
Arenicellales	0.0	0.0	0.0	0.0	0.0	0.5	0.0	0.0	0.0	0.0	0.0	0.0	0.0	0.0	0.0	0.0	0.0	0.0	0.0	0.0	0.0	0.0	0.0	0.0	0.0	0.0	0.0	0.0	0.0	0.0	0.5	0.0	0.0	0.0	0.0	0.0	0.0	6.0	3.0	0.0	4.0	0.0	0.0	0.0	0.0	0.0	0.0	0.0	0.0	0.0	0.0	0.0	0.0	0.0	0.0
Geodermatophilales	2245.0	3683.5	36543.5	651.0	2659.5	42089.0	11213.0	1931.5	34124.0	7517.0	31017.0	45419.5	201.0	7410.0	1505.0	4631.0	40480.5	7111.0	47575.5	17366.0	6374.5	98.0	19505.0	9471.0	107.5	36911.0	8959.5	7148.5	30528.0	12980.5	9379.5	18645.5	1325.5	35375.5	9545.5	19469.0	12754.0	23322.5	26511.0	44204.0	45458.0	70.5	76.0	68.0	40.5	84.0	82.5	85.0	105.0	12877.5	24982.0	83.0	21407.5	12331.0	59280.0
Acidothermales	172.0	176.5	729.0	35.5	125.0	1491.0	833.0	130.5	1758.5	157.5	1221.5	950.0	14.5	624.5	86.0	192.5	682.5	453.5	1481.0	519.5	346.0	5.5	862.5	442.0	4.0	796.5	350.5	236.5	1181.0	919.0	364.0	902.5	91.5	696.0	555.0	914.0	500.0	1315.0	981.0	2852.0	2282.0	2.0	3.0	1.0	4.0	9.5	8.0	3.0	4.0	395.5	985.0	7.0	667.5	600.0	3870.5
Nakamurellales	689.0	680.0	2747.0	115.5	253.5	2880.5	9878.5	247.0	3169.5	600.0	5383.5	3000.5	21.0	1625.5	177.5	488.5	1635.5	1026.0	13200.5	1580.5	890.5	11.5	1662.5	1331.5	11.5	2795.5	804.0	844.0	5979.5	2079.0	1095.5	2604.5	181.5	2564.0	1554.0	2216.0	2123.0	3619.5	3044.0	4746.5	5645.5	7.0	3.5	8.5	9.5	11.5	9.5	7.5	12.0	1795.5	3971.0	9.0	1900.0	1673.5	6838.5
Brachyspirales	35.0	85.0	374.0	20.0	64.0	919.0	137.5	12.0	432.0	78.0	859.5	430.5	1.0	406.0	25.0	31.5	201.5	369.0	343.5	213.5	89.0	2.0	224.0	120.5	1.0	355.5	239.5	93.0	409.0	197.0	96.5	660.5	40.0	403.0	578.0	496.5	304.5	688.5	630.5	1046.5	597.5	0.0	2.0	3.0	2.0	1.0	1.0	3.0	2.0	183.5	624.0	3.0	153.5	145.0	214.5
Brevinematales	2.0	0.0	22.5	1.0	2.0	33.0	4.0	0.0	30.5	5.0	17.0	8.0	0.0	21.0	1.5	0.0	6.0	42.0	21.0	14.0	1.0	0.0	16.0	7.5	0.0	7.0	13.0	5.0	0.0	0.0	8.0	26.5	9.0	17.5	22.5	18.5	11.0	50.0	13.0	10.0	33.0	0.0	0.0	0.0	0.0	1.0	0.0	0.0	0.0	6.0	44.5	1.0	9.0	16.0	24.0
Leptospirales	426.5	785.5	4620.0	164.5	578.5	6978.5	1609.5	111.5	3777.5	570.5	5179.0	2797.5	16.0	3112.5	206.5	216.0	1137.5	2993.5	3167.5	1730.0	1178.5	18.5	1994.0	1530.0	22.0	2349.5	831.0	1176.5	3960.0	2039.0	1990.0	5334.0	414.5	3171.0	3783.5	5242.5	2167.0	8571.5	3958.5	7783.5	5150.0	8.0	7.0	10.0	9.0	18.0	16.0	8.5	11.5	1083.0	3970.5	7.5	1684.5	1383.5	2663.0
Eggerthellales	96.0	233.5	1036.0	40.5	130.5	1896.5	965.0	281.5	859.0	151.5	1472.0	1806.5	4.0	1023.5	82.0	108.0	430.0	782.0	1113.5	417.5	262.0	5.0	481.0	469.5	4.5	833.0	231.5	219.0	743.5	497.5	650.5	4379.5	91.5	1032.5	1021.5	4261.5	633.0	1514.0	1069.0	2499.0	1576.0	2.5	4.0	1.5	0.0	3.0	5.5	3.0	3.0	404.0	1159.0	1.5	928.5	1099.5	1489.0
Kosmotogales	11.0	55.5	130.5	9.0	34.5	445.5	121.0	8.0	139.0	25.5	366.0	109.0	1.0	214.5	10.0	16.5	58.0	206.5	251.5	118.0	118.0	0.0	132.0	72.5	0.0	146.5	57.5	25.5	130.5	76.5	113.0	322.5	27.5	218.0	270.0	235.5	103.5	310.5	265.0	369.0	329.0	0.0	1.0	1.0	0.0	0.0	0.0	0.5	2.0	10.5	249.5	0.0	25.0	107.5	164.0
Petrotogales	12.0	70.0	230.5	7.5	24.5	480.5	118.5	1.5	121.0	50.5	570.5	132.0	1.0	244.5	7.0	17.5	66.0	285.0	207.5	74.5	76.0	3.0	111.5	116.5	1.0	185.0	20.5	78.0	206.5	60.5	92.0	440.0	7.5	225.5	295.5	387.0	148.0	417.5	232.0	595.0	393.5	0.0	0.0	1.0	1.0	2.0	1.0	0.0	1.0	26.0	420.5	1.5	42.0	74.0	235.0
Fimbriimonadales	117.0	154.5	903.0	49.0	169.0	2474.0	532.0	19.5	844.0	136.0	1698.5	464.5	4.0	691.5	64.0	78.0	370.5	1290.5	477.5	390.0	321.5	7.0	909.5	538.0	7.5	526.5	318.5	642.5	3686.5	265.0	425.5	1336.5	88.0	583.5	975.5	827.5	534.0	1575.0	968.5	2481.0	1956.0	2.0	1.0	2.0	2.0	3.0	8.5	4.0	4.0	553.0	950.5	2.0	343.5	486.0	518.0
Limnochordales	76.5	18.5	98.5	10.5	18.5	149.0	36.5	18.0	100.0	13.0	201.5	114.0	0.0	47.5	29.5	8.5	28.0	104.0	76.5	40.0	37.5	0.5	225.5	21.5	2.5	107.0	20.0	48.5	226.5	40.0	27.0	204.5	14.0	71.5	83.0	83.0	50.0	110.0	271.0	144.5	84.5	0.0	0.0	0.0	0.5	0.0	0.0	1.0	0.0	65.0	99.0	1.0	92.5	108.0	122.5
Acidiferrobacterales	111.0	213.0	1017.0	54.0	169.5	1769.5	481.5	52.5	1147.5	173.5	2550.0	647.0	4.5	876.5	61.0	82.5	384.5	876.0	1036.0	432.5	328.0	6.0	1055.0	330.5	7.0	1023.5	262.0	356.0	1034.5	373.0	439.5	1253.0	191.0	872.0	1114.5	1169.0	737.0	1489.5	1927.5	2581.5	2575.0	0.5	3.0	3.0	3.5	3.0	7.5	10.5	7.0	247.5	1481.5	2.5	401.0	316.5	979.0
Cellvibrionales	5315.5	6766.0	27475.0	1011.5	3347.0	53838.5	10898.0	635.0	26474.5	3788.0	80369.0	16828.5	161.5	24687.5	7060.0	2023.5	9747.5	34141.5	38954.0	25285.0	10370.0	195.0	18889.5	10577.5	133.5	24212.5	7393.0	9816.5	32199.5	7574.0	7056.5	34398.0	3374.5	24507.0	25613.0	26288.5	15109.0	38747.5	28761.0	54932.0	46361.0	57.5	76.0	88.5	105.5	116.0	88.0	134.0	110.5	5772.5	47594.5	86.0	10019.5	11353.0	18282.5
Tissierellales	2255.5	4500.0	12577.0	706.5	2101.0	30240.5	7440.5	1322.5	9882.5	4481.0	13887.0	53811.5	124.5	5427.5	2514.5	1205.0	9195.5	8064.0	13257.0	12943.0	9356.0	74.0	17073.0	7023.0	113.0	24823.0	4829.5	4537.5	13765.0	23445.0	4763.0	10882.5	728.5	15658.5	8403.5	34360.5	7248.5	17908.0	16611.0	58636.0	26617.5	50.0	72.0	42.5	60.5	79.0	79.5	90.5	79.5	7163.5	12666.0	77.5	29931.0	10004.0	40367.5
Egibacterales	20.5	27.0	192.5	4.0	14.5	219.5	120.5	20.0	205.0	14.0	201.0	150.0	0.0	117.0	21.0	11.5	71.0	105.0	372.0	90.5	54.0	1.5	129.5	84.0	1.0	100.5	82.0	108.5	217.0	34.0	170.0	167.5	9.0	173.5	207.5	102.5	71.5	250.5	139.0	2775.0	293.0	1.5	0.0	1.0	1.0	1.5	1.5	1.5	1.5	117.0	136.0	1.0	129.0	42.0	137.5
Blastocatellales	0.0	0.0	0.0	0.0	2.0	7.0	0.0	0.0	0.0	0.0	6.0	3.0	0.0	5.0	0.0	0.0	1.0	1.0	0.0	0.0	11.0	0.0	5.0	0.0	0.0	29.0	0.0	0.0	61.0	0.0	0.0	7.0	0.0	0.0	1.0	3.0	1.0	0.0	1.0	0.0	3.0	0.0	0.0	0.0	0.0	0.0	0.0	0.0	0.0	2.0	0.0	0.0	0.0	0.0	0.0
Egicoccales	93.0	99.5	738.5	48.0	59.0	487.5	211.0	28.5	414.5	63.5	571.5	573.5	3.5	259.5	52.5	73.0	374.5	227.0	637.0	517.5	346.5	5.0	256.5	306.0	7.0	502.5	128.5	1057.0	950.0	165.5	239.5	418.0	22.0	583.5	349.5	554.0	923.0	1308.5	687.0	1521.0	2097.5	3.0	1.0	3.0	1.0	2.0	3.0	3.5	4.0	190.5	1098.5	3.0	409.5	473.0	757.5
Mesoaciditogales	0.0	0.0	0.0	0.0	0.0	11.0	0.0	0.0	0.0	0.0	0.0	0.0	0.0	0.0	0.0	0.0	0.0	0.0	0.0	0.0	0.0	0.0	0.0	0.0	0.0	0.0	0.0	0.0	0.0	0.0	0.0	0.0	0.0	0.0	0.0	0.0	0.0	0.0	0.0	0.0	0.0	0.0	0.0	0.0	0.0	0.0	0.0	0.0	0.0	0.0	0.0	0.0	0.0	0.0	0.0
Tepidisphaerales	6.5	8.0	13.0	0.0	1.0	42.0	0.0	1.0	51.0	0.0	54.0	5.0	0.0	31.0	3.0	1.0	4.0	37.0	19.0	31.0	2.0	0.0	8.0	4.0	0.0	3.0	4.5	12.0	21.0	0.0	4.0	27.0	5.0	33.0	46.0	47.5	10.0	67.0	25.0	51.0	46.0	0.5	0.0	0.0	0.0	0.0	0.0	0.0	1.0	0.0	22.5	0.0	0.0	12.5	0.0
Nevskiales	866.5	1984.5	11834.0	452.0	2704.0	23259.0	6979.5	291.5	23950.5	2395.5	71781.5	14171.5	129.5	8909.5	707.0	969.0	4992.5	16157.5	6142.0	7542.0	5379.5	86.5	26750.5	4094.0	71.5	11689.0	3100.5	11239.5	15893.0	15289.5	6975.5	12813.0	1541.0	12064.0	19641.0	14963.5	15577.0	16869.0	48840.0	28941.0	65309.5	23.0	27.5	44.0	62.0	100.5	79.0	110.5	135.0	3445.5	9591.0	20.5	4495.5	2364.0	7080.5
Bradymonadales	28.5	52.0	330.5	8.0	54.0	433.0	114.0	13.5	282.5	47.5	531.5	170.0	0.0	291.0	23.0	15.0	50.5	351.5	330.0	118.0	104.0	1.0	161.5	129.5	1.0	160.5	42.0	66.0	445.5	132.5	478.5	450.0	4.5	192.5	317.0	323.0	176.5	570.0	412.0	538.0	466.5	0.0	1.0	2.0	2.0	1.0	0.0	0.0	0.0	61.5	327.0	2.0	88.5	147.5	165.0
Endomicrobiales	12.5	46.0	177.0	6.0	22.5	337.5	85.0	22.5	215.5	35.0	497.5	174.5	2.0	202.0	3.5	7.5	39.0	226.0	197.5	128.0	59.0	2.0	130.0	62.5	1.0	177.0	51.0	29.0	115.0	21.5	95.5	252.5	18.0	155.0	417.0	248.0	138.5	238.5	203.5	574.0	431.5	0.0	1.0	1.0	1.0	1.0	2.0	2.0	3.0	92.0	241.0	0.0	37.0	84.5	63.0
Candidatus Peribacterales	18.5	58.0	252.0	11.0	27.0	436.0	89.0	3.0	152.0	47.0	604.0	141.0	3.5	307.0	7.0	15.0	113.0	275.5	274.5	134.0	126.5	0.0	190.5	149.5	2.0	226.0	95.0	115.5	168.0	143.0	65.5	355.0	18.0	193.5	211.0	260.5	165.0	380.0	372.0	1016.0	725.0	1.0	0.0	0.0	1.0	3.0	1.0	1.5	2.0	40.0	321.0	0.0	52.0	120.0	100.5
Longimicrobiales	0.0	0.0	0.0	0.0	0.0	11.0	0.0	0.0	0.0	0.0	0.0	0.0	0.0	0.0	6.0	0.0	1.0	2.0	0.0	0.0	0.0	0.0	0.0	0.0	0.0	7.0	0.0	0.0	0.0	0.0	0.0	0.0	0.0	0.0	0.0	0.0	0.0	0.0	0.0	7.0	0.0	0.0	0.0	0.0	0.0	0.0	0.0	0.0	0.0	0.0	0.0	0.0	0.0	0.0	15.0
Chthoniobacterales	30.5	64.5	268.5	15.0	88.5	385.0	149.0	13.0	161.0	38.5	513.5	215.5	4.0	233.0	22.5	34.0	169.0	247.0	298.0	199.5	89.5	4.0	381.0	158.0	1.0	273.0	155.5	138.5	267.0	190.0	88.5	339.5	21.5	287.5	317.0	273.0	140.0	258.0	525.0	970.0	646.0	0.0	0.0	1.0	1.5	1.0	1.0	1.0	0.0	134.5	430.0	0.0	49.0	79.0	121.5
Acidaminococcales	42.0	141.0	726.0	28.5	70.0	882.5	449.0	352.0	517.0	227.0	903.0	2345.0	7.5	436.5	26.0	66.0	252.0	541.5	592.5	158.0	170.5	4.0	231.5	373.0	5.0	888.5	189.0	130.0	237.0	117.0	193.0	861.5	94.5	526.5	582.0	1343.0	270.5	723.5	815.0	971.5	1161.5	0.5	0.5	1.5	0.0	1.0	1.5	8.0	0.0	291.0	416.0	0.0	411.0	346.5	351.0
Veillonellales	739.0	10975.0	11313.5	295.0	756.5	27121.0	15798.5	1499.0	8286.5	1524.5	9674.5	10275.5	85.0	4051.0	747.0	790.0	9517.0	2970.5	14219.0	2203.5	2556.0	58.0	5897.0	20546.5	50.0	10035.5	2009.0	2832.0	13368.0	5274.0	2739.0	8049.0	356.0	4878.5	4985.0	32647.0	2866.0	12367.5	8591.5	33412.5	24326.0	17.5	29.0	33.5	28.5	48.0	53.0	60.5	55.0	3889.5	5029.0	28.5	7459.5	5260.0	20401.0
Balneolales	67.5	128.0	1206.5	37.0	260.5	1139.0	341.0	28.5	686.5	194.5	3540.0	515.5	6.0	1912.5	33.5	58.5	231.5	850.0	1818.0	570.5	243.0	8.5	1373.5	416.0	8.0	857.5	125.5	158.5	1035.5	297.0	345.0	1506.0	68.0	893.5	1167.5	956.5	560.0	1240.5	925.0	2098.5	1670.0	2.0	3.0	2.0	5.0	2.0	2.5	4.0	6.0	136.5	1406.0	3.0	242.5	264.5	549.0
Rhodothermales	197.5	238.0	1569.0	75.0	137.0	1652.5	698.5	50.5	985.5	218.0	1530.5	787.0	9.0	774.5	53.0	257.0	307.5	1031.0	1031.0	746.5	292.5	6.5	636.0	502.5	2.5	1360.5	254.5	303.0	1601.0	254.5	545.5	1174.0	103.0	917.0	765.5	1428.5	477.5	1348.5	1175.5	4194.0	2235.0	2.5	5.0	1.0	5.5	5.5	10.5	4.5	2.0	452.0	1068.0	6.5	1042.0	378.5	1817.5
Chitinophagales	1705.5	4569.0	23519.5	850.5	3135.5	40974.0	8843.5	589.0	17546.0	3533.5	44115.0	13109.5	109.0	21325.5	1005.0	1520.0	8599.5	23338.0	17110.5	12598.0	7580.5	124.5	15257.0	12209.5	109.0	19441.0	5225.5	6791.0	23203.5	8596.0	6529.0	31685.0	2272.5	17554.0	23781.5	24679.0	13150.0	34376.5	24959.0	56799.5	40248.0	24.0	43.5	85.5	69.5	103.0	86.5	118.0	125.5	2996.0	21520.0	40.0	5784.5	6914.0	10816.0
Chitinispirillales	0.0	0.0	0.0	0.0	0.0	0.0	0.0	0.0	0.0	0.0	0.0	2.0	0.0	10.0	0.0	0.0	0.0	0.0	0.0	0.0	1.5	0.0	0.0	0.0	0.0	0.0	0.0	0.0	0.0	0.0	1.0	0.0	0.0	0.0	0.0	0.0	0.0	1.0	0.0	0.0	0.0	0.0	0.0	0.0	0.0	0.0	0.0	0.0	0.0	0.0	0.0	0.0	0.0	0.0	0.0
Synechococcales	1286.5	2278.0	16312.5	626.5	1066.0	21673.0	6615.0	517.5	10633.5	2058.0	25563.5	8180.0	65.5	9972.0	728.0	928.0	4289.0	12300.0	10999.5	6624.0	5048.0	67.0	10169.5	4781.0	58.0	12871.0	3235.0	3705.5	13631.0	5616.0	3827.0	16007.0	1300.0	14471.0	11419.5	13194.5	9162.0	23087.5	13189.0	32747.0	59858.0	37.5	35.0	51.5	67.0	90.0	71.0	109.5	89.5	3538.5	19111.0	44.5	4472.0	6395.5	13398.5
Spirulinales	126.5	157.0	837.5	38.0	55.0	1900.0	424.0	32.0	1256.5	97.0	1218.5	678.0	8.0	506.0	52.5	74.5	384.0	550.5	933.5	623.0	416.5	3.0	551.0	318.0	2.0	656.5	242.5	254.0	856.0	488.5	265.5	1408.0	41.0	848.5	677.5	894.5	834.5	1510.0	1239.5	1619.5	2295.0	4.5	3.0	3.5	0.0	3.0	2.0	6.0	7.5	177.0	1720.5	9.0	362.0	852.5	725.0
Chroococcidiopsidales	1552.0	4104.5	14447.0	791.5	1258.0	25600.0	8153.0	1214.0	12097.0	2786.5	21807.0	8367.0	83.0	6754.0	1512.0	1524.5	5095.0	9570.5	15968.0	7422.0	5565.0	80.5	27006.0	5807.5	85.0	13918.0	6655.0	5842.0	18905.0	30504.5	4993.5	17794.0	1221.5	13234.0	8695.5	14770.5	19756.5	31802.5	12870.0	34778.5	820647.5	32.5	71.5	413.0	534.0	896.0	555.0	830.5	1011.5	4884.5	25616.0	66.5	8735.0	9762.5	21086.5
Holosporales	224.5	657.5	2762.0	112.0	4176.5	7001.0	1015.5	73.0	2025.0	409.5	4439.0	1675.5	13.0	2553.0	356.5	221.5	1298.0	2610.5	2101.5	1347.5	748.0	7.5	1568.0	1005.5	15.0	1934.0	547.0	815.0	3822.0	659.0	715.0	5019.5	584.0	2092.0	3298.0	2762.5	1657.5	3496.0	2573.5	6150.5	4527.5	1.0	5.0	13.0	9.0	12.0	6.0	8.0	8.0	292.0	2658.0	7.0	626.0	884.5	2379.0
Micropepsales	0.0	10.0	18.0	2.0	0.0	44.0	14.5	0.0	70.0	2.0	12.5	25.0	0.0	40.0	1.0	0.0	6.5	13.0	21.0	11.0	0.0	0.0	37.0	9.0	0.5	9.5	5.0	1.0	63.0	0.0	10.0	53.0	1.0	40.5	28.0	25.0	21.5	4.5	17.0	44.0	122.0	0.0	0.0	0.0	0.0	0.0	0.0	2.0	0.0	10.0	34.0	0.0	0.0	0.0	0.0
Kiritimatiellales	5.0	14.5	63.0	7.0	9.5	143.0	64.0	4.0	30.5	21.0	239.5	65.0	1.0	87.5	4.0	6.5	20.0	62.5	90.5	51.0	26.0	0.0	52.0	32.0	0.0	27.0	6.0	34.0	127.5	50.0	56.0	84.0	6.0	87.0	112.5	194.0	86.5	78.0	92.5	207.5	179.0	1.0	0.0	0.5	0.0	0.0	1.0	0.0	0.0	12.0	90.5	0.0	31.0	55.5	56.0
Immundisolibacterales	41.0	24.0	314.5	14.0	40.5	320.5	75.0	5.5	255.0	51.5	286.0	290.5	2.5	140.0	15.0	17.0	69.0	166.5	208.5	54.0	68.0	2.0	122.5	51.5	0.0	245.0	69.0	30.0	113.5	50.0	60.5	357.0	65.5	210.5	243.0	262.5	92.5	184.5	291.0	579.5	538.0	0.5	0.0	1.0	0.0	0.0	0.0	0.0	1.0	12.0	334.0	2.0	292.5	86.0	794.5
Saprospirales	167.5	335.5	2229.0	75.0	474.5	4021.5	838.5	65.0	1363.0	288.0	3914.5	964.0	7.0	2221.0	88.0	124.5	595.0	2024.0	2330.0	818.5	721.0	13.0	1172.5	734.5	7.0	1418.0	443.5	489.5	1415.0	785.0	536.0	2642.0	134.5	1883.0	2109.0	2078.5	1155.5	2550.5	1827.0	3819.5	2901.0	1.0	0.0	2.5	3.5	7.5	14.5	8.0	6.0	302.5	1873.5	1.0	329.5	519.0	904.0
Gloeomargaritales	392.5	651.5	3820.5	235.5	444.5	7130.5	1140.0	97.0	1885.0	785.5	7031.0	2487.5	25.0	1839.5	178.0	232.0	1114.0	2872.5	1676.0	4180.5	1715.5	19.0	1304.5	1696.0	24.5	3429.5	485.0	1329.5	3715.0	1109.5	1247.0	5659.0	235.0	3781.0	4222.0	5093.0	4277.5	8969.0	5722.0	9001.5	9199.0	13.0	6.5	14.0	19.5	17.5	20.5	33.0	25.5	664.0	7870.0	12.0	954.0	1611.0	1748.5
Calditrichales	12.0	27.5	56.0	6.5	24.0	171.5	41.0	4.0	66.5	22.0	142.5	61.0	1.0	117.0	4.0	12.0	48.0	92.5	127.0	60.5	174.5	0.0	53.5	66.5	0.0	91.5	20.0	36.0	68.5	21.5	379.0	134.0	12.0	109.0	98.0	79.5	79.5	177.0	72.0	161.0	255.5	0.0	0.0	0.0	1.0	0.0	0.0	0.0	0.0	18.5	100.0	1.0	12.0	60.0	24.0
Parachlamydiales	649.0	1257.0	6445.5	321.0	1012.5	10945.0	1880.0	171.5	4426.0	1115.5	13148.0	5175.0	35.5	4598.0	455.5	472.0	2286.0	5940.5	5079.0	4763.5	3338.5	31.0	4167.0	2995.0	35.5	5836.5	1617.0	3017.0	7379.5	2635.0	2797.0	8246.0	484.5	6540.0	5552.5	8277.5	5678.5	11871.5	7551.0	17234.0	13263.5	11.0	6.0	26.0	21.0	24.0	26.0	26.5	45.5	1156.5	5081.0	14.0	1854.0	1977.0	4216.5
Marinilabiliales	93.5	326.0	1717.0	64.0	410.0	3539.5	775.5	54.0	1599.5	304.0	2735.0	1011.0	9.0	1687.5	91.5	123.5	442.5	1926.5	2068.0	734.0	519.5	9.0	773.0	616.5	5.0	1564.0	321.0	420.0	2225.5	1223.5	430.0	2418.0	175.0	1588.0	2117.5	2015.5	1160.5	2455.0	1684.5	3136.0	2444.0	3.0	2.0	3.0	1.0	8.0	2.0	7.0	7.0	160.0	1779.0	4.0	427.0	657.0	545.5
Silvanigrellales	70.5	87.5	388.0	39.0	108.5	848.5	182.5	13.5	478.0	45.0	668.0	254.0	0.5	712.0	9.0	34.5	149.5	366.0	414.5	211.0	102.0	3.0	230.5	153.0	4.0	313.0	95.5	128.0	350.5	330.0	90.5	404.0	54.0	294.5	281.0	458.0	270.5	558.5	507.0	929.0	644.5	3.0	0.0	0.0	1.0	2.5	2.0	2.0	4.0	116.0	421.5	2.0	176.5	197.5	298.5
Bacteriovoracales	211.0	930.5	1883.0	77.5	281.5	4134.5	887.5	61.0	1783.5	234.0	3207.0	1225.5	12.5	1847.0	363.0	172.5	728.5	1959.0	2804.0	822.0	766.0	11.0	1080.0	729.0	12.0	1591.5	406.0	575.5	1803.5	572.0	672.0	2465.5	209.0	1576.0	1788.0	2001.0	1507.0	3051.5	1813.0	5016.0	3427.0	5.0	4.0	7.0	7.5	15.0	5.5	16.0	11.5	501.0	2962.5	4.5	721.0	723.5	1101.5
Candidatus Nanopelagicales	217.5	440.5	2278.0	112.5	255.0	3594.0	880.0	76.5	1431.0	391.0	4080.5	1484.0	15.5	2090.5	213.0	190.0	867.5	2425.0	1576.0	1180.0	934.5	12.0	1422.5	942.5	10.5	1839.5	707.0	756.5	2538.0	1175.0	626.0	3076.0	296.0	1604.0	2213.0	2706.5	1532.5	2900.0	2821.5	6177.0	3721.5	2.0	2.0	3.0	8.0	13.5	13.0	15.0	8.5	305.0	1946.0	6.0	474.0	667.5	1314.0
Iodidimonadales	0.0	0.0	0.0	0.0	0.0	7.5	6.0	0.0	17.0	1.0	19.0	0.0	0.0	2.0	5.0	0.0	0.0	0.0	20.0	6.0	0.0	0.0	0.0	0.0	0.0	0.0	0.0	0.0	20.0	0.0	7.5	2.0	0.0	7.0	2.0	3.0	1.0	9.0	4.0	1.5	29.0	0.0	0.0	0.0	0.0	0.0	0.0	0.0	0.0	0.0	8.0	0.0	0.0	0.0	0.5
Emcibacterales	40.0	117.0	529.5	15.5	57.0	599.0	444.0	34.5	340.5	75.5	592.5	952.5	1.5	256.5	92.5	20.0	134.0	328.0	543.5	498.0	140.5	1.0	458.5	138.5	1.5	333.5	125.0	157.0	493.0	209.5	164.5	389.0	12.0	334.0	393.0	443.5	220.5	822.5	548.0	1435.5	764.0	1.5	1.0	0.0	2.0	0.5	2.0	2.0	2.0	203.0	559.5	2.5	587.0	163.5	791.5
Candidatus Nanosynbacterales	19.0	46.5	281.0	12.0	13.5	431.5	118.5	14.5	350.0	39.5	383.0	253.0	0.0	146.5	15.5	7.5	101.5	123.5	478.0	102.5	67.0	1.0	150.5	136.5	2.0	338.5	56.0	14.0	266.0	35.0	50.5	146.0	12.5	200.0	269.0	199.0	125.5	216.5	177.5	496.5	473.0	1.0	0.0	1.0	0.0	1.0	0.0	0.0	1.0	61.0	179.0	0.0	63.5	39.5	200.0
Candidatus Saccharimonadales	26.0	61.5	372.5	19.0	30.0	487.0	207.0	20.5	543.0	32.5	408.5	485.0	1.0	253.0	27.5	23.0	195.0	173.0	827.0	146.5	132.5	1.0	183.0	122.5	2.5	562.5	71.0	127.5	307.5	107.0	95.0	257.0	14.0	491.5	203.0	319.5	131.5	333.0	365.5	657.5	865.0	2.0	0.0	2.5	2.0	2.0	3.0	1.0	2.0	109.0	374.5	1.0	121.0	120.5	380.5
Abditibacteriales	0.0	0.0	0.0	0.0	2.0	0.0	0.0	0.0	0.0	22.5	0.0	0.0	0.0	0.0	0.0	0.0	0.0	0.0	0.0	0.0	0.0	0.0	0.0	0.0	0.0	0.0	0.0	0.0	0.0	0.0	0.0	1.5	0.0	5.0	0.0	0.0	0.0	0.0	0.0	0.0	0.0	0.0	0.0	0.0	0.0	0.0	0.0	0.0	0.0	0.0	13.0	0.0	0.0	0.0	0.0
Coprothermobacterales	9.0	57.5	190.5	10.0	45.0	503.0	53.0	3.0	150.0	19.0	306.0	100.0	2.0	291.0	1.0	2.0	55.0	253.5	235.0	91.0	45.0	1.0	164.5	54.5	0.0	66.5	36.0	41.0	75.5	35.0	44.0	454.0	40.0	113.5	264.0	225.5	107.0	312.5	167.0	285.5	187.0	0.0	0.0	0.0	1.0	0.0	1.0	1.0	1.0	9.5	170.0	0.0	5.5	88.0	32.0
Vampirovibrionales	0.0	5.0	6.0	0.0	0.0	20.0	10.5	0.0	8.0	0.0	1.0	5.0	0.0	1.0	0.0	0.0	5.5	1.0	0.0	24.0	6.0	0.0	57.0	14.0	0.0	0.0	2.0	0.0	0.0	0.0	6.0	50.5	0.0	14.0	10.0	9.0	0.0	6.5	27.0	0.0	44.0	1.0	0.0	0.0	0.0	0.0	0.0	0.0	0.0	0.0	8.0	0.0	0.0	0.0	340.0
Candidatus Sumerlaeales	30.5	56.0	412.5	21.0	42.0	556.0	181.5	9.0	221.5	54.0	550.5	208.0	2.0	241.5	37.0	31.0	77.5	488.5	381.5	181.0	85.5	1.0	171.5	118.0	2.0	196.0	80.0	85.0	210.5	105.0	107.0	473.0	26.0	294.5	354.0	460.0	222.0	519.5	433.5	964.0	461.0	0.0	0.0	2.0	1.0	0.0	0.0	1.0	3.0	186.5	307.5	1.0	70.5	236.5	474.0
Sedimentisphaerales	52.0	117.5	602.0	27.0	80.5	1121.0	271.5	38.0	476.5	108.5	889.0	302.0	6.0	585.0	45.0	45.5	276.0	644.0	920.0	261.0	135.5	3.0	454.0	267.0	1.0	513.5	83.0	165.5	567.5	235.5	495.0	856.0	116.0	582.0	605.5	715.5	365.0	989.5	593.5	1487.0	922.5	2.0	0.5	1.0	0.0	2.5	2.0	4.0	6.0	71.0	676.0	6.5	152.0	186.5	1515.5
Cryptosporangiales	43.0	25.5	140.0	5.5	11.0	130.5	79.5	4.0	133.5	7.0	128.5	39.5	0.0	73.5	5.0	23.5	23.5	128.0	145.0	109.0	26.0	0.0	65.5	38.5	0.0	94.0	30.5	17.0	225.0	63.0	30.0	144.0	2.0	76.0	68.0	93.5	47.0	202.5	92.0	155.0	94.0	1.0	0.0	1.0	0.0	1.0	0.0	0.0	0.0	48.0	140.0	0.0	47.5	25.0	169.0
Sporichthyales	56.0	38.5	311.5	5.0	24.5	424.5	194.5	31.0	600.5	31.5	382.0	277.5	3.0	223.0	35.5	40.5	177.0	125.0	476.5	260.5	70.5	2.5	219.5	105.0	1.0	305.5	87.5	76.5	380.0	232.0	90.5	229.0	24.0	249.0	98.0	226.0	99.0	232.5	291.0	515.5	461.0	0.5	0.5	0.0	0.0	0.5	1.0	0.0	1.0	203.0	406.5	1.5	207.5	121.0	758.0
Candidatus Babeliales	135.5	233.5	14174.5	66.0	270.5	1721.0	311.5	25.0	841.5	265.0	2153.5	650.5	12.0	1203.0	97.5	83.0	441.5	1315.5	767.0	1067.5	559.5	13.0	891.5	604.0	8.0	1542.5	356.5	417.5	1604.5	491.0	395.0	1813.0	137.0	863.5	1207.5	1464.0	764.0	1766.0	1505.0	3997.0	2462.0	1.0	4.0	5.0	3.0	3.0	5.0	7.0	7.0	212.5	862.0	1.0	214.5	291.5	508.5
Thermoanaerobaculales	0.0	0.0	0.0	0.0	0.0	0.0	0.0	0.0	0.0	0.0	0.0	0.0	0.0	0.0	0.0	0.0	0.0	0.0	0.0	0.0	0.0	0.0	0.0	0.0	0.0	0.0	0.0	0.0	0.0	0.0	0.0	0.0	0.0	0.0	0.0	0.0	0.0	0.0	0.0	0.0	0.0	0.0	0.0	0.0	0.0	0.0	0.0	0.0	0.0	0.0	12.0	0.0	0.0	0.0	0.0
Thermotomaculales	0.0	2.0	20.0	0.0	1.0	0.0	0.0	0.0	0.0	0.0	5.0	0.0	0.0	0.0	0.0	0.0	0.0	0.0	0.0	0.0	0.0	0.0	0.0	0.0	0.0	0.0	0.0	0.0	0.0	0.0	0.0	0.0	0.0	0.0	0.0	1.0	0.0	0.0	0.0	0.0	0.0	0.0	0.0	0.0	0.0	0.0	0.0	0.0	0.0	0.0	0.0	0.0	0.0	0.0	0.0
Pirellulales	506.0	1240.0	7212.5	246.0	667.0	11973.5	3046.5	224.0	3832.5	1078.5	9927.5	3735.5	31.5	6367.0	382.5	395.5	1996.5	6603.5	5409.0	2769.5	2004.5	32.5	4470.0	2616.0	31.5	6440.0	1254.0	1686.0	6379.5	2099.5	4207.0	10062.5	852.0	5465.5	6807.5	7657.0	4791.5	8337.0	7072.0	15351.5	9247.0	11.5	10.0	13.0	15.0	30.5	27.0	35.5	28.5	869.5	5821.0	10.5	1413.0	2076.0	4484.0
Gemmatales	3025.5	8033.5	49335.0	1694.0	4088.0	70075.5	13746.5	935.5	26476.5	6684.5	76081.0	23181.0	224.5	39745.0	1684.5	2705.5	11296.5	39104.0	15508.0	17352.0	13216.0	185.5	17836.0	17096.0	220.0	33910.0	8437.5	10556.5	41471.0	13243.5	15073.0	65636.5	5605.0	29274.5	46287.5	46350.5	27281.5	53367.5	53677.5	105137.5	56019.0	44.5	42.0	95.5	110.0	152.5	134.0	175.5	142.0	4805.5	27778.0	71.0	6831.0	9609.5	14181.5
Isosphaerales	413.5	1317.5	9005.5	183.5	881.5	10522.5	3465.0	194.0	3248.5	955.0	10371.5	3374.5	42.0	4655.5	402.5	445.5	2206.0	5785.0	2763.5	2849.0	1898.5	35.0	3154.0	2421.0	20.5	9984.0	1583.5	3379.5	5648.5	1945.5	3643.0	7505.0	717.5	9567.5	7418.5	6316.0	4120.5	8633.0	6471.0	13955.5	9973.0	5.5	13.5	21.5	8.5	32.5	22.0	27.5	30.0	938.0	5153.0	16.0	2773.0	1585.5	6422.5
Terrimicrobiales	0.0	6.0	0.0	0.0	0.0	5.0	0.0	0.0	0.0	0.0	19.0	0.0	0.0	0.0	0.0	0.0	0.0	0.0	0.0	0.0	0.0	0.0	0.0	0.0	0.0	0.0	0.0	6.0	0.0	0.0	0.0	0.0	0.0	0.0	1.0	0.0	4.0	0.0	1.0	27.0	0.0	0.0	0.0	0.0	0.0	0.0	0.0	0.0	0.0	0.0	6.0	0.0	0.0	0.0	0.0
Trueperales	150.5	235.0	1881.0	106.0	285.0	3493.0	1199.0	54.5	1464.0	202.0	6971.5	2295.5	5.0	1015.0	102.5	6895.0	1529.0	1437.0	1337.5	982.0	473.5	11.5	1398.0	527.5	9.0	1791.5	474.0	972.5	2034.5	2685.5	3271.0	1692.0	228.5	3472.0	832.0	1531.0	964.5	1907.0	2091.0	4908.5	3483.0	7.0	3.5	3.0	5.5	11.0	8.5	7.0	7.0	3011.5	2762.0	3.5	1395.5	1236.5	1312.0
Thermosediminibacterales	37.0	128.5	294.5	15.0	63.0	654.5	210.5	39.0	270.0	46.5	577.5	366.0	1.0	357.5	38.0	28.0	156.5	357.5	484.0	206.5	127.5	2.0	234.5	143.0	2.0	334.5	93.0	60.0	309.0	138.0	198.5	613.0	62.5	298.0	416.5	614.0	182.5	462.5	407.5	566.0	556.0	0.0	1.0	2.0	0.0	3.0	0.0	4.5	0.0	58.0	259.5	0.0	68.0	116.5	377.0
Mycoplasmoidales	232.0	726.5	3582.5	130.5	538.5	6284.0	1541.5	89.5	3006.5	501.0	6143.5	2371.0	17.5	2740.5	148.5	139.0	1090.0	2835.5	2490.5	1918.0	1081.0	16.5	1587.0	1073.5	18.0	2731.0	585.5	838.0	2433.0	1296.0	1081.5	11572.0	331.5	5061.0	3707.5	4211.0	2270.0	4852.0	3210.0	6981.5	5444.0	7.0	3.5	7.5	6.0	9.0	10.0	17.5	15.5	670.0	4067.0	5.5	891.5	1290.5	2637.0
Motilibacterales	0.0	0.0	1.0	0.0	1.0	0.0	6.0	0.0	11.0	0.0	14.0	24.0	0.0	0.0	0.0	0.0	6.0	4.0	0.0	9.0	0.0	0.0	4.0	0.0	0.0	14.0	0.0	12.0	0.0	0.0	0.0	19.0	0.0	0.0	0.0	1.0	1.0	31.0	15.0	204.0	203.5	0.0	0.0	0.0	0.0	1.0	0.0	1.0	0.0	0.0	3.5	0.0	2.0	0.0	0.0
Maricaulales	68.5	263.0	1003.0	38.5	87.0	1527.5	626.5	30.5	739.5	134.5	1490.0	592.5	11.0	890.0	120.0	222.0	417.5	866.5	1173.0	717.5	276.5	9.0	500.5	363.5	2.5	750.0	248.0	322.5	1081.0	269.5	269.0	3918.5	155.5	1093.0	974.0	1107.0	655.0	1868.5	963.0	2335.0	1521.5	2.5	2.0	1.0	2.0	3.5	3.5	8.0	1.0	226.5	1283.0	4.0	699.0	316.0	8216.0
Hyphomonadales	265.5	1308.5	3728.0	129.0	1081.0	9028.5	2227.5	129.5	2524.0	604.0	10749.5	1752.0	16.5	3337.0	225.0	195.5	1168.0	3828.0	2952.0	1987.0	1253.5	21.0	1768.5	1757.0	17.5	3245.5	925.5	1401.5	2955.5	1400.0	1575.0	5026.0	420.5	3378.5	4925.0	3785.0	1702.5	5584.0	4341.5	12197.5	6723.5	9.5	7.0	14.5	13.5	20.0	18.0	25.0	17.5	681.0	3332.0	7.5	1310.5	1303.5	2101.5
Jatrophihabitantales	50.5	38.5	219.5	0.0	18.5	232.0	113.5	20.5	878.5	35.0	304.0	193.0	3.0	191.5	21.5	63.5	193.5	78.0	388.0	162.5	72.0	1.5	210.5	122.0	1.5	842.5	55.5	192.5	301.5	195.0	159.0	146.0	6.0	275.5	70.0	277.0	207.0	305.0	297.5	615.5	754.0	2.0	1.5	1.0	2.0	1.0	1.0	0.0	1.0	154.0	219.0	1.5	345.0	135.0	624.0
Aggregatilineales	0.0	0.0	0.0	0.0	0.0	0.0	0.0	0.0	0.0	0.0	0.0	0.0	0.0	0.0	0.0	0.0	0.0	1.0	0.0	0.0	0.0	0.0	0.0	0.0	0.0	0.0	0.0	0.0	0.0	0.0	0.0	0.0	0.0	0.0	0.0	0.0	0.0	0.0	0.0	0.0	0.0	0.0	0.0	0.0	0.0	0.0	0.0	0.0	0.0	0.0	0.0	0.0	0.0	0.0	0.0
Thermodesulfovibrionales	15.0	24.5	179.5	6.0	30.0	368.0	112.0	4.0	113.5	33.5	305.5	89.0	1.0	170.5	20.0	16.0	40.0	185.5	235.5	85.5	138.0	1.0	110.5	61.0	0.0	123.0	25.0	39.5	170.5	34.0	30.0	240.0	19.0	143.5	192.5	195.0	99.5	260.0	166.5	372.5	166.5	0.0	0.0	0.0	1.0	0.0	2.0	1.0	0.0	39.5	257.5	0.0	37.5	58.0	71.5
Deferrisomatales	0.0	0.0	0.0	0.0	0.0	1.0	0.0	0.0	0.0	0.0	0.0	0.0	0.0	0.0	0.0	0.0	0.0	0.0	0.0	0.0	0.0	0.0	0.0	0.0	0.0	0.0	0.0	0.0	0.0	0.0	0.0	2.0	0.0	0.0	0.0	0.0	0.0	0.0	9.0	0.0	0.0	0.0	0.0	0.0	0.0	0.0	0.0	0.0	0.0	0.0	0.0	0.0	0.0	0.0	1.0
Syntrophorhabdales	13.0	20.0	133.5	2.0	48.5	175.0	37.0	0.0	63.5	12.0	169.5	34.5	1.0	121.5	3.0	4.0	27.5	105.5	114.5	32.5	91.5	1.0	39.0	33.5	0.0	101.0	22.0	13.0	64.0	45.0	13.5	84.5	15.0	90.0	86.5	97.0	59.5	186.0	98.5	194.5	154.5	0.0	1.0	0.0	0.0	0.0	0.0	0.0	0.0	21.0	82.5	0.0	17.0	37.0	51.0
Pseudanabaenales	187.5	242.5	2368.5	72.0	183.0	2211.0	549.0	69.5	1117.0	184.0	4786.5	735.5	11.0	1312.0	80.0	55.0	525.5	1381.5	1363.5	806.0	504.0	10.5	1932.5	569.5	4.0	1508.0	349.5	379.5	2299.0	1140.5	462.0	1734.5	127.5	2337.0	1102.0	1329.0	1127.0	1676.0	1531.5	4912.0	4110.5	0.0	1.5	7.0	3.0	12.5	5.5	5.0	12.5	548.5	1916.5	4.0	1137.0	675.5	2118.0
Thermostichales	12.5	13.0	293.0	0.0	3.0	89.5	78.0	1.0	19.0	6.0	110.0	67.5	0.0	27.5	0.0	4.0	43.0	19.5	76.0	8.0	41.0	0.5	159.5	67.5	0.0	75.0	11.0	21.0	73.0	1.0	15.5	18.5	5.0	64.5	20.0	64.0	38.5	81.0	41.0	30.0	2598.5	0.0	0.0	0.0	2.5	6.5	2.5	4.5	3.0	33.5	34.5	0.0	10.0	13.0	67.5
Moraxellales	21849.5	39853.0	278529.5	7464.5	18883.5	346556.0	193140.5	9471.0	336079.0	22749.5	286624.0	513532.0	1689.0	99631.0	58436.0	72451.5	79090.5	90823.0	291241.5	101156.0	56002.0	1007.5	162845.0	94277.5	906.5	203374.5	62899.5	209545.5	234970.5	85006.5	52564.5	146545.5	10488.0	174188.0	113120.5	304821.0	98665.0	332764.0	296232.5	318608.5	381404.0	477.0	566.0	438.5	506.5	675.0	629.0	812.0	771.0	88511.5	259507.5	720.5	147825.0	99584.5	527965.0
Kangiellales	51.5	105.5	808.0	17.5	121.0	877.0	384.5	14.0	486.5	116.0	1153.0	657.0	1.0	401.5	263.0	54.0	341.0	519.0	1411.0	387.0	503.0	7.0	359.0	201.5	2.0	482.0	200.5	224.5	587.5	186.0	183.5	713.0	89.0	553.0	457.5	531.0	325.0	963.0	586.0	941.5	1088.0	0.0	3.0	0.0	1.0	2.0	2.0	1.0	1.0	184.0	587.5	2.0	187.5	171.5	468.5
Vicinamibacterales	53.0	242.5	1365.5	27.5	92.5	1336.5	731.0	43.0	763.0	94.0	888.0	784.5	3.0	353.5	23.0	47.0	398.0	351.0	1010.5	393.0	292.0	6.0	868.0	202.5	7.0	567.5	135.0	212.5	726.0	251.0	484.5	655.0	83.5	595.5	555.0	590.5	504.0	1905.5	770.0	1025.0	1166.5	1.0	3.0	0.0	1.0	1.0	2.0	1.0	7.0	439.0	626.0	6.0	511.0	238.5	904.5
Syntrophales	32.0	106.0	470.5	19.5	140.0	1037.5	228.5	15.0	415.0	91.5	1184.5	292.0	2.5	501.5	38.5	49.0	174.5	555.5	533.0	276.5	192.0	0.5	216.0	161.5	2.0	359.0	150.0	120.0	448.5	129.5	173.0	858.5	61.0	466.5	526.5	660.0	315.5	691.0	601.0	1067.5	950.5	0.0	1.0	1.0	4.0	4.0	2.0	2.0	2.5	70.0	495.5	4.0	122.5	128.5	458.0
Candidatus Troglogloeales	0.0	0.0	0.0	0.0	0.0	0.0	0.0	0.0	0.0	0.0	0.0	0.0	0.0	6.0	0.0	0.0	0.0	0.0	0.0	0.0	0.0	0.0	0.0	1.0	0.0	0.0	0.0	0.0	0.0	0.0	0.0	0.0	0.0	0.0	0.0	0.0	0.0	0.0	1.0	0.0	16.0	0.0	0.0	1.0	0.0	0.0	0.0	0.0	0.0	0.0	0.0	0.0	0.0	0.0	0.0
Desulfuribacillales	0.0	0.0	1.0	0.0	0.0	1.0	2.0	0.0	0.0	0.0	0.0	2.0	0.0	4.0	0.0	0.0	1.0	0.0	0.0	0.0	0.0	0.0	0.0	1.0	0.0	0.0	0.0	0.0	0.0	0.0	0.0	0.0	0.0	0.0	0.0	0.0	0.0	0.0	0.0	10.0	0.0	0.0	0.0	0.0	0.0	1.0	0.0	0.0	0.0	0.0	0.0	0.0	0.0	0.0	0.0
Candidatus Izemoplasmatales	7.5	34.5	64.5	1.0	9.0	147.5	46.5	0.0	13.5	28.5	90.5	56.0	1.5	84.0	0.5	10.0	17.5	45.0	122.5	41.0	16.0	0.5	43.0	14.5	0.0	129.5	5.0	23.5	27.0	35.0	39.0	81.5	6.0	178.5	76.0	70.5	39.5	101.5	33.5	246.0	82.0	0.0	0.0	0.0	0.0	0.0	0.0	0.0	0.0	0.5	72.0	0.0	22.5	22.0	6.0
Candidatus Palauibacterales	0.0	0.0	0.0	0.0	0.0	2.0	1.0	0.0	0.0	0.0	0.0	0.0	0.0	0.0	0.0	0.0	0.0	0.0	0.0	0.0	0.0	0.0	0.0	0.0	0.0	0.0	0.0	0.0	0.0	0.0	0.0	0.0	0.0	0.0	0.0	2.0	0.0	0.0	0.0	0.0	9.0	0.0	0.0	0.0	0.0	0.0	0.0	0.0	0.0	0.0	0.0	0.0	0.0	0.0	0.0
Anaerosomatales	0.0	0.0	0.0	0.0	0.0	0.0	0.0	0.0	0.0	0.0	0.0	0.0	0.0	0.0	0.0	0.0	0.0	0.0	0.0	0.0	0.0	0.0	0.0	4.5	0.0	0.0	0.0	0.0	0.0	0.0	0.0	0.0	0.0	0.0	0.0	0.0	0.0	0.0	0.0	0.0	0.0	0.0	0.0	0.0	0.0	0.0	0.0	0.0	0.0	0.0	0.0	0.0	0.0	0.0	0.0
Thermodesulfobiales	13.0	21.5	228.0	4.0	11.0	244.5	117.0	10.5	180.0	26.0	195.0	58.0	1.0	115.0	24.5	8.5	60.5	213.5	75.5	49.0	42.0	0.0	139.5	44.5	1.0	196.5	30.0	28.5	95.0	46.0	64.0	289.0	6.5	221.0	161.0	168.5	92.5	229.0	129.5	1011.0	199.0	0.0	0.0	0.0	0.0	2.0	1.0	1.0	1.0	32.0	142.5	0.0	37.0	86.5	80.0
Desulfobulbales	179.5	449.5	2129.5	69.5	530.5	3339.5	863.0	46.0	1531.5	239.5	3484.0	1097.0	13.0	1919.0	93.0	231.0	582.0	1905.5	1917.5	935.5	1009.0	9.0	954.0	697.0	8.0	1459.5	450.0	527.0	1595.5	745.5	557.0	2729.0	267.5	1433.5	2143.5	2063.5	1173.5	3070.5	1721.5	3650.0	3151.5	2.0	5.0	8.0	3.0	10.0	8.5	9.5	4.0	344.0	2020.5	3.0	356.5	605.0	1424.5
Desulfatiglandales	0.0	1.0	0.0	0.0	1.0	7.0	0.0	0.0	0.0	0.0	14.0	0.0	0.0	2.0	0.0	0.0	3.0	3.0	0.0	0.0	0.0	0.0	3.5	0.0	0.0	0.0	0.0	0.0	0.0	2.0	0.0	3.0	0.0	1.0	2.0	6.0	0.5	1.0	3.0	2.5	10.0	0.0	0.0	0.0	0.0	0.0	0.0	0.0	0.0	0.0	6.0	0.0	0.0	0.0	0.0
Dissulfuribacterales	0.0	0.0	0.0	0.0	0.0	1.0	0.0	0.0	0.0	0.0	0.0	0.0	0.0	0.0	0.0	0.0	0.0	0.0	0.0	0.0	0.0	0.0	0.0	0.0	0.0	0.0	0.0	0.0	0.0	0.0	0.0	0.0	0.0	0.0	0.0	0.0	0.0	0.0	0.0	0.0	0.0	0.0	0.0	0.0	0.0	0.0	0.0	0.0	0.0	0.0	0.0	0.0	0.0	0.0	0.0
Candidatus Desulfofervidales	16.5	26.0	131.0	5.0	23.5	254.5	60.0	3.0	78.5	28.0	329.5	79.5	0.0	144.5	4.5	19.5	73.5	134.5	105.5	44.5	48.0	1.0	91.0	73.5	0.0	118.5	68.0	84.5	67.0	5.5	94.0	192.5	53.0	141.0	126.0	171.5	99.5	223.0	151.5	299.5	122.5	0.0	0.0	0.0	0.0	0.0	0.0	0.0	1.0	15.0	187.0	1.0	66.5	56.0	125.5
Desulfobaccales	10.0	26.5	131.0	6.0	15.0	390.5	98.5	9.0	119.0	28.0	311.0	110.5	0.0	146.0	8.5	6.0	20.5	150.5	127.5	84.0	67.5	0.0	103.0	73.5	0.0	194.5	23.0	24.5	138.5	99.0	248.5	168.0	8.0	127.5	170.0	149.0	95.5	245.0	179.0	512.0	181.0	0.0	0.0	0.0	0.0	1.0	0.0	1.0	0.0	25.0	148.5	0.0	25.0	65.0	257.0
Desulfomonilales	23.5	39.5	132.0	3.5	48.5	385.5	95.0	1.0	143.5	16.0	261.5	72.0	2.0	196.0	4.0	6.5	50.5	169.0	175.5	64.5	83.0	0.0	147.5	56.0	0.0	63.0	24.0	31.5	115.5	65.0	68.0	277.0	17.0	163.5	255.0	233.0	117.5	413.0	195.0	359.0	346.5	0.0	0.0	0.0	0.0	0.0	0.0	0.0	0.0	14.0	180.0	1.0	44.5	51.0	270.5
Geobacterales	170.0	394.5	1730.0	89.0	438.5	3564.0	1140.5	74.5	1605.5	311.5	3551.0	1470.0	13.0	1938.5	102.5	149.5	718.0	2030.0	2120.0	1123.5	1393.5	10.0	1189.0	831.0	12.5	1506.0	545.0	511.5	1586.5	753.0	856.0	2616.5	195.0	2030.0	2175.0	2190.0	1122.0	2709.0	2402.5	4521.0	3809.5	2.0	5.0	9.0	9.0	10.0	6.0	11.5	11.0	542.0	2368.0	5.5	569.5	769.0	1505.5
Polyangiales	1121.0	2436.0	12571.0	899.0	8035.5	22428.5	5168.0	311.0	10195.5	2112.0	20466.5	7123.5	70.0	11383.0	1092.0	952.0	4534.0	11680.0	11852.0	6949.0	7465.0	59.5	7800.0	6180.0	79.5	14005.0	3462.0	4443.0	13302.5	4251.5	4028.5	17223.5	1280.5	12480.0	12074.0	13574.0	7770.0	21149.0	16862.0	33989.0	26289.5	22.0	23.0	38.5	55.5	62.5	54.0	81.0	70.5	3521.0	15477.0	23.5	3965.0	5300.5	9666.0
Nannocystales	58.5	148.0	757.0	25.0	100.0	1498.0	290.0	18.0	307.5	98.0	1185.0	472.5	6.0	785.5	38.0	243.5	287.0	710.5	892.5	369.0	899.0	2.5	390.0	208.5	3.0	851.5	136.5	231.5	642.5	181.0	570.0	993.5	126.5	678.5	827.5	766.5	435.5	1045.5	755.0	1466.0	1514.0	1.0	1.0	2.0	2.0	1.0	0.0	8.5	3.0	189.5	804.0	2.0	221.0	194.0	469.0
Haliangiales	85.0	217.5	1027.0	45.5	165.5	1657.0	584.0	52.5	735.5	127.5	1585.5	481.5	5.0	782.5	43.0	93.5	306.0	803.0	1231.5	864.5	3148.5	11.0	691.5	513.0	3.0	995.0	259.0	307.0	874.5	287.0	324.5	1190.0	97.0	798.5	931.0	1287.0	499.5	1489.0	1337.5	1998.5	1370.5	2.0	3.0	2.0	2.0	4.0	2.0	4.5	2.5	184.5	1130.5	4.5	178.5	404.5	1695.5
Neomoorellales	41.0	78.5	333.5	13.0	55.0	554.0	220.5	6.0	212.5	46.0	642.0	225.0	1.0	319.5	18.0	27.5	173.0	311.0	534.5	187.0	90.0	0.0	169.5	58.5	3.0	435.0	97.0	30.5	169.5	259.5	76.0	597.0	15.5	231.0	387.5	312.5	160.5	395.0	302.5	488.5	374.0	0.5	1.0	1.0	0.0	2.0	3.0	2.0	0.0	105.0	472.0	4.0	147.0	80.5	304.0
Candidatus Cloacimonadales	18.5	62.5	218.5	10.0	21.0	372.5	64.5	2.0	203.5	33.5	484.0	121.0	1.0	231.5	4.0	6.0	49.5	255.5	234.0	166.0	70.0	0.0	131.0	76.5	0.0	134.5	55.5	37.5	138.0	79.5	62.5	319.5	15.0	202.5	258.5	226.0	138.0	325.5	199.5	417.5	234.5	0.0	0.5	0.0	0.0	0.0	1.0	0.0	0.0	64.0	188.5	1.0	81.5	47.5	293.5
Nodosilineales	1113.0	1077.5	5556.0	343.5	708.0	16179.0	3477.5	778.0	8102.5	1032.0	9898.0	5199.0	45.5	3299.5	747.0	364.0	2768.0	3597.0	13647.0	4398.0	3162.0	32.5	4405.0	2742.0	42.5	9614.0	2010.5	2772.0	14134.5	1805.0	2510.5	6834.5	344.0	10856.0	3364.0	5672.5	3993.5	8516.5	12119.5	17562.0	21443.0	15.5	19.5	23.5	17.5	35.0	34.5	45.0	47.5	2694.0	11003.5	22.0	5489.0	5456.5	5403.0
Desertifilales	1.0	1.0	1.0	0.0	3.0	25.0	3.5	1.0	1351.5	5.0	1.0	1.0	0.5	14.0	2.0	2.0	10.0	5.0	6.0	1.0	1.0	0.0	23.0	12.0	0.0	25.0	1.0	7.0	0.5	1.0	1.0	12.0	0.0	9.5	2.5	5.0	2.0	1.0	6.5	56.0	147.5	0.0	0.0	0.0	0.0	0.0	0.0	0.0	0.0	0.0	0.0	0.0	29.0	0.0	12.0
Steroidobacterales	119.0	144.5	751.0	30.0	60.0	1016.0	432.0	33.5	736.0	121.0	1049.0	390.0	3.0	464.0	40.0	57.5	256.5	566.5	1850.5	799.5	206.5	3.5	496.0	527.0	3.5	593.5	205.0	545.5	972.5	631.5	205.0	953.5	58.5	620.0	648.0	560.0	425.5	2135.5	889.5	1722.0	1067.0	1.0	2.5	3.5	3.0	2.0	2.0	4.0	2.0	159.0	900.0	2.0	213.0	288.5	792.0
Caldicellulosiruptorales	26.0	63.5	209.5	13.0	42.0	675.5	204.0	20.5	215.0	52.5	542.5	207.5	3.0	403.0	19.5	15.0	147.0	296.0	336.0	85.0	32.0	1.0	139.5	126.0	2.0	374.5	78.0	88.0	233.5	99.0	1007.0	716.0	60.0	216.5	335.0	476.0	214.5	388.0	341.5	671.0	265.0	1.0	0.0	1.0	0.0	2.0	1.0	4.0	0.0	89.5	289.0	1.0	98.5	157.0	248.0
Candidatus Vecturitrichales	0.0	1.0	0.0	0.0	0.0	8.0	3.0	0.0	0.0	0.0	9.0	11.0	0.0	4.0	0.0	0.0	0.0	1.0	0.0	0.0	0.0	0.0	0.0	1.0	0.0	6.0	0.0	0.0	0.0	0.0	0.0	6.0	0.0	6.0	0.0	22.0	2.0	0.0	1.0	0.0	0.0	0.0	0.0	0.0	0.0	0.0	0.0	0.0	0.0	0.0	9.0	0.0	0.0	0.0	0.0
Candidatus Moduliflexales	0.0	0.0	0.0	0.0	0.0	0.0	0.0	0.0	0.0	0.0	1.0	0.0	0.0	0.0	0.0	0.0	0.0	0.0	0.0	0.0	0.0	0.0	0.0	0.0	0.0	0.0	0.0	0.0	0.0	0.0	0.0	0.0	0.0	0.0	0.0	6.5	0.0	0.0	0.0	0.0	0.0	0.0	0.0	0.0	0.0	0.0	0.0	0.0	0.0	0.0	1.0	0.0	0.0	0.0	0.0
Aegeococcales	0.0	0.0	0.0	0.0	0.0	0.0	0.0	0.0	0.0	0.0	0.0	0.0	0.0	0.0	0.0	0.0	0.0	0.0	0.0	5.0	0.0	0.0	0.0	0.0	0.0	0.0	0.0	0.0	0.0	0.0	0.0	0.0	0.0	0.0	0.0	0.0	0.0	0.0	0.0	0.0	0.0	0.0	0.0	0.0	0.0	0.0	0.0	0.0	0.0	0.0	6.0	0.0	0.0	0.0	0.0
Acaryochloridales	242.0	387.0	3604.5	118.0	263.5	3854.0	1579.5	113.0	1653.5	356.5	5074.0	2292.0	22.0	1490.0	152.5	128.5	923.0	2177.5	1816.0	1647.0	1405.5	13.5	2371.0	1048.0	13.5	2077.0	573.5	815.0	3154.0	1377.5	942.0	3223.0	204.0	3607.5	2120.5	2753.0	1857.5	4264.0	2388.5	6949.5	29466.0	4.5	10.0	18.0	16.5	48.5	37.5	34.0	53.5	987.0	3660.0	4.5	937.5	1612.0	3538.5
Prochlorotrichales	35.0	84.5	478.5	18.0	26.5	560.5	395.5	7.0	308.0	39.5	856.5	228.0	1.0	306.0	29.0	19.5	103.5	277.5	309.5	242.5	238.5	3.0	417.5	121.5	3.0	257.5	95.0	133.0	463.5	85.0	104.5	439.0	21.5	307.5	250.0	295.0	189.5	618.5	336.0	711.5	6514.0	0.0	1.5	6.0	6.5	11.0	9.0	8.0	6.5	199.5	344.5	3.5	213.5	110.0	285.0
Oculatellales	533.0	455.5	3710.0	123.0	281.0	4981.0	2138.5	255.5	2539.5	276.0	3921.0	1850.0	22.5	1238.0	419.5	137.0	1037.5	1419.5	3709.0	1241.5	3360.5	10.0	3116.5	1167.5	10.0	2841.0	886.5	838.5	6125.0	911.0	711.0	3091.5	144.0	3089.5	1224.5	1971.0	1002.0	4565.0	3931.5	5669.5	9878.5	8.0	5.0	9.5	8.0	18.5	8.0	14.0	17.0	1405.0	3539.5	8.0	1752.0	2506.0	2366.5
Leptolyngbyales	577.0	740.0	7267.0	229.0	340.0	6405.0	8355.5	374.0	6263.0	470.0	7060.0	3096.5	22.0	2368.5	311.0	205.5	1471.0	2708.5	5319.0	1751.0	2048.0	24.0	5083.0	1756.5	22.5	3309.0	1124.0	1086.5	4991.0	1548.0	1037.5	3390.5	225.5	5323.0	2261.0	2697.0	2023.5	6118.5	4639.0	13406.0	23765.0	9.0	16.5	19.0	21.5	37.0	23.0	42.0	49.0	1957.5	4934.5	22.5	2144.5	3566.0	3944.0
Geitlerinematales	98.5	173.5	1207.5	42.0	83.5	1606.0	958.0	88.5	749.5	84.5	1513.5	740.0	5.0	401.5	61.0	66.0	258.5	458.5	1306.0	398.5	343.5	1.0	779.5	429.0	2.0	798.0	545.0	439.0	1642.5	1043.5	261.0	799.5	53.5	980.5	336.5	743.5	562.0	1031.5	845.0	1962.0	5177.5	2.5	2.0	5.5	6.5	13.5	5.5	6.0	6.5	371.5	1187.0	2.0	431.0	658.0	761.5
Coleofasciculales	223.5	537.0	1984.0	68.0	229.0	3500.0	1628.5	125.5	2584.0	310.0	3009.5	2237.0	14.0	923.5	159.5	201.0	962.0	1294.5	1990.0	1218.0	848.0	18.0	1474.5	877.5	9.5	2802.5	857.0	839.5	2262.0	735.0	719.0	2105.5	152.0	3029.5	1116.0	1659.0	1393.0	2490.0	2354.0	5071.0	20931.0	2.5	10.0	11.5	22.5	28.0	18.5	29.0	30.5	712.5	2450.0	10.0	1776.0	1476.5	3458.0
Gomontiellales	318.5	750.5	4968.0	195.5	446.0	6029.5	1625.0	162.5	2881.0	626.0	6560.5	2157.5	24.5	2142.5	204.5	255.5	1410.0	3511.0	2418.0	2337.0	1483.0	26.0	2721.0	1665.5	12.5	3426.0	879.5	1469.5	3835.5	1507.5	1210.0	4319.5	479.0	3711.5	3448.0	4206.0	2830.5	6641.0	4171.5	12297.5	25323.0	4.0	12.5	27.0	22.5	30.0	28.0	43.5	38.0	979.5	4425.5	10.0	1387.0	1918.0	2408.0
Peptostreptococcales	1803.0	5882.5	36184.0	602.5	1031.5	24071.0	7719.0	1349.5	34020.5	2565.5	18820.0	62386.0	123.5	5294.0	1189.0	621.0	2815.0	17712.0	24094.0	6553.0	19251.5	93.5	16356.5	13711.5	98.5	87877.5	5245.0	5892.5	27700.5	11949.0	7700.5	41232.0	517.0	10559.0	4784.0	15299.0	5034.5	10394.0	7678.0	34681.5	15409.5	36.0	54.5	39.0	25.0	35.0	49.0	53.5	50.5	18839.0	16828.0	55.0	6213.5	30597.5	18981.5
Christensenellales	30.0	101.0	340.5	20.0	91.5	590.0	185.0	21.0	142.0	162.5	965.0	482.0	2.0	370.0	20.5	5.5	75.5	304.5	353.5	191.5	104.0	0.0	244.0	127.0	4.0	391.5	114.5	76.5	439.0	146.0	131.0	390.0	25.0	231.5	285.5	755.0	172.5	344.0	278.0	610.5	303.0	1.0	0.5	2.0	1.0	2.0	2.0	1.0	2.0	75.0	383.0	1.5	248.0	100.0	412.0
Thiohalomonadales	28.0	79.0	217.0	15.0	78.0	408.0	158.0	44.0	363.0	38.0	634.0	291.0	1.0	294.0	39.5	19.0	166.5	223.0	446.5	156.0	148.5	5.0	152.0	85.5	2.0	236.0	145.0	112.0	499.5	93.5	184.0	423.5	32.0	326.0	262.5	301.5	211.0	574.5	655.0	917.0	535.0	0.0	1.0	0.0	2.0	2.5	2.0	1.5	3.0	128.0	540.5	0.0	175.0	91.5	264.5
Candidatus Promineifilales	61.0	28.5	163.5	1.5	44.5	354.0	124.0	19.5	191.0	32.0	167.0	70.5	0.5	101.0	10.5	10.0	33.0	120.0	224.0	214.5	25.5	1.5	135.0	64.5	0.0	257.0	51.0	52.0	164.0	68.5	157.5	201.5	19.0	227.5	185.0	231.5	118.5	273.0	259.5	423.5	279.5	0.0	0.0	1.0	1.0	0.0	0.0	0.0	0.0	93.0	153.5	0.0	112.5	71.5	225.0
Thiohalobacterales	16.0	55.5	169.5	17.5	46.5	321.5	150.0	5.0	143.5	25.5	440.5	121.0	1.5	192.0	23.5	17.5	93.5	216.0	267.5	72.0	83.5	0.0	139.5	83.0	1.0	359.5	54.0	27.5	153.5	54.5	92.0	282.0	21.0	108.5	177.0	242.0	170.5	251.5	263.0	372.0	256.0	1.0	0.0	2.0	0.0	2.0	0.0	3.0	1.0	78.5	239.0	1.0	13.5	93.0	233.5
Thiohalorhabdales	1.0	2.0	0.0	0.0	0.0	3.0	5.0	0.0	0.0	0.0	1.0	4.0	0.0	1.0	0.0	0.0	0.0	0.0	3.0	0.0	0.0	0.0	1.0	0.0	0.0	0.0	2.0	0.0	0.0	0.0	0.0	4.0	0.0	2.0	5.0	1.0	0.0	2.0	2.0	1.0	0.0	0.0	0.0	0.0	0.0	0.0	0.0	0.0	0.0	0.0	2.0	0.0	0.0	0.0	0.0
Thiohalospirales	0.0	2.0	60.0	0.0	4.0	67.0	11.0	1.0	5.0	2.0	42.0	7.5	0.0	29.0	1.0	0.0	1.0	37.0	8.0	2.0	1.0	0.0	20.0	4.0	0.0	10.0	2.0	4.0	1.0	0.0	3.0	18.0	0.0	5.5	31.5	34.0	14.0	11.0	31.0	14.0	45.0	0.0	0.0	0.0	0.0	0.0	0.0	0.0	0.0	0.0	8.5	0.5	3.0	19.0	0.0
Lachnospirales	2142.0	3659.0	15782.0	731.0	2169.5	32173.0	16408.5	6830.0	22140.0	4784.5	27553.0	207198.5	206.0	7253.5	2023.5	1449.0	9623.5	10605.5	17591.0	6473.0	6065.5	86.5	15106.0	6360.0	59.5	20737.0	3697.5	4950.5	18832.5	6108.0	10800.5	34012.0	1123.0	9601.0	12269.5	257959.5	10930.5	16835.0	20054.0	42149.5	36697.5	72.0	49.5	52.5	55.0	81.0	74.0	151.0	75.0	6498.5	17055.5	81.0	35749.0	11822.5	21976.5
Monoglobales	12.5	52.5	208.0	13.0	5.0	247.0	106.0	48.0	123.5	35.5	320.0	890.5	2.0	70.0	4.5	4.0	42.5	114.0	274.0	61.0	121.0	0.0	57.5	30.5	1.0	135.5	105.0	20.5	170.5	191.0	168.0	825.0	4.0	134.5	74.5	1358.0	74.5	170.0	315.0	668.5	269.0	1.0	1.5	1.0	0.0	0.0	2.0	1.5	1.0	115.5	179.0	0.0	579.5	58.0	265.0
Dethiobacterales	0.0	0.0	0.0	1.0	2.0	9.5	0.0	0.0	15.0	0.0	14.5	3.5	0.0	7.0	0.0	0.0	0.0	3.5	13.0	0.0	2.5	0.0	4.0	2.0	0.0	11.0	5.0	0.0	9.0	0.0	1.0	6.0	0.0	0.0	13.0	10.5	10.0	0.0	10.0	17.0	16.0	0.0	0.0	0.0	0.0	0.0	0.0	0.0	0.0	1.0	0.0	0.0	2.0	0.0	0.0
Woeseiales	17.0	22.0	114.0	21.5	17.0	273.5	76.5	5.0	103.0	32.0	320.5	105.0	1.0	114.5	25.5	27.5	96.0	138.0	261.0	49.0	62.0	0.0	124.0	45.5	0.0	94.0	30.5	34.5	87.5	36.0	69.0	110.5	29.0	116.0	262.0	137.0	84.0	251.0	182.0	358.5	190.0	0.0	0.0	0.0	0.0	0.5	0.0	0.5	0.0	99.0	223.0	1.0	141.0	75.5	306.0
Desulfitisporales	0.0	0.0	0.0	0.0	0.5	0.0	0.0	0.0	0.0	0.0	0.0	0.0	0.0	1.0	0.5	0.0	8.0	0.0	0.0	1.0	0.0	0.0	0.0	0.0	0.0	0.5	0.0	0.0	0.0	0.0	0.0	2.0	0.0	0.0	2.0	0.0	0.0	0.0	0.0	4.0	1.0	0.0	0.0	0.0	0.0	0.0	0.0	0.0	0.0	0.0	0.0	0.0	0.0	0.0	0.0
Methylohalomonadales	0.0	0.0	0.0	0.0	0.0	0.0	0.0	0.0	0.0	0.0	0.0	0.0	0.0	0.0	0.0	0.0	0.0	0.0	0.0	0.0	0.0	0.0	0.0	0.0	0.0	0.0	0.0	0.0	0.0	0.0	0.0	0.0	0.0	0.0	1.0	0.0	0.0	0.0	0.0	0.0	0.0	0.0	0.0	0.0	0.0	0.0	0.0	0.0	0.0	0.0	0.0	0.0	0.0	0.0	0.0
Geminicoccales	74.0	139.0	865.0	32.5	73.0	998.0	589.0	50.0	498.0	65.5	1147.0	907.5	4.5	448.5	79.5	42.0	300.0	441.5	742.0	534.5	308.5	3.0	544.0	286.5	3.0	1025.0	223.0	201.5	996.5	141.5	258.0	620.0	110.5	834.0	460.5	732.5	369.5	858.0	712.0	2167.0	1778.5	1.0	2.0	1.0	6.5	1.0	2.0	1.0	3.5	211.0	679.0	1.0	457.5	210.5	3327.0
Candidatus Hydrogenedentales	0.0	0.0	15.0	0.0	0.0	1.0	0.0	0.0	0.0	0.0	8.0	0.0	0.0	2.0	0.0	0.0	0.0	0.0	0.0	0.0	0.0	0.0	6.0	0.0	0.0	18.0	1.0	0.0	0.0	0.0	3.0	4.0	0.0	0.0	0.0	1.0	0.0	0.0	0.0	0.0	12.0	0.0	0.0	0.0	0.0	0.0	0.0	0.0	0.0	0.0	0.0	0.0	0.0	0.0	0.0
Candidatus Puniceispirillales	19.5	68.5	436.5	22.5	40.0	629.0	182.0	6.0	280.0	66.0	502.0	295.5	0.0	481.0	17.5	20.5	161.0	351.5	504.0	177.5	88.0	2.0	153.5	164.5	2.0	225.0	125.0	160.0	329.5	108.5	142.0	570.5	49.0	340.0	393.0	458.0	264.0	632.5	310.5	791.0	634.0	4.0	1.0	0.5	1.0	2.0	0.0	1.0	0.0	56.0	376.0	0.0	72.0	160.0	146.5
Acetivibrionales	42.0	160.5	442.5	23.0	81.0	1048.5	875.5	28.5	437.5	114.0	766.5	1798.0	7.5	369.5	45.0	68.5	582.0	380.5	619.5	758.5	425.0	5.0	346.5	206.0	4.5	983.0	100.5	135.5	486.0	785.5	189.5	1237.5	67.0	329.5	498.0	1162.0	303.5	576.0	777.0	1136.5	1276.0	1.0	2.0	2.0	5.0	3.0	1.0	3.5	3.5	393.5	568.5	2.5	522.5	353.0	868.5
Acetobacterales	1488.0	3785.5	21051.0	767.5	1786.0	25947.5	8785.0	1305.0	11695.5	2380.5	27640.5	13199.5	101.5	14401.5	1423.5	3163.0	6917.5	12715.5	19222.0	10038.0	4920.5	95.0	8850.0	5686.5	80.5	15081.0	3963.5	4295.5	15764.0	5458.5	13030.5	19261.5	1962.5	15736.0	14013.0	18593.0	10976.0	20952.0	17876.0	29570.0	24594.5	24.5	48.0	41.5	50.5	60.5	56.0	52.0	48.5	3697.5	17592.0	38.0	9386.0	6368.0	19804.0
Caldicoprobacterales	0.0	0.0	18.0	0.0	1.0	7.0	0.0	0.0	0.0	0.0	5.0	3.0	0.0	1.0	0.0	0.0	0.0	0.0	2.5	0.0	0.0	0.0	0.0	3.5	0.0	0.0	0.0	0.0	0.0	0.0	0.0	6.0	4.0	9.0	4.0	0.0	0.0	1.0	3.0	1.0	0.0	0.0	0.0	0.0	0.0	0.0	0.0	0.0	0.0	0.0	0.0	0.0	0.0	0.0	0.0
Lutisporales	4.0	0.0	2.0	0.0	0.0	7.0	5.0	0.0	0.0	2.0	27.0	0.0	0.0	6.0	0.0	0.0	1.0	0.0	8.0	1.0	0.0	0.0	0.0	3.0	0.0	14.5	0.0	0.0	0.0	0.0	0.0	18.0	0.0	8.0	3.0	11.0	1.0	0.0	11.0	1.0	2.0	0.0	0.0	0.0	0.0	0.0	0.0	0.0	0.0	0.0	14.0	0.0	0.0	0.0	0.0
Mahellales	14.5	57.5	222.0	6.5	7.0	216.0	66.5	6.0	144.0	13.5	187.0	166.5	0.0	121.5	22.0	6.0	58.5	136.5	205.0	106.5	29.5	1.0	127.0	29.0	1.0	237.0	9.0	23.0	194.5	197.0	59.0	195.0	0.5	86.5	108.5	180.5	88.5	124.0	105.0	347.0	220.0	0.0	0.5	0.0	1.0	2.0	0.0	0.0	0.0	37.5	156.0	0.0	133.5	63.0	79.0
Neosynechococcales	0.0	0.0	0.0	0.0	0.0	0.0	0.0	0.0	0.0	0.0	0.0	0.0	0.0	0.0	0.0	0.0	0.0	0.0	0.0	0.0	0.0	0.0	0.0	0.0	0.0	0.0	0.0	0.0	0.0	0.0	0.0	0.0	0.0	0.0	0.0	0.0	0.0	1.0	0.0	0.0	0.0	0.0	0.0	0.0	0.0	0.0	0.0	0.0	0.0	0.0	0.0	0.0	0.0	0.0	0.0
Thermosulfidibacterales	3.0	6.5	69.0	2.0	5.5	41.5	18.0	0.5	15.0	3.0	49.0	29.0	0.0	23.0	22.5	0.0	35.5	27.5	65.5	19.0	30.0	0.0	30.0	14.5	1.0	75.0	0.0	22.5	65.5	13.0	38.0	66.5	7.0	22.5	28.5	39.5	9.0	43.0	29.0	51.0	101.0	0.0	0.5	0.0	0.0	0.0	1.0	0.0	0.0	13.0	45.0	0.0	33.0	20.0	51.5
Candidatus Bipolaricaulales	1.0	25.5	127.5	4.0	40.0	151.5	67.0	1.0	58.0	23.5	238.5	49.0	0.0	126.0	2.5	1.0	35.0	107.0	127.0	59.5	35.0	0.0	56.5	34.0	1.0	63.5	19.0	8.5	84.0	19.0	34.0	140.5	15.0	72.5	171.5	131.5	40.5	189.5	85.5	240.0	112.0	0.0	1.0	0.0	0.0	0.0	0.0	0.0	0.0	11.0	92.0	1.0	8.0	142.0	32.0
Natronospirales	0.0	0.0	0.0	0.0	0.0	0.0	0.0	0.0	0.0	0.0	0.0	0.0	0.0	0.0	0.0	0.0	0.0	0.0	0.0	0.0	0.0	0.0	0.0	0.0	0.0	0.0	0.0	0.0	0.0	0.0	0.0	3.0	0.0	0.0	0.0	0.0	1.0	0.0	0.0	0.0	0.0	0.0	0.0	0.0	0.0	0.0	0.0	0.0	0.0	0.0	0.0	0.0	0.0	0.0	0.0
Candidatus Methylomirabilales	28.5	45.0	214.0	13.5	295.5	566.0	115.5	4.0	287.0	36.0	449.5	223.5	2.0	284.5	25.0	21.5	141.5	223.5	218.0	172.0	94.5	0.0	160.0	85.0	2.0	157.5	50.0	54.5	125.5	60.5	101.5	344.0	18.0	202.5	249.5	274.0	185.5	471.0	300.5	559.5	506.5	0.0	1.5	1.0	0.0	0.0	1.0	1.0	1.0	167.5	391.5	0.0	94.5	177.5	195.5
Candidatus Entotheonellales	2.5	11.0	31.0	1.0	11.5	72.5	10.0	3.0	31.5	23.5	42.0	17.0	0.0	31.0	2.5	1.0	9.0	40.0	58.5	6.0	11.0	0.0	15.0	17.0	0.0	7.5	0.0	23.5	19.0	15.0	8.0	34.0	12.0	26.0	49.0	32.0	17.0	13.0	50.5	68.0	6.5	1.0	0.0	0.0	0.0	0.0	0.0	0.0	0.0	7.0	47.0	0.0	6.0	3.0	149.5
Candidatus Berkiellales	0.0	1.0	18.0	0.0	0.0	14.0	0.0	0.0	0.0	0.0	0.0	5.0	0.0	1.0	2.0	0.0	0.0	0.0	0.0	0.0	0.0	0.0	0.0	4.0	0.0	0.0	0.0	24.0	2.0	0.0	12.0	3.0	1.0	1.0	1.0	23.0	0.0	13.0	0.0	13.0	0.0	0.0	0.0	0.0	0.0	0.0	0.0	0.0	0.0	0.0	0.0	0.0	0.0	0.0	0.0
Aerosakkonematales	6.0	5.5	57.0	0.0	4.0	71.0	30.5	6.5	202.5	4.5	101.0	19.0	0.0	13.5	3.0	2.0	8.5	33.5	62.0	28.0	27.5	0.0	59.5	10.0	1.0	12.5	21.0	52.5	15.0	3.0	4.5	51.0	14.0	29.5	15.0	71.5	13.5	41.5	50.0	130.0	510.0	1.0	0.0	1.0	0.0	0.5	1.0	0.0	1.0	33.0	54.0	0.0	28.5	96.0	39.0
Candidatus Thermobaculales	18.5	42.0	173.0	10.5	48.0	447.5	165.0	8.5	135.0	47.0	657.0	185.0	0.0	259.0	7.0	13.0	58.0	247.0	403.5	132.0	139.5	2.0	141.5	74.5	1.0	326.5	56.0	57.5	241.5	55.5	86.0	281.5	18.0	177.5	195.0	222.5	132.5	312.5	247.0	461.5	363.5	0.0	0.0	1.0	0.0	1.5	2.0	1.5	1.0	45.5	323.0	1.0	70.5	128.0	398.0
Candidatus Johnevansiales	56.0	270.5	1127.5	59.5	257.5	2030.5	508.0	18.5	913.5	152.0	1898.5	623.0	5.5	1128.0	85.0	322.5	384.0	1007.0	1141.5	733.5	206.5	6.5	395.0	319.5	9.0	798.5	225.5	298.0	724.0	379.0	234.5	1481.0	129.5	762.5	1283.0	1321.0	675.0	1634.5	1007.0	1486.0	1140.0	0.5	2.5	3.0	2.0	2.5	2.0	3.0	2.0	87.5	1251.5	2.5	319.5	273.0	2197.5
Candidatus Tenderiales	26.5	58.5	161.5	15.0	40.5	311.5	194.0	9.0	231.5	52.5	468.5	103.5	1.0	147.0	27.5	11.0	142.5	188.0	352.5	49.5	61.5	1.0	237.0	101.0	1.0	124.0	28.5	43.0	220.0	93.5	82.0	230.5	25.0	230.5	208.0	222.0	109.0	271.0	274.0	637.5	651.0	0.0	0.0	2.0	3.0	0.0	0.0	1.0	1.0	39.5	232.5	0.0	63.0	34.0	236.0
Winmispirales	11.5	42.0	202.5	1.0	16.0	264.5	103.5	1.0	150.5	87.0	190.5	79.5	1.5	160.0	8.0	3.0	24.0	100.5	181.0	100.5	46.5	0.0	34.5	37.5	1.0	109.0	38.5	17.5	113.0	40.0	58.5	219.5	22.0	159.5	133.5	185.5	76.0	309.5	169.5	231.0	153.5	7.0	0.0	0.0	0.0	0.5	0.0	0.0	1.0	11.0	276.5	0.0	9.0	51.0	192.5
Pedosphaerales	70.0	224.5	783.0	26.0	122.0	1639.0	1030.5	17.5	661.5	140.5	2080.5	705.0	4.0	870.5	57.0	60.0	522.0	817.5	822.0	520.0	382.5	6.0	1296.5	637.5	4.0	1184.5	364.0	343.0	1114.5	355.5	958.0	1287.5	87.0	1018.5	855.0	1153.0	665.0	1241.0	1425.5	2449.5	1831.0	0.0	3.0	5.0	4.0	3.0	4.0	2.0	2.0	228.5	901.0	1.0	524.0	573.5	447.0
Allobogoriellales	582.0	455.5	1522.5	103.0	252.0	3909.5	5025.0	510.0	3290.5	369.0	2387.5	3726.5	14.0	1598.5	280.0	212.0	2225.5	840.0	4587.5	1335.0	1058.5	11.5	2340.0	1631.0	15.5	5075.5	876.0	1003.5	3518.0	1987.5	1196.0	1790.0	76.0	2074.5	1052.5	2017.0	1743.0	3035.0	2287.5	5736.5	4945.0	9.0	7.0	5.5	9.5	12.5	13.5	8.0	7.0	1624.0	4047.5	11.5	6290.0	1593.0	3553.5
